case_id,case_name,seed,split,triangle_index,canonical_triangle_id,component,centroid_x,centroid_y,centroid_z,normal_x,normal_y,normal_z,area_m2,freestream_vx,freestream_vy,freestream_vz,target_Fx,target_Fy,target_Fz,derived_Mx,derived_My,derived_Mz,raw_solver_Mx,raw_solver_My,raw_solver_Mz,interaction_count,zero_hit,altitude_km
b712773f15e0f684,20270301_h250_r0_p90_y80_TPMC_N400000_S101,101,sample,0,triangle_0000,sailWall,-0.110849999999536,0.3747817927565085,0.15808499622223252,-1.0,4.4203021826431497e-16,2.9349437635747857e-12,0.0013399226557343471,-8.080992028387935e-14,7484.538922892781,-1319.726150268671,2.459092224641298e-08,1.8552409780488254e-07,-3.01364825190702e-08,-4.143517034963371e-08,6.131044811030344e-10,-2.9723867586646998e-08,-4.143517034963371e-08,6.131044811030344e-10,-2.9723867586646998e-08,10,False,250.0
b712773f15e0f684,20270301_h250_r0_p90_y80_TPMC_N400000_S101,101,sample,1,triangle_0001,sailWall,-0.11085000000046401,-0.37478245565952406,-0.15808399041444307,-1.0,6.125951467589165e-16,2.9349431782473013e-12,0.0013399742522330177,-8.080992028387935e-14,7484.538922892781,-1319.726150268671,1.5090583833423287e-08,6.93849079431121e-08,-1.3344836246407824e-08,1.6151736480612943e-08,-3.902622947172583e-09,-2.079852980207332e-09,1.6151736480612943e-08,-3.902622947172583e-09,-2.079852980207332e-09,4,False,250.0
b712773f15e0f684,20270301_h250_r0_p90_y80_TPMC_N400000_S101,101,sample,2,triangle_0002,sailWall,-0.11085000000110007,0.1580849678752059,-0.37478182335853205,-1.0,3.947451820481174e-16,2.9352948235197874e-12,0.0013399250328367087,-8.080992028387935e-14,7484.538922892781,-1319.726150268671,3.212189807064244e-08,2.0576394710238075e-07,-2.5086826568070202e-08,7.399843149173986e-08,-1.4930159718058102e-08,-2.7701594295674223e-08,7.399843149173986e-08,-1.4930159718058102e-08,-2.7701594295674223e-08,10,False,250.0
b712773f15e0f684,20270301_h250_r0_p90_y80_TPMC_N400000_S101,101,sample,3,triangle_0003,sailWall,-0.11084999999889994,-0.1580839609017719,0.37478246643256313,-1.0,3.943707862721775e-16,2.9351857242652525e-12,0.0013399750942169647,-8.080992028387935e-14,7484.538922892781,-1319.726150268671,4.233342160628023e-08,2.2292649921079654e-07,-3.450629702243314e-08,-7.938918343363185e-08,1.2219860722902188e-08,-1.819724682911863e-08,-7.938918343363185e-08,1.2219860722902188e-08,-1.819724682911863e-08,11,False,250.0
b712773f15e0f684,20270301_h250_r0_p90_y80_TPMC_N400000_S101,101,sample,4,triangle_0004,sailWall,-0.1108499999994721,-0.43909784822237946,0.17985274488340974,-1.0,4.041465547217494e-16,2.935073697949663e-12,0.0011998180009249468,-8.080992028387935e-14,7484.538922892781,-1319.726150268671,1.3003620971842822e-08,8.845567455889816e-08,-1.941932460803731e-08,-7.717302278369544e-09,2.1567738804926614e-10,-4.079540271593545e-09,-7.717302278369544e-09,2.1567738804926614e-10,-4.079540271593545e-09,5,False,250.0
b712773f15e0f684,20270301_h250_r0_p90_y80_TPMC_N400000_S101,101,sample,5,triangle_0005,sailWall,-0.1108500000005279,0.4390978482223799,-0.17985274488275863,-1.0,1.8899190147509938e-16,2.9352352802779043e-12,0.0011998180009249499,-8.080992028387935e-14,7484.538922892781,-1319.726150268671,1.4468996462994367e-08,9.227448222207684e-08,-1.6698052807901843e-08,8.343339020292192e-09,-4.3544016324378045e-09,-1.6766707686673278e-08,8.343339020292192e-09,-4.3544016324378045e-09,-1.6766707686673278e-08,5,False,250.0
b712773f15e0f684,20270301_h250_r0_p90_y80_TPMC_N400000_S101,101,sample,6,triangle_0006,sailWall,-0.11084999999871115,0.17984463764584527,0.4391054793961507,-1.0,8.475037747233837e-16,2.9344942439189522e-12,0.001200417968571762,-8.080992028387935e-14,7484.538922892781,-1319.726150268671,4.327528462458171e-08,2.5001660054854877e-07,-4.094628331098346e-08,-1.1757195323817648e-07,1.4515938653956106e-08,-3.544982229502145e-08,-1.1757195323817648e-07,1.4515938653956106e-08,-3.544982229502145e-08,12,False,250.0
b712773f15e0f684,20270301_h250_r0_p90_y80_TPMC_N400000_S101,101,sample,7,triangle_0007,sailWall,-0.11085000000128886,-0.1798444413553866,-0.43910445271478277,-1.0,8.97011268357521e-16,2.9347332673227895e-12,0.0012004198361683747,-8.080992028387935e-14,7484.538922892781,-1319.726150268671,2.8314089485726018e-08,1.9034639695188997e-07,-2.8474557523384014e-08,8.908888168691654e-08,-1.5603091752590316e-08,-1.5966060436757665e-08,8.908888168691654e-08,-1.5603091752590316e-08,-1.5966060436757665e-08,9,False,250.0
b712773f15e0f684,20270301_h250_r0_p90_y80_TPMC_N400000_S101,101,sample,8,triangle_0008,sailWall,-0.11085000000095607,-0.23548673127018407,-0.32571845122289644,-1.0,7.560088559302688e-16,2.936510792695066e-12,0.0014615198923599246,-8.080992028387935e-14,7484.538922892781,-1319.726150268671,1.8923246250082103e-08,1.095969687240684e-07,-2.087731342643226e-08,4.081750883624292e-08,-8.47040455083281e-09,-7.654934002739093e-09,4.081750883624292e-08,-8.47040455083281e-09,-7.654934002739093e-09,6,False,250.0
b712773f15e0f684,20270301_h250_r0_p90_y80_TPMC_N400000_S101,101,sample,9,triangle_0009,sailWall,-0.11085000000069119,0.3257184512232228,-0.23548673126985809,-1.0,2.467156023199498e-16,2.9361972624085816e-12,0.0014615198923599252,-8.080992028387935e-14,7484.538922892781,-1319.726150268671,3.45517798516487e-08,2.0210878739567675e-07,-3.987074671412242e-08,3.303076657529597e-08,-1.2303157243402385e-08,-3.3882600170603094e-08,3.303076657529597e-08,-1.2303157243402385e-08,-3.3882600170603094e-08,10,False,250.0
b712773f15e0f684,20270301_h250_r0_p90_y80_TPMC_N400000_S101,101,sample,10,triangle_0010,sailWall,-0.11084999999930883,-0.3257184512232221,0.23548673127050904,-1.0,-5.422640271731776e-16,2.9346728609266565e-12,0.0014615198923599157,-8.080992028387935e-14,7484.538922892781,-1319.726150268671,3.189673642672595e-08,2.1060356332475789e-07,-3.020826548819036e-08,-3.8018050086562465e-08,3.895311672009409e-09,-1.2938831977985229e-08,-3.8018050086562465e-08,3.895311672009409e-09,-1.2938831977985229e-08,11,False,250.0
b712773f15e0f684,20270301_h250_r0_p90_y80_TPMC_N400000_S101,101,sample,11,triangle_0011,sailWall,-0.1108499999990439,0.2354670969916498,0.3257517734251791,-1.0,7.101403972753697e-17,2.93514250674e-12,0.0014594730978383687,-8.080992028387935e-14,7484.538922892781,-1319.726150268671,2.45562764815087e-08,1.8449948466364756e-07,-2.7872671372714665e-08,-6.578697789965234e-08,4.8411596340927715e-09,-2.6303467136099643e-08,-6.578697789965234e-08,4.8411596340927715e-09,-2.6303467136099643e-08,9,False,250.0
b712773f15e0f684,20270301_h250_r0_p90_y80_TPMC_N400000_S101,101,sample,12,triangle_0012,sailWall,-0.11084999999955471,-0.443251152863291,0.15171196864614953,-1.0,4.575240812863079e-16,2.9353238743532925e-12,0.0012207433988875305,-8.080992028387935e-14,7484.538922892781,-1319.726150268671,3.9499686352156736e-08,2.2824327870809378e-07,-3.967507119171258e-08,-1.8123086252415104e-08,1.7564979527336752e-09,-7.868388924725798e-09,-1.8123086252415104e-08,1.7564979527336752e-09,-7.868388924725798e-09,11,False,250.0
b712773f15e0f684,20270301_h250_r0_p90_y80_TPMC_N400000_S101,101,sample,13,triangle_0013,sailWall,-0.1108500000004453,0.4432511528632912,-0.15171196864549832,-0.9999999999999999,1.8912110943637767e-16,2.9352358858657823e-12,0.0012207433988875216,-8.080992028387935e-14,7484.538922892781,-1319.726150268671,2.7965747004909094e-08,1.682618364987903e-07,-2.485130357122615e-08,1.2927501799940183e-08,-6.733835567894811e-09,-3.1142364253540756e-08,1.2927501799940183e-08,-6.733835567894811e-09,-3.1142364253540756e-08,8,False,250.0
b712773f15e0f684,20270301_h250_r0_p90_y80_TPMC_N400000_S101,101,sample,14,triangle_0014,sailWall,-0.11084999999869898,0.15170115197800718,0.4432571045303697,-1.0,3.6065155563133117e-16,2.934597942412533e-12,0.0012208097335581385,-8.080992028387935e-14,7484.538922892781,-1319.726150268671,2.9432061706782557e-08,1.9445474441110773e-07,-3.3555400654291626e-08,-9.173407273898127e-08,9.379110589914302e-09,-2.6043813418951133e-08,-9.173407273898127e-08,9.379110589914302e-09,-2.6043813418951133e-08,10,False,250.0
b712773f15e0f684,20270301_h250_r0_p90_y80_TPMC_N400000_S101,101,sample,15,triangle_0015,sailWall,-0.11085000000130103,-0.15170115516726074,-0.44325710699447063,-1.0,5.891318269817551e-16,2.9347988449930213e-12,0.0012208095113296546,-8.080992028387935e-14,7484.538922892781,-1319.726150268671,2.073850335833068e-08,1.3617728155962255e-07,-2.8712937155101116e-08,6.426630341920271e-08,-1.2259684257163015e-08,-1.1797506560447796e-08,6.426630341920271e-08,-1.2259684257163015e-08,-1.1797506560447796e-08,7,False,250.0
b712773f15e0f684,20270301_h250_r0_p90_y80_TPMC_N400000_S101,101,sample,16,triangle_0016,sailWall,-0.1108499999988537,-0.13252608581555117,0.39053821344480827,-0.9999999999999999,-9.566805364410535e-16,2.9343445339405118e-12,0.0014201592717909524,-8.080992028387935e-14,7484.538922892781,-1319.726150268671,2.5417686685718443e-08,1.4147471223254403e-07,-2.3795080529063027e-08,-5.069645605446167e-08,7.089116870548986e-09,-1.217237218236323e-08,-5.069645605446167e-08,7.089116870548986e-09,-1.217237218236323e-08,8,False,250.0
b712773f15e0f684,20270301_h250_r0_p90_y80_TPMC_N400000_S101,101,sample,17,triangle_0017,sailWall,-0.110849999999611,0.3905376085279347,0.1325276701994287,-1.0,5.159000464234474e-16,2.934825135862074e-12,0.001420168129096633,-8.080992028387935e-14,7484.538922892781,-1319.726150268671,1.4769428243322488e-08,1.0126223098335529e-07,-1.7956307402641817e-08,-2.0860819622949146e-08,4.885918369621432e-11,-1.6990072089623535e-08,-2.0860819622949146e-08,4.885918369621432e-11,-1.6990072089623535e-08,5,False,250.0
b712773f15e0f684,20270301_h250_r0_p90_y80_TPMC_N400000_S101,101,sample,18,triangle_0018,sailWall,-0.11085000000038901,-0.39053819321879013,-0.1325261676302233,-1.0,6.438843609836777e-16,2.9348929242307967e-12,0.0014201564262740901,-8.080992028387935e-14,7484.538922892781,-1319.726150268671,2.3949396327868202e-08,1.1464239775988972e-07,-2.384740048145062e-08,2.435968342751835e-08,-5.7900616760508935e-09,-3.407939935591679e-09,2.435968342751835e-08,-5.7900616760508935e-09,-3.407939935591679e-09,6,False,250.0
b712773f15e0f684,20270301_h250_r0_p90_y80_TPMC_N400000_S101,101,sample,19,triangle_0019,sailWall,-0.11085000000114635,0.1325276371279517,-0.3905376442303495,-1.0,9.704271915379048e-16,2.9356533008390546e-12,0.0014201678782319097,-8.080992028387935e-14,7484.538922892781,-1319.726150268671,1.630243249347826e-08,9.337128047016783e-08,-1.290332396338049e-08,3.5201368754808136e-08,-7.888705524476824e-09,-1.2577312619981293e-08,3.5201368754808136e-08,-7.888705524476824e-09,-1.2577312619981293e-08,5,False,250.0
b712773f15e0f684,20270301_h250_r0_p90_y80_TPMC_N400000_S101,101,sample,20,triangle_0020,sailWall,-0.11085000000086827,-0.23545197045978986,-0.2958062114764212,-0.9999999999999999,5.389990090377728e-16,2.9338291166121274e-12,0.0012830919250533038,-8.080992028387935e-14,7484.538922892781,-1319.726150268671,1.1693266956047814e-08,6.61933260624384e-08,-1.988844733605745e-08,2.4698732683014945e-08,-5.7031714804634265e-09,-4.503441001495199e-09,2.4698732683014945e-08,-5.7031714804634265e-09,-4.503441001495199e-09,4,False,250.0
b712773f15e0f684,20270301_h250_r0_p90_y80_TPMC_N400000_S101,101,sample,21,triangle_0021,sailWall,-0.11084999999930893,-0.2958062114767468,0.23545197046011487,-1.0,6.348069388012527e-16,2.934577608561267e-12,0.0012830919250533105,-8.080992028387935e-14,7484.538922892781,-1319.726150268671,4.398838120959206e-08,3.2171554485920855e-07,-6.293397679331553e-08,-5.681032646612445e-08,3.2236161187554883e-09,-2.2693987339757965e-08,-5.681032646612445e-08,3.2236161187554883e-09,-2.2693987339757965e-08,16,False,250.0
b712773f15e0f684,20270301_h250_r0_p90_y80_TPMC_N400000_S101,101,sample,22,triangle_0022,sailWall,-0.1108500000006911,0.29580621147674746,-0.23545197045946398,-1.0,7.083350656593942e-17,2.9362114953530133e-12,0.0012830919250532934,-8.080992028387935e-14,7484.538922892781,-1319.726150268671,2.3578631956079903e-08,1.253792281756778e-07,-2.1284636959679437e-08,2.3141002517125376e-08,-7.83763840642499e-09,-2.0848890561961238e-08,2.3141002517125376e-08,-7.83763840642499e-09,-2.0848890561961238e-08,7,False,250.0
b712773f15e0f684,20270301_h250_r0_p90_y80_TPMC_N400000_S101,101,sample,23,triangle_0023,sailWall,-0.1108499999991317,0.23543233618125572,0.29583953367870386,-1.0,9.064756152686467e-17,2.9353888755841137e-12,0.0012835415986919185,-8.080992028387935e-14,7484.538922892781,-1319.726150268671,3.9028325799782873e-08,2.6502963030350447e-07,-3.8714697738829814e-08,-8.759044386768161e-08,7.298098488494221e-09,-3.847611958855924e-08,-8.759044386768161e-08,7.298098488494221e-09,-3.847611958855924e-08,15,False,250.0
b712773f15e0f684,20270301_h250_r0_p90_y80_TPMC_N400000_S101,101,sample,24,triangle_0024,sailWall,-0.11085000000056104,0.41568677598722475,-0.19114271281375117,-1.0,-7.189291331766088e-16,2.9347235508291887e-12,0.0009914693864160285,-8.080992028387935e-14,7484.538922892781,-1319.726150268671,2.4266984571649853e-08,1.3541662246386844e-07,-2.1898830028714763e-08,1.6825180076241285e-08,-7.034437172907946e-09,-2.4949545300466954e-08,1.6825180076241285e-08,-7.034437172907946e-09,-2.4949545300466954e-08,6,False,250.0
b712773f15e0f684,20270301_h250_r0_p90_y80_TPMC_N400000_S101,101,sample,25,triangle_0025,sailWall,-0.11084999999943897,-0.41568677598722426,0.19114271281440223,-1.0,-3.988742060511254e-16,2.9346210932015246e-12,0.0009914693864160368,-8.080992028387935e-14,7484.538922892781,-1319.726150268671,2.1008488707626007e-08,1.4938408083248106e-07,-2.998011929188999e-08,-1.513930903675883e-08,4.714079927619326e-10,-7.913478352689709e-09,-1.513930903675883e-08,4.714079927619326e-10,-7.913478352689709e-09,6,False,250.0
b712773f15e0f684,20270301_h250_r0_p90_y80_TPMC_N400000_S101,101,sample,26,triangle_0026,sailWall,-0.11085000000122014,-0.1911409592488517,-0.4156881707445493,-0.9999999999999999,-8.62572531187913e-18,2.9363401368006063e-12,0.0009915417140066516,-8.080992028387935e-14,7484.538922892781,-1319.726150268671,8.357092720712961e-09,4.442524541022709e-08,-1.0686202811254934e-08,2.0656355760114285e-08,-4.660041752940797e-09,-3.224460062800358e-09,2.0656355760114285e-08,-4.660041752940797e-09,-3.224460062800358e-09,3,False,250.0
b712773f15e0f684,20270301_h250_r0_p90_y80_TPMC_N400000_S101,101,sample,27,triangle_0027,sailWall,-0.11084999999877987,0.19114115553931052,0.4156891974259169,-1.0,-2.6892237840659406e-16,2.936474919245884e-12,0.000991616455997432,-8.080992028387935e-14,7484.538922892781,-1319.726150268671,1.560782410798352e-08,1.0616700011603917e-07,-2.103571123993555e-08,-4.750063948921625e-08,4.069648052234224e-09,-1.470322679426196e-08,-4.750063948921625e-08,4.069648052234224e-09,-1.470322679426196e-08,6,False,250.0
b712773f15e0f684,20270301_h250_r0_p90_y80_TPMC_N400000_S101,101,sample,28,triangle_0028,sailWall,-0.11085000000076567,0.34084924399587974,-0.2608452161717532,-1.0,-3.664832056672066e-16,2.937029917892317e-12,0.0013208846393317185,-8.080992028387935e-14,7484.538922892781,-1319.726150268671,9.858336892361293e-09,8.900998871185243e-08,-1.5704024464882513e-08,1.8421701286925663e-08,-4.388546475842435e-09,-1.3222257324548817e-08,1.8421701286925663e-08,-4.388546475842435e-09,-1.3222257324548817e-08,5,False,250.0
b712773f15e0f684,20270301_h250_r0_p90_y80_TPMC_N400000_S101,101,sample,29,triangle_0029,sailWall,-0.1108500000010005,-0.26084521617207923,-0.3408492439955535,-1.0,-6.525052285875163e-17,2.93590598640728e-12,0.0013208846393317135,-8.080992028387935e-14,7484.538922892781,-1319.726150268671,2.562052835812715e-08,1.5093208170586328e-07,-2.717199706697873e-08,5.833685441688087e-08,-1.1710247571304686e-08,-1.0172488797243292e-08,5.833685441688087e-08,-1.1710247571304686e-08,-1.0172488797243292e-08,9,False,250.0
b712773f15e0f684,20270301_h250_r0_p90_y80_TPMC_N400000_S101,101,sample,30,triangle_0030,sailWall,-0.1108499999992344,-0.3408492439958793,0.26084521617240414,-1.0,-7.181952325359989e-16,2.934911755851104e-12,0.0013208846393317156,-8.080992028387935e-14,7484.538922892781,-1319.726150268671,2.4994579380403136e-08,1.5778884742689705e-07,-2.5925550168155375e-08,-3.268226971917218e-08,3.747929231236715e-09,-8.918858692795958e-09,-3.268226971917218e-08,3.747929231236715e-09,-8.918858692795958e-09,8,False,250.0
b712773f15e0f684,20270301_h250_r0_p90_y80_TPMC_N400000_S101,101,sample,31,triangle_0031,sailWall,-0.11084999999899865,0.26088268869253023,0.34115722754711536,-0.9999999999999999,8.288891036916316e-16,2.9357009091211964e-12,0.0013382168980285653,-8.080992028387935e-14,7484.538922892781,-1319.726150268671,1.586960775886286e-08,1.7178808791500504e-07,-3.390455619653753e-08,-6.817557028206601e-08,1.752550629454254e-09,-2.309594329921435e-08,-6.817557028206601e-08,1.752550629454254e-09,-2.309594329921435e-08,9,False,250.0
b712773f15e0f684,20270301_h250_r0_p90_y80_TPMC_N400000_S101,101,sample,32,triangle_0032,sailWall,-0.11085000000036889,0.024038071946356113,-0.12568068083944026,-1.0,1.4836294464450493e-15,2.93635376190221e-12,0.0010866983689179408,-8.080992028387935e-14,7484.538922892781,-1319.726150268671,1.4946724237578735e-08,1.0079218300391305e-07,-1.983202727043639e-08,1.2385057943771109e-08,-4.08151301457734e-09,-1.1379497313007574e-08,1.2385057943771109e-08,-4.08151301457734e-09,-1.1379497313007574e-08,5,False,250.0
b712773f15e0f684,20270301_h250_r0_p90_y80_TPMC_N400000_S101,101,sample,33,triangle_0033,sailWall,-0.11084999999963113,-0.024038071946356116,0.12568068084009112,-1.0,-9.926193438377701e-16,2.935023713072479e-12,0.0010866983689179388,-8.080992028387935e-14,7484.538922892781,-1319.726150268671,2.5464203884917334e-08,1.5237315922691595e-07,-3.16183961879907e-08,-1.849515354921763e-08,-3.090261187244672e-10,-1.6179928658488175e-08,-1.849515354921763e-08,-3.090261187244672e-10,-1.6179928658488175e-08,7,False,250.0
b712773f15e0f684,20270301_h250_r0_p90_y80_TPMC_N400000_S101,101,sample,34,triangle_0034,sailWall,-0.11084999999992946,0.12568068083976566,0.024038071946681543,-1.0,4.1382837206626367e-16,2.9333720296061387e-12,0.0010866983689179354,-8.080992028387935e-14,7484.538922892781,-1319.726150268671,1.0157072780632745e-08,6.220626952591354e-08,-1.3838094537244958e-08,-4.286511638641592e-09,-1.1274862576133628e-09,-8.236137454768905e-09,-4.286511638641592e-09,-1.1274862576133628e-09,-8.236137454768905e-09,3,False,250.0
b712773f15e0f684,20270301_h250_r0_p90_y80_TPMC_N400000_S101,101,sample,35,triangle_0035,sailWall,-0.11085000000007057,-0.12568068083976577,-0.02403807194603073,-1.0,1.575595002885685e-15,2.9354730513229065e-12,0.0010866983689179397,-8.080992028387935e-14,7484.538922892781,-1319.726150268671,1.6954301710070827e-08,5.7378441565276825e-08,-1.454815336084555e-08,3.215367423462755e-09,-2.0060797044879806e-09,-4.152089579167628e-09,3.215367423462755e-09,-2.0060797044879806e-09,-4.152089579167628e-09,8,False,250.0
b712773f15e0f684,20270301_h250_r0_p90_y80_TPMC_N400000_S101,101,sample,36,triangle_0036,sailWall,-0.11084999999931154,-0.24273856812272118,0.23455659119517044,-1.0,3.2006592935192206e-16,2.9351443458023125e-12,0.0011419795288712218,-8.080992028387935e-14,7484.538922892781,-1319.726150268671,1.7382032983245282e-08,9.926551476997163e-08,-1.3845177958452468e-08,-2.0028323847750837e-08,2.5322699024572367e-09,-6.73405437699732e-09,-2.0028323847750837e-08,2.5322699024572367e-09,-6.73405437699732e-09,6,False,250.0
b712773f15e0f684,20270301_h250_r0_p90_y80_TPMC_N400000_S101,101,sample,37,triangle_0037,sailWall,-0.11085000000068847,0.24273856812272177,-0.23455659119451924,-1.0,-3.9108850316834556e-17,2.9351167970034937e-12,0.001141979528871228,-8.080992028387935e-14,7484.538922892781,-1319.726150268671,1.4568163388113227e-08,1.1554165515914589e-07,-2.617473962056764e-08,2.0548999610460252e-08,-6.306333964318317e-09,-1.6380490736513977e-08,2.0548999610460252e-08,-6.306333964318317e-09,-1.6380490736513977e-08,6,False,250.0
b712773f15e0f684,20270301_h250_r0_p90_y80_TPMC_N400000_S101,101,sample,38,triangle_0038,sailWall,-0.11085000000071253,-0.2345565911948447,-0.24273856812239558,-1.0,6.370625361099748e-18,2.9353224870835678e-12,0.0011419795288712133,-8.080992028387935e-14,7484.538922892781,-1319.726150268671,2.1843309415948054e-08,1.8021168414622787e-07,-3.525450807663833e-08,5.180141202020126e-08,-9.218126251501713e-09,-1.4990397693974763e-08,5.180141202020126e-08,-9.218126251501713e-09,-1.4990397693974763e-08,10,False,250.0
b712773f15e0f684,20270301_h250_r0_p90_y80_TPMC_N400000_S101,101,sample,39,triangle_0039,sailWall,-0.1108499999992875,0.23455610007671449,0.2427398261579267,-1.0,-1.8560914205937706e-16,2.932715066774998e-12,0.0011419152314394365,-8.080992028387935e-14,7484.538922892781,-1319.726150268671,1.451514750207219e-08,8.814492434575882e-08,-1.625259671048838e-08,-2.5797563836914788e-08,1.8299426580830652e-09,-1.3165189872440809e-08,-2.5797563836914788e-08,1.8299426580830652e-09,-1.3165189872440809e-08,5,False,250.0
b712773f15e0f684,20270301_h250_r0_p90_y80_TPMC_N400000_S101,101,sample,40,triangle_0040,sailWall,-0.1108499999993048,0.29442601451659384,0.2368507456994026,-1.0,-1.110825153943468e-15,2.9343427909083418e-12,0.0012812339795774104,-8.080992028387935e-14,7484.538922892781,-1319.726150268671,1.5983434157019154e-08,1.385200191212111e-07,-2.9333579021554392e-08,-4.143080855884962e-08,4.801339532091758e-10,-2.010773168265242e-08,-4.143080855884962e-08,4.801339532091758e-10,-2.010773168265242e-08,6,False,250.0
b712773f15e0f684,20270301_h250_r0_p90_y80_TPMC_N400000_S101,101,sample,41,triangle_0041,sailWall,-0.11084999999913576,-0.23682859777890375,0.2944461718521089,-1.0,3.3143296344959497e-16,2.9344559684133164e-12,0.0012809577152588395,-8.080992028387935e-14,7484.538922892781,-1319.726150268671,2.3970127644791416e-08,1.3597298538807028e-07,-2.115684321934857e-08,-3.5692688326357666e-08,4.794651941154261e-09,-9.55733804788235e-09,-3.5692688326357666e-08,4.794651941154261e-09,-9.55733804788235e-09,7,False,250.0
b712773f15e0f684,20270301_h250_r0_p90_y80_TPMC_N400000_S101,101,sample,42,triangle_0042,sailWall,-0.11085000000086427,0.23682859777890383,-0.2944461718514576,-1.0,-1.6014997823889062e-15,2.9354464484627425e-12,0.0012809577152588438,-8.080992028387935e-14,7484.538922892781,-1319.726150268671,1.5093830992903927e-08,1.2398681730624575e-07,-1.9224762036877414e-08,3.214013825357e-08,-6.606839517133898e-09,-1.7388123890898368e-08,3.214013825357e-08,-6.606839517133898e-09,-1.7388123890898368e-08,6,False,250.0
b712773f15e0f684,20270301_h250_r0_p90_y80_TPMC_N400000_S101,101,sample,43,triangle_0043,sailWall,-0.11085000000069517,-0.2944461718517832,-0.23682859777857782,-1.0,-5.389683310034889e-16,2.934680349774732e-12,0.0012809577152588488,-8.080992028387935e-14,7484.538922892781,-1319.726150268671,4.75549606470848e-08,2.396532606527241e-07,-4.332963701706554e-08,6.92495531513705e-08,-1.5988905200201013e-08,-1.256319133825576e-08,6.92495531513705e-08,-1.5988905200201013e-08,-1.256319133825576e-08,12,False,250.0
b712773f15e0f684,20270301_h250_r0_p90_y80_TPMC_N400000_S101,101,sample,44,triangle_0044,sailWall,-0.11084999999946048,0.3856755007692008,0.18382094383203626,-1.0,2.5876766817122773e-16,2.9344495017630595e-12,0.0009757582497879219,-8.080992028387935e-14,7484.538922892781,-1319.726150268671,2.0305475694177783e-08,1.1974571999688605e-07,-2.5637927107425745e-08,-3.179037891643559e-08,8.879517382946416e-10,-2.1209403738961755e-08,-3.179037891643559e-08,8.879517382946416e-10,-2.1209403738961755e-08,7,False,250.0
b712773f15e0f684,20270301_h250_r0_p90_y80_TPMC_N400000_S101,101,sample,45,triangle_0045,sailWall,-0.11085000000053953,-0.38567778449423956,-0.18381819083603998,-1.0,6.630989648469562e-16,2.935079371640412e-12,0.000975743589579743,-8.080992028387935e-14,7484.538922892781,-1319.726150268671,1.2052662669660377e-08,1.1501839006404644e-07,-1.7752991065393025e-08,2.84717229912748e-08,-4.201616846288153e-09,-8.089439640833619e-09,2.84717229912748e-08,-4.201616846288153e-09,-8.089439640833619e-09,5,False,250.0
b712773f15e0f684,20270301_h250_r0_p90_y80_TPMC_N400000_S101,101,sample,46,triangle_0046,sailWall,-0.11085000000113203,0.1838195592809778,-0.38567689927298043,-1.0,7.87720863067188e-16,2.9351491154865675e-12,0.0009756947766575055,-8.080992028387935e-14,7484.538922892781,-1319.726150268671,1.93134525324425e-08,1.2548391671138216e-07,-1.626979400827949e-08,4.525116134398695e-08,-9.211649738513615e-09,-1.74753337329848e-08,4.525116134398695e-08,-9.211649738513615e-09,-1.74753337329848e-08,7,False,250.0
b712773f15e0f684,20270301_h250_r0_p90_y80_TPMC_N400000_S101,101,sample,47,triangle_0047,sailWall,-0.11084999999886797,-0.18381815493345377,0.385677797550734,-1.0,7.53083432281855e-16,2.9350527043739247e-12,0.0009757450109893344,-8.080992028387935e-14,7484.538922892781,-1319.726150268671,2.534808739988129e-08,1.356922206646488e-07,-1.75867213251444e-08,-4.835813980684118e-08,7.68136900088511e-09,-1.0390335776545896e-08,-4.835813980684118e-08,7.68136900088511e-09,-1.0390335776545896e-08,7,False,250.0
b712773f15e0f684,20270301_h250_r0_p90_y80_TPMC_N400000_S101,101,sample,48,triangle_0048,sailWall,-0.11084999999874338,0.23951777565762133,0.4281255100671654,-1.0,-1.2798934931992995e-15,2.9342766444502954e-12,0.0011246362462176236,-8.080992028387935e-14,7484.538922892781,-1319.726150268671,6.3693673924902864e-09,6.925255043345086e-08,-9.76321313704314e-09,-3.208693982685931e-08,1.6418005476334522e-09,-9.2251160024255e-09,-3.208693982685931e-08,1.6418005476334522e-09,-9.2251160024255e-09,4,False,250.0
b712773f15e0f684,20270301_h250_r0_p90_y80_TPMC_N400000_S101,101,sample,49,triangle_0049,sailWall,-0.11084999999929697,-0.4281118784436058,0.23951593881668154,-1.0,-3.343548054439549e-16,2.9357462810134162e-12,0.0011254872194487065,-8.080992028387935e-14,7484.538922892781,-1319.726150268671,2.3813683649677277e-08,1.323313155890086e-07,-3.291722120803191e-08,-1.668387173101424e-08,1.953737167665593e-09,-4.333813845995332e-09,-1.668387173101424e-08,1.953737167665593e-09,-4.333813845995332e-09,7,False,250.0
b712773f15e0f684,20270301_h250_r0_p90_y80_TPMC_N400000_S101,101,sample,50,triangle_0050,sailWall,-0.11085000000125662,-0.23951527099137307,-0.42811240962055913,-1.0,4.842926264912928e-16,2.9361590481044806e-12,0.0011255392025128585,-8.080992028387935e-14,7484.538922892781,-1319.726150268671,2.2396940436688874e-08,1.7096529925541296e-07,-3.5687309995089055e-08,8.10208640662992e-08,-1.3456994529036666e-08,-1.3537615188423755e-08,8.10208640662992e-08,-1.3456994529036666e-08,-1.3537615188423755e-08,10,False,250.0
b712773f15e0f684,20270301_h250_r0_p90_y80_TPMC_N400000_S101,101,sample,51,triangle_0051,sailWall,-0.11085000000070304,0.4281118784436064,-0.23951593881603042,-1.0,-7.791723092754069e-17,2.935506250883849e-12,0.0011254872194486813,-8.080992028387935e-14,7484.538922892781,-1319.726150268671,1.1379018173634936e-08,9.697576812461711e-08,-7.158906454429002e-09,2.076747104945287e-08,-3.618582691355334e-09,-1.5704747488335663e-08,2.076747104945287e-08,-3.618582691355334e-09,-1.5704747488335663e-08,5,False,250.0
b712773f15e0f684,20270301_h250_r0_p90_y80_TPMC_N400000_S101,101,sample,52,triangle_0052,sailWall,-0.11085000000007723,0.563411000100106,-0.02632472143793853,-1.0,1.4002855592971315e-16,2.9347962672369627e-12,0.0011202979688138075,-8.080992028387935e-14,7484.538922892781,-1319.726150268671,8.56858670601018e-09,4.545845415397619e-08,-4.90623791723756e-09,-1.89255906095446e-09,-7.06809330193567e-10,-9.887924646727211e-09,-1.89255906095446e-09,-7.06809330193567e-10,-9.887924646727211e-09,2,False,250.0
b712773f15e0f684,20270301_h250_r0_p90_y80_TPMC_N400000_S101,101,sample,53,triangle_0053,sailWall,-0.11084999999992277,-0.5634110535804013,0.026324865707194223,-1.0,3.5864785609749594e-16,2.935052388676342e-12,0.0011202923647219058,-8.080992028387935e-14,7484.538922892781,-1319.726150268671,2.29615515750074e-08,1.7965893822106048e-07,-2.3296272069525357e-08,8.38020469094272e-09,-2.0475853079063136e-09,-7.040698904746132e-09,8.38020469094272e-09,-2.0475853079063136e-09,-7.040698904746132e-09,9,False,250.0
b712773f15e0f684,20270301_h250_r0_p90_y80_TPMC_N400000_S101,101,sample,54,triangle_0054,sailWall,-0.11085000000165378,-0.02632214002994521,-0.563412102440722,-1.0,1.3540277077703298e-16,2.9350413203863944e-12,0.0011202491384740185,-8.080992028387935e-14,7484.538922892781,-1319.726150268671,1.4845611938224525e-08,9.912058949791692e-08,-1.7322339627953828e-08,5.6366196433544615e-08,-1.0294982799315386e-08,-1.0586937828248986e-08,5.6366196433544615e-08,-1.0294982799315386e-08,-1.0586937828248986e-08,5,False,250.0
b712773f15e0f684,20270301_h250_r0_p90_y80_TPMC_N400000_S101,101,sample,55,triangle_0055,sailWall,-0.11084999999834717,0.026480156811689606,0.5631121940443952,-1.0,7.888725999775138e-16,2.936192700955476e-12,0.0011127501051933014,-8.080992028387935e-14,7484.538922892781,-1319.726150268671,2.4217459522033504e-08,1.6203731694038047e-07,-2.0659303830078664e-08,-9.126622897815732e-08,1.1263723475246144e-08,-1.8535337065903076e-08,-9.126622897815732e-08,1.1263723475246144e-08,-1.8535337065903076e-08,8,False,250.0
b712773f15e0f684,20270301_h250_r0_p90_y80_TPMC_N400000_S101,101,sample,56,triangle_0056,sailWall,-0.11084999999986761,0.11344310658744355,0.04512180065177227,-0.9999999999999999,-4.817939898705373e-16,2.935039474996648e-12,0.000924321300372611,-8.080992028387935e-14,7484.538922892781,-1319.726150268671,3.921325486916771e-09,3.630233280491996e-08,-7.458578758439391e-09,-2.4041865474940335e-09,-6.592692473339817e-10,-4.428088942944368e-09,-2.4041865474940335e-09,-6.592692473339817e-10,-4.428088942944368e-09,2,False,250.0
b712773f15e0f684,20270301_h250_r0_p90_y80_TPMC_N400000_S101,101,sample,57,triangle_0057,sailWall,-0.11085000000033296,0.04512180065144689,-0.11344310658711813,-1.0,-9.478874126691878e-16,2.935047739597166e-12,0.0009243213003726152,-8.080992028387935e-14,7484.538922892781,-1319.726150268671,2.233670525898688e-08,1.1995470646921603e-07,-3.170813174701433e-08,1.3290914080339998e-08,-6.255794950660356e-09,-1.4370027776621612e-08,1.3290914080339998e-08,-6.255794950660356e-09,-1.4370027776621612e-08,6,False,250.0
b712773f15e0f684,20270301_h250_r0_p90_y80_TPMC_N400000_S101,101,sample,58,triangle_0058,sailWall,-0.11084999999966703,-0.04512180065144685,0.1134431065877689,-0.9999999999999999,-9.47887412681402e-16,2.935047739597164e-12,0.0009243213003726156,-8.080992028387935e-14,7484.538922892781,-1319.726150268671,1.7655604631074567e-08,1.2402616150053544e-07,-2.1992816396106363e-08,-1.2502031254873875e-08,-5.156013632878222e-10,-1.297660595490338e-08,-1.2502031254873875e-08,-5.156013632878222e-10,-1.297660595490338e-08,6,False,250.0
b712773f15e0f684,20270301_h250_r0_p90_y80_TPMC_N400000_S101,101,sample,59,triangle_0059,sailWall,-0.11085000000013244,-0.1134431065874436,-0.0451218006511215,-1.0,1.7555081448593019e-15,2.9351380939211867e-12,0.000924321300372616,-8.080992028387935e-14,7484.538922892781,-1319.726150268671,2.4112550372592692e-08,1.1641572165769686e-07,-2.103548876199054e-08,7.79854605903471e-09,-3.533189177227762e-09,-1.0246882966546066e-08,7.79854605903471e-09,-3.533189177227762e-09,-1.0246882966546066e-08,9,False,250.0
b712773f15e0f684,20270301_h250_r0_p90_y80_TPMC_N400000_S101,101,sample,60,triangle_0060,sailWall,-0.1108499999993116,-0.21796993482859087,0.23453348866808343,-1.0,-9.056198762752698e-17,2.9351128505344827e-12,0.0010540396932054747,-8.080992028387935e-14,7484.538922892781,-1319.726150268671,6.753646916323957e-09,4.6427621221267305e-08,-1.0754087312820126e-08,-8.856088962674807e-09,4.4021739019804075e-10,-3.6834491803035623e-09,-8.856088962674807e-09,4.4021739019804075e-10,-3.6834491803035623e-09,3,False,250.0
b712773f15e0f684,20270301_h250_r0_p90_y80_TPMC_N400000_S101,101,sample,61,triangle_0061,sailWall,-0.1108500000006884,0.21796993482859114,-0.23453348866743187,-1.0,-9.056198759459627e-17,2.935112850534507e-12,0.001054039693205479,-8.080992028387935e-14,7484.538922892781,-1319.726150268671,4.941070689928981e-09,5.640212755566927e-08,-9.621333103643409e-09,1.1525437788841015e-08,-2.2422484302210173e-09,-7.2731895951430064e-09,1.1525437788841015e-08,-2.2422484302210173e-09,-7.2731895951430064e-09,2,False,250.0
b712773f15e0f684,20270301_h250_r0_p90_y80_TPMC_N400000_S101,101,sample,62,triangle_0062,sailWall,-0.11085000000063984,-0.23453348866775725,-0.21796993482826513,-1.0,2.457883556207662e-17,2.9350850927084128e-12,0.0010540396932054647,-8.080992028387935e-14,7484.538922892781,-1319.726150268671,1.5756969994024213e-08,9.865763182417046e-08,-1.949828480932264e-08,2.5358896821690412e-08,-5.484841803001638e-09,-7.301795037355123e-09,2.5358896821690412e-08,-5.484841803001638e-09,-7.301795037355123e-09,5,False,250.0
b712773f15e0f684,20270301_h250_r0_p90_y80_TPMC_N400000_S101,101,sample,63,triangle_0063,sailWall,-0.1108499999993602,0.23453299754962686,0.21797119286379632,-1.0,-5.84390170340602e-16,2.9379105771102907e-12,0.0010540732886919672,-8.080992028387935e-14,7484.538922892781,-1319.726150268671,1.2020219811468485e-08,6.977103072253352e-08,-9.634065672738508e-09,-1.767679450235827e-08,1.5909925864599623e-09,-1.051358377026304e-08,-1.767679450235827e-08,1.5909925864599623e-09,-1.051358377026304e-08,3,False,250.0
b712773f15e0f684,20270301_h250_r0_p90_y80_TPMC_N400000_S101,101,sample,64,triangle_0064,sailWall,-0.11084999999930416,0.3235612826695806,0.23707604488650744,-1.0,-7.717139657028929e-16,2.9343647492566893e-12,0.001317477417594831,-8.080992028387935e-14,7484.538922892781,-1319.726150268671,1.6960693304584422e-08,1.1636199640803891e-07,-1.706882723551808e-08,-3.3246507355353395e-08,2.1528964255927154e-09,-1.8338262540495316e-08,-3.3246507355353395e-08,2.1528964255927154e-09,-1.8338262540495316e-08,6,False,250.0
b712773f15e0f684,20270301_h250_r0_p90_y80_TPMC_N400000_S101,101,sample,65,triangle_0065,sailWall,-0.11084999999905025,-0.237049690368303,0.3235863666022215,-1.0,2.3206426930017564e-16,2.9360049874574758e-12,0.0013162364452096766,-8.080992028387935e-14,7484.538922892781,-1319.726150268671,1.4249265280163773e-08,9.509245243338774e-08,-1.205023999205206e-08,-2.8376112724780753e-08,3.3224553101989408e-09,-7.128914955144927e-09,-2.8376112724780753e-08,3.3224553101989408e-09,-7.128914955144927e-09,5,False,250.0
b712773f15e0f684,20270301_h250_r0_p90_y80_TPMC_N400000_S101,101,sample,66,triangle_0066,sailWall,-0.1108500000009498,0.23704969036830306,-0.3235863666015703,-1.0,-1.5736995566229433e-15,2.9350130818022263e-12,0.0013162364452096662,-8.080992028387935e-14,7484.538922892781,-1319.726150268671,9.729507482518795e-09,9.944365466393537e-08,-7.10026328376169e-09,3.1501229840030555e-08,-4.025558569374234e-09,-1.326202738509374e-08,3.1501229840030555e-08,-4.025558569374234e-09,-1.326202738509374e-08,4,False,250.0
b712773f15e0f684,20270301_h250_r0_p90_y80_TPMC_N400000_S101,101,sample,67,triangle_0067,sailWall,-0.1108500000006958,-0.3235863666018961,-0.23704969036797716,-1.0,-8.099667435846826e-16,2.9346629653800882e-12,0.0013162364452096696,-8.080992028387935e-14,7484.538922892781,-1319.726150268671,2.1999679023125944e-08,1.4862222076927783e-07,-2.19471920999113e-08,4.3495352731921097e-08,-7.846782023799876e-09,-9.380220695206013e-09,4.3495352731921097e-08,-7.846782023799876e-09,-9.380220695206013e-09,6,False,250.0
b712773f15e0f684,20270301_h250_r0_p90_y80_TPMC_N400000_S101,101,sample,68,triangle_0068,sailWall,-0.1108500000000769,0.5904648545706709,-0.026212310968203423,-1.0,9.598161344659214e-17,2.9347973861586795e-12,0.0012286245940490287,-8.080992028387935e-14,7484.538922892781,-1319.726150268671,2.3286438540942145e-08,1.850740437986575e-07,-3.7781721937409835e-08,-1.7357361318435922e-08,-4.841787344052372e-09,-3.443273348935453e-08,-1.7357361318435922e-08,-4.841787344052372e-09,-3.443273348935453e-08,9,False,250.0
b712773f15e0f684,20270301_h250_r0_p90_y80_TPMC_N400000_S101,101,sample,69,triangle_0069,sailWall,-0.11084999999992311,-0.5904649080509663,0.02621245523745887,-1.0,-1.054422031404886e-16,2.935064179301405e-12,0.0012286126074898818,-8.080992028387935e-14,7484.538922892781,-1319.726150268671,1.5064342843120312e-08,1.2248441745609471e-07,-2.9761940132837076e-08,1.5141384108450088e-08,-3.0111277316149317e-09,-4.5837757319783065e-09,1.5141384108450088e-08,-3.0111277316149317e-09,-4.5837757319783065e-09,5,False,250.0
b712773f15e0f684,20270301_h250_r0_p90_y80_TPMC_N400000_S101,101,sample,70,triangle_0070,sailWall,-0.11085000000173317,-0.026207740435878993,-0.5904666653027182,-1.0,1.232209211073073e-16,2.934561129307147e-12,0.0012285411593811867,-8.080992028387935e-14,7484.538922892781,-1319.726150268671,1.2507445173734912e-08,9.096005803754295e-08,-1.7380009019603625e-08,5.4107677318947494e-08,-9.318035891143774e-09,-9.793683654732385e-09,5.4107677318947494e-08,-9.318035891143774e-09,-9.793683654732385e-09,5,False,250.0
b712773f15e0f684,20270301_h250_r0_p90_y80_TPMC_N400000_S101,101,sample,71,triangle_0071,sailWall,-0.11084999999879086,0.2213638612638723,0.4119408875823691,-1.0,7.039887868209901e-16,2.9363982804150604e-12,0.0009446584571457761,-8.080992028387935e-14,7484.538922892781,-1319.726150268671,1.1468508618818795e-08,9.111953491681372e-08,-1.7459637169748538e-08,-4.174519724729126e-08,2.819591636207762e-09,-1.2589393070964371e-08,-4.174519724729126e-08,2.819591636207762e-09,-1.2589393070964371e-08,5,False,250.0
b712773f15e0f684,20270301_h250_r0_p90_y80_TPMC_N400000_S101,101,sample,72,triangle_0072,sailWall,-0.11085000000120909,-0.22136135659762388,-0.411927787135763,-1.0,6.083103840688606e-16,2.9362915441335025e-12,0.0009445041412037794,-8.080992028387935e-14,7484.538922892781,-1319.726150268671,0.0,0.0,0.0,0.0,0.0,0.0,0.0,0.0,0.0,0,True,250.0
b712773f15e0f684,20270301_h250_r0_p90_y80_TPMC_N400000_S101,101,sample,73,triangle_0073,sailWall,-0.11084999999935026,-0.411927147422662,0.22136216088048385,-1.0,-3.118637659620439e-16,2.9357252290005368e-12,0.0009444645271487031,-8.080992028387935e-14,7484.538922892781,-1319.726150268671,5.25070491338395e-09,7.025016403967559e-08,-1.278746357120981e-08,-1.0242746636674303e-08,-2.389628204026548e-10,-5.628465699208851e-09,-1.0242746636674303e-08,-2.389628204026548e-10,-5.628465699208851e-09,5,False,250.0
b712773f15e0f684,20270301_h250_r0_p90_y80_TPMC_N400000_S101,101,sample,74,triangle_0074,sailWall,-0.11085000000064972,0.41192714742266284,-0.2213621608798327,-0.9999999999999999,-6.174519636837596e-16,2.936011264987451e-12,0.0009444645271486925,-8.080992028387935e-14,7484.538922892781,-1319.726150268671,8.852869640787538e-09,5.815923938018789e-08,-6.71922082471061e-09,1.026250232138217e-08,-2.7395022602427205e-09,-1.0075795515331498e-08,1.026250232138217e-08,-2.7395022602427205e-09,-1.0075795515331498e-08,3,False,250.0
b712773f15e0f684,20270301_h250_r0_p90_y80_TPMC_N400000_S101,101,sample,75,triangle_0075,sailWall,-0.11085000000023983,-0.19946907413293088,-0.08170748053687259,-1.0,-7.792485446192333e-17,2.9356483469208567e-12,0.0010144026107616194,-8.080992028387935e-14,7484.538922892781,-1319.726150268671,1.868026554074122e-08,9.519214460847123e-08,-2.3843926326424814e-08,1.3189309285950709e-08,-4.204000537167827e-09,-6.848525251564294e-09,1.3189309285950709e-08,-4.204000537167827e-09,-6.848525251564294e-09,6,False,250.0
b712773f15e0f684,20270301_h250_r0_p90_y80_TPMC_N400000_S101,101,sample,76,triangle_0076,sailWall,-0.11084999999976015,0.19946907413293088,0.08170748053752336,-1.0,-3.869072516469535e-16,2.935834532613066e-12,0.0010144026107616183,-8.080992028387935e-14,7484.538922892781,-1319.726150268671,2.986821567165394e-08,2.0927380571788399e-07,-2.0710359187681315e-08,-2.1461421355625567e-08,1.749825742203527e-10,-2.9250007984921453e-08,-2.1461421355625567e-08,1.749825742203527e-10,-2.9250007984921453e-08,8,False,250.0
b712773f15e0f684,20270301_h250_r0_p90_y80_TPMC_N400000_S101,101,sample,77,triangle_0077,sailWall,-0.11085000000058547,0.0817074805371981,-0.1994690741326055,-1.0,-2.6377838191257967e-16,2.934845777286818e-12,0.0010144026107616233,-8.080992028387935e-14,7484.538922892781,-1319.726150268671,2.0427967235729e-08,1.284341663732622e-07,-1.934449787451236e-08,2.3833444580290395e-08,-6.148828709334958e-09,-1.594968413612261e-08,2.3833444580290395e-08,-6.148828709334958e-09,-1.594968413612261e-08,7,False,250.0
b712773f15e0f684,20270301_h250_r0_p90_y80_TPMC_N400000_S101,101,sample,78,triangle_0078,sailWall,-0.11084999999941453,-0.08170748053719808,0.1994690741332564,-1.0,-7.759268969929413e-17,2.9351547596839763e-12,0.0010144026107616335,-8.080992028387935e-14,7484.538922892781,-1319.726150268671,1.7605011422352748e-08,1.221581411384469e-07,-2.0904976556498893e-08,-2.271917288961896e-08,1.1781438728571636e-09,-1.2161280991840175e-08,-2.271917288961896e-08,1.1781438728571636e-09,-1.2161280991840175e-08,7,False,250.0
b712773f15e0f684,20270301_h250_r0_p90_y80_TPMC_N400000_S101,101,sample,79,triangle_0079,sailWall,-0.11084999999826839,0.02679855944830349,0.58994572666116,-1.0,7.580321173477294e-16,2.934889965996078e-12,0.001228841503993297,-8.080992028387935e-14,7484.538922892781,-1319.726150268671,3.0600842217419666e-08,1.8271867477494085e-07,-3.6459798647287847e-08,-1.0843742355811328e-07,1.3938144445344228e-08,-2.116829037513327e-08,-1.0843742355811328e-07,1.3938144445344228e-08,-2.116829037513327e-08,10,False,250.0
b712773f15e0f684,20270301_h250_r0_p90_y80_TPMC_N400000_S101,101,sample,80,triangle_0080,sailWall,-0.11085000000139104,-0.1445065449101763,-0.47392060473349823,-1.0,2.747098217368922e-16,2.935756743734757e-12,0.0011178092694032696,-8.080992028387935e-14,7484.538922892781,-1319.726150268671,1.3355012418833017e-08,9.81483330316566e-08,-2.7670203299164017e-08,4.997926804609338e-08,-9.291623598961702e-09,-8.799974220782262e-09,4.997926804609338e-08,-9.291623598961702e-09,-8.799974220782262e-09,4,False,250.0
b712773f15e0f684,20270301_h250_r0_p90_y80_TPMC_N400000_S101,101,sample,81,triangle_0081,sailWall,-0.11084999999860896,0.1445065149311875,0.47392058156548583,-0.9999999999999999,4.724010661635267e-17,2.935552762193713e-12,0.0011178087236272327,-8.080992028387935e-14,7484.538922892781,-1319.726150268671,1.5407788390705236e-08,1.334670044498624e-07,-3.075758508777043e-08,-6.639811515312392e-08,3.7804190091647924e-09,-1.69138774735691e-08,-6.639811515312392e-08,3.7804190091647924e-09,-1.69138774735691e-08,6,False,250.0
b712773f15e0f684,20270301_h250_r0_p90_y80_TPMC_N400000_S101,101,sample,82,triangle_0082,sailWall,-0.1108500000004242,0.4739147011223445,-0.14452151675763023,-0.9999999999999999,-6.095843596224021e-16,2.9349740523782003e-12,0.0011180911708882975,-8.080992028387935e-14,7484.538922892781,-1319.726150268671,5.275705033514922e-09,2.587747002795646e-08,-5.5257369045811726e-09,1.6007527627652869e-09,-1.4662420626212772e-09,-5.338208483437233e-09,1.6007527627652869e-09,-1.4662420626212772e-09,-5.338208483437233e-09,1,False,250.0
b712773f15e0f684,20270301_h250_r0_p90_y80_TPMC_N400000_S101,101,sample,83,triangle_0083,sailWall,-0.1108499999995758,-0.4739147011223444,0.14452151675828137,-1.0,-9.026294749590612e-16,2.9348779856457835e-12,0.0011180911708883045,-8.080992028387935e-14,7484.538922892781,-1319.726150268671,1.9274195248011696e-09,1.7711598706238076e-08,-4.738401932901299e-09,-1.614155082109747e-10,-2.605210052616709e-10,-1.0394557008075966e-09,-1.614155082109747e-10,-2.605210052616709e-10,-1.0394557008075966e-09,1,False,250.0
b712773f15e0f684,20270301_h250_r0_p90_y80_TPMC_N400000_S101,101,sample,84,triangle_0084,sailWall,-0.11085000000114058,0.07932903165252685,-0.38856325006931636,-1.0,-3.6029823952309377e-16,2.9350275703909554e-12,0.0011765107177913548,-8.080992028387935e-14,7484.538922892781,-1319.726150268671,2.549532295139966e-08,1.5297777510605613e-07,-3.4078919083241357e-08,5.6896126108805845e-08,-1.3801594670338425e-08,-1.9044065116800377e-08,5.6896126108805845e-08,-1.3801594670338425e-08,-1.9044065116800377e-08,8,False,250.0
b712773f15e0f684,20270301_h250_r0_p90_y80_TPMC_N400000_S101,101,sample,85,triangle_0085,sailWall,-0.11084999999976715,0.38856324496924977,0.07932903637730278,-1.0,1.309342800343054e-16,2.9365100408579664e-12,0.0011765108370992107,-8.080992028387935e-14,7484.538922892781,-1319.726150268671,8.24862155515253e-09,5.3547185588611367e-08,-8.946751245193874e-09,-8.284679230559137e-09,-2.44581705514553e-10,-9.181341751024516e-09,-8.284679230559137e-09,-2.44581705514553e-10,-9.181341751024516e-09,3,False,250.0
b712773f15e0f684,20270301_h250_r0_p90_y80_TPMC_N400000_S101,101,sample,86,triangle_0086,sailWall,-0.11085000000023287,-0.38856307802856493,-0.07932838485337433,-0.9999999999999999,1.2523543060964935e-15,2.9346361590190575e-12,0.0011764819363053688,-8.080992028387935e-14,7484.538922892781,-1319.726150268671,2.294207211897836e-08,1.4588533784836278e-07,-2.1966728395053784e-08,1.9678072400655407e-08,-4.1954557833197146e-09,-7.325594519949883e-09,1.9678072400655407e-08,-4.1954557833197146e-09,-7.325594519949883e-09,6,False,250.0
b712773f15e0f684,20270301_h250_r0_p90_y80_TPMC_N400000_S101,101,sample,87,triangle_0087,sailWall,-0.11084999999885953,-0.0793282834080329,0.38856309877399725,-1.0,-9.399653303878777e-17,2.9348921759628438e-12,0.0011764805142631335,-8.080992028387935e-14,7484.538922892781,-1319.726150268671,1.5621263154913812e-08,1.0384025414859035e-07,-2.6053328846560757e-08,-3.838884847121375e-08,3.2037915404084163e-09,-1.0207795357925907e-08,-3.838884847121375e-08,3.2037915404084163e-09,-1.0207795357925907e-08,6,False,250.0
b712773f15e0f684,20270301_h250_r0_p90_y80_TPMC_N400000_S101,101,sample,88,triangle_0088,sailWall,-0.11085000000020033,-0.22017357865067244,-0.06824727424277051,-1.0,1.0226185042764646e-15,2.9349851847830787e-12,0.0009379959900737105,-8.080992028387935e-14,7484.538922892781,-1319.726150268671,1.094680537216392e-08,6.796773205081653e-08,-1.405362723666645e-08,7.607181513463211e-09,-2.266403702787567e-09,-5.062159818331504e-09,7.607181513463211e-09,-2.266403702787567e-09,-5.062159818331504e-09,3,False,250.0
b712773f15e0f684,20270301_h250_r0_p90_y80_TPMC_N400000_S101,101,sample,89,triangle_0089,sailWall,-0.11085000000064622,0.068247274243096,-0.22017357865034715,-1.0,-3.614465233201287e-17,2.9352235443139796e-12,0.0009379959900737132,-8.080992028387935e-14,7484.538922892781,-1319.726150268671,2.0051870028146238e-08,1.3014761679840965e-07,-2.6549954959251626e-08,2.6075135488307232e-08,-7.178249776320853e-09,-1.5558679963957144e-08,2.6075135488307232e-08,-7.178249776320853e-09,-1.5558679963957144e-08,6,False,250.0
b712773f15e0f684,20270301_h250_r0_p90_y80_TPMC_N400000_S101,101,sample,90,triangle_0090,sailWall,-0.1108499999997997,0.22017357865067247,0.06824727424342135,-0.9999999999999999,-9.822891095779892e-16,2.9361932960389367e-12,0.0009379959900737071,-8.080992028387935e-14,7484.538922892781,-1319.726150268671,1.3700793943472203e-08,9.457213857749374e-08,-1.824359031386346e-08,-1.1380118243665079e-08,-9.856350198779603e-10,-1.3576169958079034e-08,-1.1380118243665079e-08,-9.856350198779603e-10,-1.3576169958079034e-08,5,False,250.0
b712773f15e0f684,20270301_h250_r0_p90_y80_TPMC_N400000_S101,101,sample,91,triangle_0091,sailWall,-0.11084999999935378,-0.06824727424309586,0.22017357865099815,-1.0,-2.374965282966851e-16,2.934889393044991e-12,0.0009379959900737184,-8.080992028387935e-14,7484.538922892781,-1319.726150268671,5.054928620135738e-09,3.7162962263436856e-08,-6.235886270799539e-09,-7.861449231263706e-09,4.399005799242131e-10,-3.751039555195798e-09,-7.861449231263706e-09,4.399005799242131e-10,-3.751039555195798e-09,1,False,250.0
b712773f15e0f684,20270301_h250_r0_p90_y80_TPMC_N400000_S101,101,sample,92,triangle_0092,sailWall,-0.11085000000165308,0.02933043293068931,-0.5631882997436898,-1.0,-3.387056136644543e-16,2.9364549871052084e-12,0.001094561751069643,-8.080992028387935e-14,7484.538922892781,-1319.726150268671,2.4878469673719903e-09,3.5486472286425544e-08,-6.762800060651204e-09,1.924596552814104e-08,-2.1119078841189964e-09,-4.002174801259571e-09,1.924596552814104e-08,-2.1119078841189964e-09,-4.002174801259571e-09,2,False,250.0
b712773f15e0f684,20270301_h250_r0_p90_y80_TPMC_N400000_S101,101,sample,93,triangle_0093,sailWall,-0.1108500000000861,-0.5631885530652594,-0.029328694307943715,-1.0,2.3631952581428355e-15,2.9355552883817266e-12,0.0010945437704345672,-8.080992028387935e-14,7484.538922892781,-1319.726150268671,1.2376737315954557e-08,7.463480124450673e-08,-7.05168966616483e-09,5.909380626293485e-09,-1.0665358437070176e-09,-1.233955516054053e-09,5.909380626293485e-09,-1.0665358437070176e-09,-1.233955516054053e-09,4,False,250.0
b712773f15e0f684,20270301_h250_r0_p90_y80_TPMC_N400000_S101,101,sample,94,triangle_0094,sailWall,-0.1108499999999139,0.5631880981413883,0.029329921512594115,-1.0,2.0378378069243e-15,2.935642227484448e-12,0.001094581283166074,-8.080992028387935e-14,7484.538922892781,-1319.726150268671,1.595376864684472e-08,1.1633356995292546e-07,-1.6832656714810004e-08,-1.304545511460699e-08,-1.3577939735965425e-09,-2.1945334927771323e-08,-1.304545511460699e-08,-1.3577939735965425e-09,-2.1945334927771323e-08,6,False,250.0
b712773f15e0f684,20270301_h250_r0_p90_y80_TPMC_N400000_S101,101,sample,95,triangle_0095,sailWall,-0.11084999999858407,0.11810647175306606,0.4823957593456126,-1.0,-1.5831027760333726e-15,2.9359858358033006e-12,0.0011118046303439668,-8.080992028387935e-14,7484.538922892781,-1319.726150268671,7.040174809034898e-09,7.190044167606726e-08,-1.2770585973556518e-08,-3.62541896222661e-08,1.9804428304322335e-09,-8.786097129820079e-09,-3.62541896222661e-08,1.9804428304322335e-09,-8.786097129820079e-09,4,False,250.0
b712773f15e0f684,20270301_h250_r0_p90_y80_TPMC_N400000_S101,101,sample,96,triangle_0096,sailWall,-0.11085000000141589,-0.11810674828830703,-0.48239563078935427,-1.0,9.041564738984888e-16,2.935589540964349e-12,0.0011117848283742227,-8.080992028387935e-14,7484.538922892781,-1319.726150268671,1.5532256565340142e-08,1.0078957220054024e-07,-1.665841716494911e-08,5.0623503496143535e-08,-9.351879686663383e-09,-9.402647103682125e-09,5.0623503496143535e-08,-9.351879686663383e-09,-9.402647103682125e-09,5,False,250.0
b712773f15e0f684,20270301_h250_r0_p90_y80_TPMC_N400000_S101,101,sample,97,triangle_0097,sailWall,-0.11085000000034667,0.48238375233743297,-0.1180989258424985,-0.9999999999999999,-7.815394144425821e-16,2.9343270201002017e-12,0.00111312818597186,-8.080992028387935e-14,7484.538922892781,-1319.726150268671,1.3315706137888161e-08,6.985185206751787e-08,-1.4226789595296818e-08,1.4398628551765229e-09,-3.1527348217297725e-09,-1.4255485400245603e-08,1.4398628551765229e-09,-3.1527348217297725e-09,-1.4255485400245603e-08,4,False,250.0
b712773f15e0f684,20270301_h250_r0_p90_y80_TPMC_N400000_S101,101,sample,98,triangle_0098,sailWall,-0.11084999999965338,-0.48238375233743297,0.11809892584314961,-1.0,-4.656644032616611e-16,2.9365221973035436e-12,0.001113128185971854,-8.080992028387935e-14,7484.538922892781,-1319.726150268671,2.320654683192145e-08,1.2145933538179407e-07,-1.3385312156313504e-08,-8.930143431066418e-09,1.4735094844898056e-09,-2.193958025311968e-09,-8.930143431066418e-09,1.4735094844898056e-09,-2.193958025311968e-09,8,False,250.0
b712773f15e0f684,20270301_h250_r0_p90_y80_TPMC_N400000_S101,101,sample,99,triangle_0099,sailWall,-0.1108499999983472,-0.029176701761699595,0.5630960799630836,-1.0,-6.696562727599333e-16,2.934829777638656e-12,0.0010850880972335761,-8.080992028387935e-14,7484.538922892781,-1319.726150268671,1.849345137348336e-08,1.2559416955744658e-07,-1.543662962909682e-08,-7.017629338410752e-08,8.738238276593719e-09,-1.3350340638069373e-08,-7.017629338410752e-08,8.738238276593719e-09,-1.3350340638069373e-08,6,False,250.0
b712773f15e0f684,20270301_h250_r0_p90_y80_TPMC_N400000_S101,101,sample,100,triangle_0100,sailWall,-0.11084999999890394,-0.10483091295717052,0.37342866495723975,-1.0,-1.0258584120691876e-15,2.934381063255614e-12,0.0011937789130281207,-8.080992028387935e-14,7484.538922892781,-1319.726150268671,2.0860687035769232e-08,1.1857996993467602e-07,-2.2542706593382493e-08,-4.2466589568362744e-08,5.388039868910603e-09,-1.0962340068690082e-08,-4.2466589568362744e-08,5.388039868910603e-09,-1.0962340068690082e-08,7,False,250.0
b712773f15e0f684,20270301_h250_r0_p90_y80_TPMC_N400000_S101,101,sample,101,triangle_0101,sailWall,-0.11085000000109613,0.10483147426580607,-0.3734287308673892,-1.0,8.736398649015352e-16,2.9357044057299126e-12,0.0011937841907409743,-8.080992028387935e-14,7484.538922892781,-1319.726150268671,1.966772912661302e-08,1.2714390480392078e-07,-2.7917419865576628e-08,4.38143567911929e-08,-1.0308699420702903e-08,-1.6135503811920404e-08,4.38143567911929e-08,-1.0308699420702903e-08,-1.6135503811920404e-08,7,False,250.0
b712773f15e0f684,20270301_h250_r0_p90_y80_TPMC_N400000_S101,101,sample,102,triangle_0102,sailWall,-0.1108500000003077,-0.37342864755516275,-0.10483098222851511,-1.0,8.732631915491621e-16,2.9353273158985425e-12,0.0011937773400938873,-8.080992028387935e-14,7484.538922892781,-1319.726150268671,7.48171290104846e-09,3.8646477819609935e-08,-2.6230741758672536e-09,5.201446468064297e-09,-1.096454357461854e-09,-1.4179639385438078e-09,5.201446468064297e-09,-1.096454357461854e-09,-1.4179639385438078e-09,2,False,250.0
b712773f15e0f684,20270301_h250_r0_p90_y80_TPMC_N400000_S101,101,sample,103,triangle_0103,sailWall,-0.11084999999969229,0.3734287257673227,0.10483147899058172,-1.0,7.803811827050831e-16,2.935326035637498e-12,0.001193783807867412,-8.080992028387935e-14,7484.538922892781,-1319.726150268671,1.3336511230769595e-08,1.0743169641728005e-07,-2.5704250660076818e-08,-2.069424689440742e-08,-1.427876273630707e-09,-1.679487560831592e-08,-2.069424689440742e-08,-1.427876273630707e-09,-1.679487560831592e-08,5,False,250.0
b712773f15e0f684,20270301_h250_r0_p90_y80_TPMC_N400000_S101,101,sample,104,triangle_0104,sailWall,-0.11085000000122824,0.07875680931494455,-0.41843577678327365,-1.0,-3.7619414812700947e-16,2.934626826087798e-12,0.001130922044840668,-8.080992028387935e-14,7484.538922892781,-1319.726150268671,1.788951105584166e-08,1.009995333858767e-07,-2.3629399887968426e-08,3.98837012340686e-08,-1.0034224192799629e-08,-1.2577951845858125e-08,3.98837012340686e-08,-1.0034224192799629e-08,-1.2577951845858125e-08,5,False,250.0
b712773f15e0f684,20270301_h250_r0_p90_y80_TPMC_N400000_S101,101,sample,105,triangle_0105,sailWall,-0.11085000000023121,-0.418434561295071,-0.07875434251629784,-1.0,1.4327175743959504e-17,2.934685267913699e-12,0.0011308305378624445,-8.080992028387935e-14,7484.538922892781,-1319.726150268671,2.5478563116398244e-08,1.5038375206636371e-07,-3.6562945822351486e-08,2.6319737695855773e-08,-5.84762802026705e-09,-6.0486937981496235e-09,2.6319737695855773e-08,-5.84762802026705e-09,-6.0486937981496235e-09,9,False,250.0
b712773f15e0f684,20270301_h250_r0_p90_y80_TPMC_N400000_S101,101,sample,106,triangle_0106,sailWall,-0.11084999999976884,0.418435771683207,0.07875681403972072,-1.0,5.721510392092098e-16,2.9364925397064518e-12,0.0011309225474899715,-8.080992028387935e-14,7484.538922892781,-1319.726150268671,2.0330593222207362e-08,1.5663436711524059e-07,-3.025183814354833e-08,-2.496793505315588e-08,-1.6940228303027836e-09,-2.575410640813083e-08,-2.496793505315588e-08,-1.6940228303027836e-09,-2.575410640813083e-08,7,False,250.0
b712773f15e0f684,20270301_h250_r0_p90_y80_TPMC_N400000_S101,101,sample,107,triangle_0107,sailWall,-0.11084999999877183,-0.07875411060217798,0.4184345855403735,-1.0,-1.5946380427355665e-17,2.93685978745269e-12,0.0011308299396223264,-8.080992028387935e-14,7484.538922892781,-1319.726150268671,2.2552529747311917e-09,2.0899226130145477e-08,-2.4302237138858895e-09,-8.365746542579374e-09,6.565598041638471e-10,-2.117205478415737e-09,-8.365746542579374e-09,6.565598041638471e-10,-2.117205478415737e-09,1,False,250.0
b712773f15e0f684,20270301_h250_r0_p90_y80_TPMC_N400000_S101,101,sample,108,triangle_0108,sailWall,-0.11084999999826817,-0.027776604615044664,0.590017994199533,-1.0,-7.094351982902904e-16,2.9365089644620027e-12,0.001199220750186275,-8.080992028387935e-14,7484.538922892781,-1319.726150268671,1.6757173544637938e-08,1.4901223860137643e-07,-2.3687255562873137e-08,-8.788225872617346e-08,7.298436919307948e-09,-1.6124156476717137e-08,-8.788225872617346e-08,7.298436919307948e-09,-1.6124156476717137e-08,6,False,250.0
b712773f15e0f684,20270301_h250_r0_p90_y80_TPMC_N400000_S101,101,sample,109,triangle_0109,sailWall,-0.11084999999929702,0.1269875809625682,0.23950281307198332,-1.0,6.975862567873242e-16,2.935696573322965e-12,0.0011560146241961196,-8.080992028387935e-14,7484.538922892781,-1319.726150268671,2.6022677936433735e-09,2.879616113211956e-08,-6.342346041529213e-09,-7.781699431878768e-09,-7.069017984416968e-11,-3.5137899248507325e-09,-7.781699431878768e-09,-7.069017984416968e-11,-3.5137899248507325e-09,1,False,250.0
b712773f15e0f684,20270301_h250_r0_p90_y80_TPMC_N400000_S101,101,sample,110,triangle_0110,sailWall,-0.11085000000037278,0.23950257472339706,-0.12698783672700495,-1.0,1.0152470211934931e-15,2.9350916160141127e-12,0.001156018130514278,-8.080992028387935e-14,7484.538922892781,-1319.726150268671,1.6517797904175485e-08,1.0603935437289421e-07,-1.1956561119427165e-08,1.0805084451153579e-08,-3.474579599117798e-09,-1.5788299452090728e-08,1.0805084451153579e-08,-3.474579599117798e-09,-1.5788299452090728e-08,5,False,250.0
b712773f15e0f684,20270301_h250_r0_p90_y80_TPMC_N400000_S101,101,sample,111,triangle_0111,sailWall,-0.110850000000703,-0.12698783672733058,-0.23950257472307138,-1.0,-1.3898133851740706e-15,2.934461215858936e-12,0.0011560181305142769,-8.080992028387935e-14,7484.538922892781,-1319.726150268671,9.0628169430297e-09,6.381696857281761e-08,-1.0035830548127959e-08,1.6535767522827055e-08,-3.3128904858452583e-09,-5.888328533734004e-09,1.6535767522827055e-08,-3.3128904858452583e-09,-5.888328533734004e-09,4,False,250.0
b712773f15e0f684,20270301_h250_r0_p90_y80_TPMC_N400000_S101,101,sample,112,triangle_0112,sailWall,-0.1108499999996273,-0.23950257472339684,0.12698783672765568,-1.0,-1.192127968656878e-15,2.9350806351581503e-12,0.0011560181305142793,-8.080992028387935e-14,7484.538922892781,-1319.726150268671,1.0622942168954459e-08,5.796279308136496e-08,-1.074557186423541e-08,-4.127126388144669e-09,3.852687495433002e-11,-3.8997553020143915e-09,-4.127126388144669e-09,3.852687495433002e-11,-3.8997553020143915e-09,4,False,250.0
b712773f15e0f684,20270301_h250_r0_p90_y80_TPMC_N400000_S101,101,sample,113,triangle_0113,sailWall,-0.11084999999951567,0.15321464549539776,0.1650247197232081,-1.0,2.505397296686467e-17,2.9349580193199094e-12,0.001242482471699326,-8.080992028387935e-14,7484.538922892781,-1319.726150268671,2.11934129233775e-08,1.6963580180211444e-07,-2.6270222626379423e-08,-3.309529990316556e-08,6.760365684660346e-10,-2.2286376573679513e-08,-3.309529990316556e-08,6.760365684660346e-10,-2.2286376573679513e-08,7,False,250.0
b712773f15e0f684,20270301_h250_r0_p90_y80_TPMC_N400000_S101,101,sample,114,triangle_0114,sailWall,-0.11085000000044974,0.165024666044451,-0.1532147030958757,-1.0,9.917238157428445e-16,2.9363098075629365e-12,0.001242481389243721,-8.080992028387935e-14,7484.538922892781,-1319.726150268671,2.4662245370862588e-08,1.4308426101470384e-07,-1.899096429535404e-08,1.8034028571850832e-08,-5.76571464762783e-09,-1.9956501440508842e-08,1.8034028571850832e-08,-5.76571464762783e-09,-1.9956501440508842e-08,8,False,250.0
b712773f15e0f684,20270301_h250_r0_p90_y80_TPMC_N400000_S101,101,sample,115,triangle_0115,sailWall,-0.1108500000004844,-0.1532147030962011,-0.16502466604412533,-1.0,1.2474677413547673e-16,2.9372024999233318e-12,0.0012424813892437194,-8.080992028387935e-14,7484.538922892781,-1319.726150268671,3.604341390549343e-08,2.0858113732921878e-07,-2.859282096482662e-08,3.889728085302154e-08,-9.090756928513455e-09,-1.7628375052796207e-08,3.889728085302154e-08,-9.090756928513455e-09,-1.7628375052796207e-08,10,False,250.0
b712773f15e0f684,20270301_h250_r0_p90_y80_TPMC_N400000_S101,101,sample,116,triangle_0116,sailWall,-0.11084999999955031,-0.16502466604445087,0.15321470309652654,-1.0,-1.2475799561810775e-15,2.936407058862866e-12,0.0012424813892437327,-8.080992028387935e-14,7484.538922892781,-1319.726150268671,1.9780994740148737e-08,1.299307700317947e-07,-2.5559133118089175e-08,-1.4434220008331002e-08,2.5023588304675394e-11,-1.1090429513298697e-08,-1.4434220008331002e-08,2.5023588304675394e-11,-1.1090429513298697e-08,6,False,250.0
b712773f15e0f684,20270301_h250_r0_p90_y80_TPMC_N400000_S101,101,sample,117,triangle_0117,sailWall,-0.11085000000045314,0.19459339656392247,-0.15437282695461477,-1.0,-9.063251889901061e-16,2.9363922384217598e-12,0.0013024534267011922,-8.080992028387935e-14,7484.538922892781,-1319.726150268671,3.3863182701162805e-08,2.62635083117107e-07,-4.914729227348904e-08,3.161809255550764e-08,-1.0733015829336026e-08,-3.5666260378902964e-08,3.161809255550764e-08,-1.0733015829336026e-08,-3.5666260378902964e-08,13,False,250.0
b712773f15e0f684,20270301_h250_r0_p90_y80_TPMC_N400000_S101,101,sample,118,triangle_0118,sailWall,-0.11084999999942886,0.15437264297625428,0.19459356801476144,-1.0,7.541794266259973e-17,2.9361177169006935e-12,0.0013024598576812096,-8.080992028387935e-14,7484.538922892781,-1319.726150268671,2.5835485904533086e-08,1.689022545180715e-07,-2.6240249999109668e-08,-3.5705224425961454e-08,1.9909195333119565e-09,-2.243626619255035e-08,-3.5705224425961454e-08,1.9909195333119565e-09,-2.243626619255035e-08,7,False,250.0
b712773f15e0f684,20270301_h250_r0_p90_y80_TPMC_N400000_S101,101,sample,119,triangle_0119,sailWall,-0.11084999999954691,-0.1945933965639222,0.1543728269552656,-0.9999999999999999,1.2298688617414509e-15,2.9362994651004062e-12,0.001302453426701195,-8.080992028387935e-14,7484.538922892781,-1319.726150268671,3.98520869080517e-08,2.7115465692999484e-07,-3.545381955370424e-08,-3.3490493229617357e-08,1.946931039760675e-09,-2.2228360949391186e-08,-3.3490493229617357e-08,1.946931039760675e-09,-2.2228360949391186e-08,14,False,250.0
b712773f15e0f684,20270301_h250_r0_p90_y80_TPMC_N400000_S101,101,sample,120,triangle_0120,sailWall,-0.11085000000057121,-0.15437282695494023,-0.19459339656359664,-1.0,-2.7622440186251857e-17,2.933694053696739e-12,0.0013024534267011803,-8.080992028387935e-14,7484.538922892781,-1319.726150268671,3.580146615328765e-08,1.9251433448276195e-07,-3.6666855254498206e-08,4.291521656608017e-08,-1.097590298713308e-08,-1.5665993201398872e-08,4.291521656608017e-08,-1.097590298713308e-08,-1.5665993201398872e-08,11,False,250.0
b712773f15e0f684,20270301_h250_r0_p90_y80_TPMC_N400000_S101,101,sample,121,triangle_0121,sailWall,-0.11085000000029749,0.28366049270531574,-0.1013484295531228,-1.0,-1.919234792077883e-16,2.93478841964969e-12,0.0011495716341289746,-8.080992028387935e-14,7484.538922892781,-1319.726150268671,5.850125378678974e-09,5.5140939418182675e-08,-9.693370537225391e-09,2.8115457757578647e-09,-1.6872699458342701e-09,-7.795771990770234e-09,2.8115457757578647e-09,-1.6872699458342701e-09,-7.795771990770234e-09,2,False,250.0
b712773f15e0f684,20270301_h250_r0_p90_y80_TPMC_N400000_S101,101,sample,122,triangle_0122,sailWall,-0.1108499999991674,0.10134827860208902,0.2836606333778498,-1.0,-6.089825718540623e-16,2.9345216254016237e-12,0.0011495589693653395,-8.080992028387935e-14,7484.538922892781,-1319.726150268671,6.632074144251918e-09,5.778870259338674e-08,-8.625952073963901e-09,-1.7222612269101663e-08,9.055327271124079e-10,-7.16149611938298e-09,-1.7222612269101663e-08,9.055327271124079e-10,-7.16149611938298e-09,3,False,250.0
b712773f15e0f684,20270301_h250_r0_p90_y80_TPMC_N400000_S101,101,sample,123,triangle_0123,sailWall,-0.1108499999997025,-0.2836604927053155,0.10134842955377356,-1.0,-3.4903445473300875e-16,2.934520373301496e-12,0.0011495716341289799,-8.080992028387935e-14,7484.538922892781,-1319.726150268671,4.202192716485177e-09,3.231957696737603e-08,-7.054205058434778e-09,-5.843508300665687e-10,-3.805283286273905e-10,-2.443514519739213e-09,-5.843508300665687e-10,-3.805283286273905e-10,-2.443514519739213e-09,3,False,250.0
b712773f15e0f684,20270301_h250_r0_p90_y80_TPMC_N400000_S101,101,sample,124,triangle_0124,sailWall,-0.1108500000008326,-0.10134842955344846,-0.2836604927049902,-0.9999999999999999,-8.599413281853454e-16,2.9346647359346365e-12,0.0011495716341289846,-8.080992028387935e-14,7484.538922892781,-1319.726150268671,1.6040482088725217e-08,8.572339375804064e-08,-1.283370263867883e-08,2.5387248323992002e-08,-5.9548693088295615e-09,-7.939693466198267e-09,2.5387248323992002e-08,-5.9548693088295615e-09,-7.939693466198267e-09,5,False,250.0
b712773f15e0f684,20270301_h250_r0_p90_y80_TPMC_N400000_S101,101,sample,125,triangle_0125,sailWall,-0.11084999999925448,0.15326613107155004,0.25400165960380106,-1.0,-1.5470805044726358e-16,2.9351919417071594e-12,0.0011386668622461662,-8.080992028387935e-14,7484.538922892781,-1319.726150268671,1.1610201763364448e-08,7.113219520121184e-08,-9.383357783822511e-09,-1.9680393812485118e-08,1.922253214028555e-09,-9.639599598407173e-09,-1.9680393812485118e-08,1.922253214028555e-09,-9.639599598407173e-09,4,False,250.0
b712773f15e0f684,20270301_h250_r0_p90_y80_TPMC_N400000_S101,101,sample,126,triangle_0126,sailWall,-0.11085000000074552,-0.15326703677970913,-0.2540008155698957,-1.0,-7.23907932004203e-17,2.935241243347217e-12,0.0011386820029983709,-8.080992028387935e-14,7484.538922892781,-1319.726150268671,1.4684154637183126e-08,8.67733053575672e-08,-1.7480695219761025e-08,2.431034846432909e-08,-5.619097942738722e-09,-7.481020443061655e-09,2.431034846432909e-08,-5.619097942738722e-09,-7.481020443061655e-09,6,False,250.0
b712773f15e0f684,20270301_h250_r0_p90_y80_TPMC_N400000_S101,101,sample,127,triangle_0127,sailWall,-0.11084999999955016,-0.2540008155702212,0.15326703678003428,-1.0,-6.407591460413169e-16,2.934149404202401e-12,0.0011386820029983687,-8.080992028387935e-14,7484.538922892781,-1319.726150268671,2.101186650611951e-08,1.4389201633063506e-07,-2.005433246048181e-08,-1.7433371000191678e-08,1.1446042887715924e-09,-1.057019122457368e-08,-1.7433371000191678e-08,1.1446042887715924e-09,-1.057019122457368e-08,7,False,250.0
b712773f15e0f684,20270301_h250_r0_p90_y80_TPMC_N400000_S101,101,sample,128,triangle_0128,sailWall,-0.11085000000044991,0.2540008155702216,-0.1532670367793835,-1.0,4.81200004471702e-16,2.9359935914131535e-12,0.0011386820029983698,-8.080992028387935e-14,7484.538922892781,-1319.726150268671,3.335491275720977e-08,2.1005682885055644e-07,-3.1895663909998304e-08,2.508698056628291e-08,-8.759123594491163e-09,-3.172002600442118e-08,2.508698056628291e-08,-8.759123594491163e-09,-3.172002600442118e-08,10,False,250.0
b712773f15e0f684,20270301_h250_r0_p90_y80_TPMC_N400000_S101,101,sample,129,triangle_0129,sailWall,-0.11085000000037194,0.21010574010605806,-0.12670760625025473,-1.0,-1.7017752318651601e-15,2.935078099855727e-12,0.0011604360199491221,-8.080992028387935e-14,7484.538922892781,-1319.726150268671,6.7211610668201225e-09,3.488425240148552e-08,-4.205577237938139e-09,3.2405294123814673e-09,-1.268256750204349e-09,-5.290873101549758e-09,3.2405294123814673e-09,-1.268256750204349e-09,-5.290873101549758e-09,2,False,250.0
b712773f15e0f684,20270301_h250_r0_p90_y80_TPMC_N400000_S101,101,sample,130,triangle_0130,sailWall,-0.11084999999938333,0.12670745880971743,0.21010587750714563,-1.0,6.97363659499735e-16,2.9357412591625343e-12,0.0011604306572070655,-8.080992028387935e-14,7484.538922892781,-1319.726150268671,2.638545271092841e-08,1.4569878687290555e-07,-2.6460295519551234e-08,-3.484000839865553e-08,2.7364329472869687e-09,-1.953692493086876e-08,-3.484000839865553e-08,2.7364329472869687e-09,-1.953692493086876e-08,7,False,250.0
b712773f15e0f684,20270301_h250_r0_p90_y80_TPMC_N400000_S101,101,sample,131,triangle_0131,sailWall,-0.11084999999962813,-0.2101057401060579,0.1267076062509054,-1.0,4.97196073106651e-16,2.935089038906514e-12,0.0011604360199491248,-8.080992028387935e-14,7484.538922892781,-1319.726150268671,1.430315998038612e-08,8.584126587149943e-08,-2.0826941402279964e-08,-6.148261258282047e-09,-5.813332396158423e-10,-6.61194610318172e-09,-6.148261258282047e-09,-5.813332396158423e-10,-6.61194610318172e-09,5,False,250.0
b712773f15e0f684,20270301_h250_r0_p90_y80_TPMC_N400000_S101,101,sample,132,triangle_0132,sailWall,-0.11085000000061673,-0.12670760625058028,-0.21010574010573246,-1.0,-1.3900996614370398e-15,2.9345187632000396e-12,0.001160436019949115,-8.080992028387935e-14,7484.538922892781,-1319.726150268671,1.1035579754810712e-08,6.86636489145087e-08,-8.772469790538726e-09,1.5882390836761503e-08,-3.3764361164164444e-09,-6.265551962557495e-09,1.5882390836761503e-08,-3.3764361164164444e-09,-6.265551962557495e-09,4,False,250.0
b712773f15e0f684,20270301_h250_r0_p90_y80_TPMC_N400000_S101,101,sample,133,triangle_0133,sailWall,-0.11085000000173269,0.02834648762402427,-0.5903032881946583,-1.0,-2.915632933051602e-16,2.9351486294826667e-12,0.0012162144302695834,-8.080992028387935e-14,7484.538922892781,-1319.726150268671,2.5341432552489258e-08,1.350575440062058e-07,-3.051048905659584e-08,7.871370502226564e-08,-1.8259576185865042e-08,-1.55608355240709e-08,7.871370502226564e-08,-1.8259576185865042e-08,-1.55608355240709e-08,7,False,250.0
b712773f15e0f684,20270301_h250_r0_p90_y80_TPMC_N400000_S101,101,sample,134,triangle_0134,sailWall,-0.11085000000008323,-0.5903035049748165,-0.028344383279882476,-1.0,-3.0502652741135884e-16,2.935459075845528e-12,0.0012161784690709466,-8.080992028387935e-14,7484.538922892781,-1319.726150268671,1.729863779980559e-08,8.558960021616389e-08,-1.476999745643819e-08,1.0573610340242644e-08,-2.0290545916566977e-09,7.827521563430597e-10,1.0573610340242644e-08,-2.0290545916566977e-09,7.827521563430597e-10,5,False,250.0
b712773f15e0f684,20270301_h250_r0_p90_y80_TPMC_N400000_S101,101,sample,135,triangle_0135,sailWall,-0.11084999999991678,0.5903030022600436,0.028345739405412993,-1.0,-3.5649040610458387e-16,2.935555851526533e-12,0.001216250267269282,-8.080992028387935e-14,7484.538922892781,-1319.726150268671,2.354098954212118e-08,1.4940663637845396e-07,-2.954753840317632e-08,-2.1768769025222246e-08,-2.642268489903434e-09,-3.0578962280541104e-08,-2.1768769025222246e-08,-2.642268489903434e-09,-3.0578962280541104e-08,8,False,250.0
b712773f15e0f684,20270301_h250_r0_p90_y80_TPMC_N400000_S101,101,sample,136,triangle_0136,sailWall,-0.11084999999946514,0.43716536380877896,0.18223004019655795,-0.9999999999999999,2.5085890797572405e-16,2.933829860090015e-12,0.001314385539681941,-8.080992028387935e-14,7484.538922892781,-1319.726150268671,1.5576974046704817e-08,9.766460716609149e-08,-2.468003634340367e-08,-2.910763773009251e-08,1.7579938542770361e-10,-1.770322741167615e-08,-2.910763773009251e-08,1.7579938542770361e-10,-1.770322741167615e-08,6,False,250.0
b712773f15e0f684,20270301_h250_r0_p90_y80_TPMC_N400000_S101,101,sample,137,triangle_0137,sailWall,-0.1108500000012832,0.18222981342262143,-0.4371656086272409,-1.0,-4.804043308703468e-16,2.9356092818601237e-12,0.0013143643056545099,-8.080992028387935e-14,7484.538922892781,-1319.726150268671,3.517350491229536e-08,2.6043152693173967e-07,-4.8729465202647264e-08,1.0535112161145114e-07,-2.078162706945264e-08,-3.524862422294353e-08,1.0535112161145114e-07,-2.078162706945264e-08,-3.524862422294353e-08,12,False,250.0
b712773f15e0f684,20270301_h250_r0_p90_y80_TPMC_N400000_S101,101,sample,138,triangle_0138,sailWall,-0.11085000000053487,-0.4371706670329023,-0.1822219937387963,-1.0,1.0380493278716291e-15,2.9334703161334238e-12,0.0013147728341903315,-8.080992028387935e-14,7484.538922892781,-1319.726150268671,1.4434712795135423e-08,1.081428627653534e-07,-1.3918565968261384e-08,2.5509292293975348e-08,-4.082923349064708e-09,-5.696593936981044e-09,2.5509292293975348e-08,-4.082923349064708e-09,-5.696593936981044e-09,5,False,250.0
b712773f15e0f684,20270301_h250_r0_p90_y80_TPMC_N400000_S101,101,sample,139,triangle_0139,sailWall,-0.11084999999871681,-0.18222194717006232,0.4371706823179058,-0.9999999999999999,-7.377851495777464e-16,2.9350937734246122e-12,0.00131477434877408,-8.080992028387935e-14,7484.538922892781,-1319.726150268671,1.0533051697075947e-08,8.401254646108227e-08,-1.4525434681666381e-08,-3.338599873031044e-08,2.8970212090423554e-09,-7.459651291566826e-09,-3.338599873031044e-08,2.8970212090423554e-09,-7.459651291566826e-09,4,False,250.0
b712773f15e0f684,20270301_h250_r0_p90_y80_TPMC_N400000_S101,101,sample,140,triangle_0140,sailWall,-0.11084999999864543,-0.20227494861646633,0.4614907062691325,-1.0,7.484344179148565e-16,2.933464512040721e-12,0.001132952390368275,-8.080992028387935e-14,7484.538922892781,-1319.726150268671,2.0727321353203055e-08,1.6963770328197534e-07,-3.771029110400919e-08,-7.088956705373415e-08,5.40966778137326e-09,-1.4626116214159346e-08,-7.088956705373415e-08,5.40966778137326e-09,-1.4626116214159346e-08,9,False,250.0
b712773f15e0f684,20270301_h250_r0_p90_y80_TPMC_N400000_S101,101,sample,141,triangle_0141,sailWall,-0.1108499999994063,0.4614860614357342,0.20228200632282692,-1.0,1.1956571474633913e-16,2.9337100800829377e-12,0.0011325449128621655,-8.080992028387935e-14,7484.538922892781,-1319.726150268671,3.6191517819222916e-08,2.1369383949228296e-07,-3.3968519191228064e-08,-6.028134002553729e-08,3.74101575144058e-09,-4.056717680708538e-08,-6.028134002553729e-08,3.74101575144058e-09,-4.056717680708538e-08,10,False,250.0
b712773f15e0f684,20270301_h250_r0_p90_y80_TPMC_N400000_S101,101,sample,142,triangle_0142,sailWall,-0.1108500000013546,0.20228180789559203,-0.46148627565184736,-1.0,-2.7731749576298365e-16,2.935386673799257e-12,0.0011325248285996047,-8.080992028387935e-14,7484.538922892781,-1319.726150268671,1.1687135715571504e-08,1.0265420104250418e-07,-1.9290801035928256e-08,4.4345788131971046e-08,-7.565431504165808e-09,-1.3599343705574559e-08,4.4345788131971046e-08,-7.565431504165808e-09,-1.3599343705574559e-08,5,False,250.0
b712773f15e0f684,20270301_h250_r0_p90_y80_TPMC_N400000_S101,101,sample,143,triangle_0143,sailWall,-0.11085000000059374,-0.461490701756842,-0.20227496567220413,-1.0,1.79382752183051e-15,2.9341597408707977e-12,0.0011329513531960832,-8.080992028387935e-14,7484.538922892781,-1319.726150268671,2.300630133717586e-08,1.3119284630602152e-07,-2.1035427722707155e-08,3.72188718323893e-08,-7.174783463387877e-09,-3.879648662378337e-09,3.72188718323893e-08,-7.174783463387877e-09,-3.879648662378337e-09,6,False,250.0
b712773f15e0f684,20270301_h250_r0_p90_y80_TPMC_N400000_S101,101,sample,144,triangle_0144,sailWall,-0.11085000000074596,-0.10107410935931792,-0.2541367372481316,-1.0,-8.601699570317313e-16,2.93414258841787e-12,0.0011426865274487678,-8.080992028387935e-14,7484.538922892781,-1319.726150268671,2.8898990697785024e-08,2.1166376494413847e-07,-3.858724175899193e-08,5.8121415389559305e-08,-1.1696575885622467e-08,-2.054345985223401e-08,5.8121415389559305e-08,-1.1696575885622467e-08,-2.054345985223401e-08,9,False,250.0
b712773f15e0f684,20270301_h250_r0_p90_y80_TPMC_N400000_S101,101,sample,145,triangle_0145,sailWall,-0.1108500000002967,0.2541367372484571,-0.10107410935899226,-1.0,8.325776819718072e-16,2.934787971058994e-12,0.0011426865274487682,-8.080992028387935e-14,7484.538922892781,-1319.726150268671,1.3064432164828895e-08,9.161364392334649e-08,-1.4870100583980565e-08,6.133472962348573e-09,-3.0911861047747454e-09,-1.3524353524926053e-08,6.133472962348573e-09,-3.0911861047747454e-09,-1.3524353524926053e-08,5,False,250.0
b712773f15e0f684,20270301_h250_r0_p90_y80_TPMC_N400000_S101,101,sample,146,triangle_0146,sailWall,-0.11084999999925406,0.10107395840795824,0.2541368779209913,-1.0,-6.081355815438596e-16,2.9364820627585485e-12,0.0011426847432258343,-8.080992028387935e-14,7484.538922892781,-1319.726150268671,2.018071019915778e-08,1.0154612316023813e-07,-2.7843258900828876e-08,-2.87133177808229e-08,1.9746311159355143e-09,-1.3345034547126145e-08,-2.87133177808229e-08,1.9746311159355143e-09,-1.3345034547126145e-08,6,False,250.0
b712773f15e0f684,20270301_h250_r0_p90_y80_TPMC_N400000_S101,101,sample,147,triangle_0147,sailWall,-0.11084999999970334,-0.2541367372484569,0.10107410935964296,-1.0,-1.5288643241774224e-15,2.9345208899048172e-12,0.0011426865274487615,-8.080992028387935e-14,7484.538922892781,-1319.726150268671,2.262903694898524e-08,1.3831843097806239e-07,-2.8585724023882888e-08,-6.5594490853872625e-09,-9.683194381402302e-10,-9.545199218150587e-09,-6.5594490853872625e-09,-9.683194381402302e-10,-9.545199218150587e-09,8,False,250.0
b712773f15e0f684,20270301_h250_r0_p90_y80_TPMC_N400000_S101,101,sample,148,triangle_0148,sailWall,-0.1108499999991467,-0.3283829933648818,0.29072712937923045,-1.0,-5.977098732159253e-16,2.935318537460091e-12,0.0012144131066522024,-8.080992028387935e-14,7484.538922892781,-1319.726150268671,1.1765127165108189e-08,8.5869013224657e-08,-2.2330628763254166e-08,-1.7712442267946686e-08,9.412309750445354e-10,-5.591381896056479e-09,-1.7712442267946686e-08,9.412309750445354e-10,-5.591381896056479e-09,4,False,250.0
b712773f15e0f684,20270301_h250_r0_p90_y80_TPMC_N400000_S101,101,sample,149,triangle_0149,sailWall,-0.1108500000009639,-0.2907271293789056,-0.3283829933645555,-1.0,1.790291154116463e-17,2.935881357045477e-12,0.0012144131066522108,-8.080992028387935e-14,7484.538922892781,-1319.726150268671,2.6969651810378646e-08,1.592813248893704e-07,-3.2388746224422536e-08,6.162108024345177e-08,-1.241128293031896e-08,-9.720754833258239e-09,6.162108024345177e-08,-1.241128293031896e-08,-9.720754833258239e-09,8,False,250.0
b712773f15e0f684,20270301_h250_r0_p90_y80_TPMC_N400000_S101,101,sample,150,triangle_0150,sailWall,-0.11085000000085338,0.32838299336488186,-0.2907271293785796,-1.0,-1.4072764110712381e-15,2.933516001038796e-12,0.001214413106652202,-8.080992028387935e-14,7484.538922892781,-1319.726150268671,2.5553166794731446e-08,1.6057946493338366e-07,-3.135153823574416e-08,3.612529988827514e-08,-1.0795019472637522e-08,-2.6099407440325328e-08,3.612529988827514e-08,-1.0795019472637522e-08,-2.6099407440325328e-08,9,False,250.0
b712773f15e0f684,20270301_h250_r0_p90_y80_TPMC_N400000_S101,101,sample,151,triangle_0151,sailWall,-0.1108499999991452,0.32852107530224345,0.2912302955912442,-1.0,-6.960692497869078e-16,2.937014612975439e-12,0.0012307483973046432,-8.080992028387935e-14,7484.538922892781,-1319.726150268671,5.780430321853158e-09,5.320403704190082e-08,-1.0867543853905951e-08,-1.891407832246191e-08,4.4089710902039833e-10,-7.884916882164597e-09,-1.891407832246191e-08,4.4089710902039833e-10,-7.884916882164597e-09,3,False,250.0
b712773f15e0f684,20270301_h250_r0_p90_y80_TPMC_N400000_S101,101,sample,152,triangle_0152,sailWall,-0.1108499999991226,0.2985326499813176,0.2989292695039579,-1.0,1.189230071685915e-15,2.9365112683610746e-12,0.0012617998471750082,-8.080992028387935e-14,7484.538922892781,-1319.726150268671,2.5207862299678194e-08,2.0579449195155324e-07,-4.081099329572112e-08,-7.273959897282136e-08,2.8721041902917866e-09,-3.0333942372981165e-08,-7.273959897282136e-08,2.8721041902917866e-09,-3.0333942372981165e-08,10,False,250.0
b712773f15e0f684,20270301_h250_r0_p90_y80_TPMC_N400000_S101,101,sample,153,triangle_0153,sailWall,-0.11085000000087637,0.2988269071066237,-0.29856499036214196,-1.0,1.6563925825691583e-15,2.93430328490228e-12,0.0012585412919178707,-8.080992028387935e-14,7484.538922892781,-1319.726150268671,9.809908242768256e-09,6.549099273953921e-08,-1.620637042581065e-08,1.4529843599663071e-08,-4.7114143266486745e-09,-1.0230075961836501e-08,1.4529843599663071e-08,-4.7114143266486745e-09,-1.0230075961836501e-08,4,False,250.0
b712773f15e0f684,20270301_h250_r0_p90_y80_TPMC_N400000_S101,101,sample,154,triangle_0154,sailWall,-0.11085000000087714,-0.2985649903624681,-0.29882690710629745,-0.9999999999999999,8.934882714875493e-17,2.9356033294540065e-12,0.001258541291917866,-8.080992028387935e-14,7484.538922892781,-1319.726150268671,2.0668324087369504e-08,1.030879912093577e-07,-1.1387502187457144e-08,3.408314114929473e-08,-7.430558631890095e-09,-5.376573751479463e-09,3.408314114929473e-08,-7.430558631890095e-09,-5.376573751479463e-09,6,False,250.0
b712773f15e0f684,20270301_h250_r0_p90_y80_TPMC_N400000_S101,101,sample,155,triangle_0155,sailWall,-0.1108499999991237,-0.2988269071066237,0.2985649903627929,-1.0,9.736724803313759e-17,2.9354971543415408e-12,0.001258541291917862,-8.080992028387935e-14,7484.538922892781,-1319.726150268671,1.631492929952077e-08,9.524608107155535e-08,-1.153374557363668e-08,-2.3933486445919386e-08,3.4234955641420276e-09,-5.624734660999067e-09,-2.3933486445919386e-08,3.4234955641420276e-09,-5.624734660999067e-09,5,False,250.0
b712773f15e0f684,20270301_h250_r0_p90_y80_TPMC_N400000_S101,101,sample,156,triangle_0156,sailWall,-0.1108499999990815,0.34996354468164265,0.31292730329259194,-1.0,-1.1853599307652949e-15,2.936510537618952e-12,0.0011730732611055508,-8.080992028387935e-14,7484.538922892781,-1319.726150268671,1.2491050700827307e-08,1.0487769954365126e-07,-1.626338240542411e-08,-3.851952772662709e-08,2.101117390206777e-09,-1.6016771172160353e-08,-3.851952772662709e-08,2.101117390206777e-09,-1.6016771172160353e-08,5,False,250.0
b712773f15e0f684,20270301_h250_r0_p90_y80_TPMC_N400000_S101,101,sample,157,triangle_0157,sailWall,-0.11085000000102645,-0.3125930030194652,-0.349690820193355,-0.9999999999999999,-1.115344233902002e-15,2.9347362051126453e-12,0.0011891051405637594,-8.080992028387935e-14,7484.538922892781,-1319.726150268671,3.5784422381117346e-08,1.65552545799786e-07,-2.5849367137196497e-08,6.52532679450179e-08,-1.5212310225356904e-08,-7.0883792744284695e-09,6.52532679450179e-08,-1.5212310225356904e-08,-7.0883792744284695e-09,10,False,250.0
b712773f15e0f684,20270301_h250_r0_p90_y80_TPMC_N400000_S101,101,sample,158,triangle_0158,sailWall,-0.11085000000091755,0.34969082019368125,-0.3125930030191391,-1.0,-1.2667687013624189e-15,2.933376954021212e-12,0.0011891051405637427,-8.080992028387935e-14,7484.538922892781,-1319.726150268671,2.0248501536491053e-08,1.555846326846729e-07,-1.8442954487096666e-08,4.2535962764093287e-08,-8.422471180875884e-09,-2.4306491443872135e-08,4.2535962764093287e-08,-8.422471180875884e-09,-2.4306491443872135e-08,8,False,250.0
b712773f15e0f684,20270301_h250_r0_p90_y80_TPMC_N400000_S101,101,sample,159,triangle_0159,sailWall,-0.1108499999990825,-0.34969082019368125,0.31259300301979004,-1.0,-7.203744609966413e-16,2.9354399268495373e-12,0.0011891051405637399,-8.080992028387935e-14,7484.538922892781,-1319.726150268671,2.264240072975362e-08,1.5626987326417271e-07,-1.7697207203588736e-08,-4.304735992144551e-08,5.263037587838676e-09,-9.188303838445476e-09,-4.304735992144551e-08,5.263037587838676e-09,-9.188303838445476e-09,7,False,250.0
b712773f15e0f684,20270301_h250_r0_p90_y80_TPMC_N400000_S101,101,sample,160,triangle_0160,sailWall,-0.11085000000145762,-0.16495645652357652,-0.49659109922197486,-1.0,5.847233560487219e-16,2.9360415758471874e-12,0.001134990067389196,-8.080992028387935e-14,7484.538922892781,-1319.726150268671,6.813463834297876e-09,7.380190555840809e-08,-1.788032804049875e-08,3.989140928991739e-08,-5.366217368029415e-09,-7.0332478279320335e-09,3.989140928991739e-08,-5.366217368029415e-09,-7.0332478279320335e-09,3,False,250.0
b712773f15e0f684,20270301_h250_r0_p90_y80_TPMC_N400000_S101,101,sample,161,triangle_0161,sailWall,-0.11084999999854239,0.1649564297338417,0.496591078518714,-1.0,8.029364329853584e-16,2.936247078544896e-12,0.001134991738551724,-8.080992028387935e-14,7484.538922892781,-1319.726150268671,1.2378959482862656e-08,1.1064502211314576e-07,-1.3897113536126908e-08,-5.785358727413393e-08,4.679101022567294e-09,-1.4262699951225701e-08,-5.785358727413393e-08,4.679101022567294e-09,-1.4262699951225701e-08,6,False,250.0
b712773f15e0f684,20270301_h250_r0_p90_y80_TPMC_N400000_S101,101,sample,162,triangle_0162,sailWall,-0.1108499999994722,-0.24029836684554615,0.17983013020201177,-1.0,7.181442961219795e-16,2.936383061593181e-12,0.0011245421542646998,-8.080992028387935e-14,7484.538922892781,-1319.726150268671,1.951540914858578e-08,1.3341940206297175e-07,-2.7784167426498645e-08,-1.782398610319815e-08,4.731373524520552e-10,-1.0086190199417673e-08,-1.782398610319815e-08,4.731373524520552e-10,-1.0086190199417673e-08,7,False,250.0
b712773f15e0f684,20270301_h250_r0_p90_y80_TPMC_N400000_S101,101,sample,163,triangle_0163,sailWall,-0.11085000000052786,0.24029836684554665,-0.17983013020136085,-1.0,-5.802174420137777e-16,2.9342489178399732e-12,0.0011245421542646903,-8.080992028387935e-14,7484.538922892781,-1319.726150268671,4.686948419961917e-09,3.501100172939116e-08,-8.823435839992401e-09,4.255398034432955e-09,-1.8331068273703331e-09,-5.051992077296088e-09,4.255398034432955e-09,-1.8331068273703331e-09,-5.051992077296088e-09,2,False,250.0
b712773f15e0f684,20270301_h250_r0_p90_y80_TPMC_N400000_S101,101,sample,164,triangle_0164,sailWall,-0.11084999999929467,0.1798292455565079,0.2402991912504456,-1.0,1.2384785360719618e-15,2.934344439799865e-12,0.0011245854739271373,-8.080992028387935e-14,7484.538922892781,-1319.726150268671,2.5055651727908577e-08,1.6016147157052435e-07,-3.329112965005469e-08,-4.403757143505074e-08,2.2610335954681242e-09,-2.223039076355977e-08,-4.403757143505074e-08,2.2610335954681242e-09,-2.223039076355977e-08,9,False,250.0
b712773f15e0f684,20270301_h250_r0_p90_y80_TPMC_N400000_S101,101,sample,165,triangle_0165,sailWall,-0.11085000000070533,-0.1798301302016864,-0.24029836684522057,-1.0,1.2303405601329147e-15,2.9344486929195803e-12,0.001124542154264692,-8.080992028387935e-14,7484.538922892781,-1319.726150268671,3.937161499076261e-08,2.2053727830280558e-07,-4.5006786692596426e-08,6.205081233694579e-08,-1.4558299738327867e-08,-1.7456436557611094e-08,6.205081233694579e-08,-1.4558299738327867e-08,-1.7456436557611094e-08,11,False,250.0
b712773f15e0f684,20270301_h250_r0_p90_y80_TPMC_N400000_S101,101,sample,166,triangle_0166,sailWall,-0.11085000000037991,0.53405699247285,-0.1294219654101652,-1.0,-3.082026084028127e-16,2.936510416079294e-12,0.0011642847001281465,-8.080992028387935e-14,7484.538922892781,-1319.726150268671,2.1462221288349747e-09,3.105951220732048e-08,-1.9936653123399854e-09,3.042031216436388e-09,-5.061762353821701e-10,-4.6109606219691426e-09,3.042031216436388e-09,-5.061762353821701e-10,-4.6109606219691426e-09,1,False,250.0
b712773f15e0f684,20270301_h250_r0_p90_y80_TPMC_N400000_S101,101,sample,167,triangle_0167,sailWall,-0.11084999999962013,-0.5340569924728499,0.1294219654108162,-1.0,1.1978723354009534e-15,2.9348870087304633e-12,0.0011642847001281406,-8.080992028387935e-14,7484.538922892781,-1319.726150268671,2.4756980772710066e-08,1.2708575846960317e-07,-2.9556574101885005e-08,-1.4028817809064668e-09,1.5800159521844216e-11,-1.0584915614954107e-09,-1.4028817809064668e-09,1.5800159521844216e-11,-1.0584915614954107e-09,8,False,250.0
b712773f15e0f684,20270301_h250_r0_p90_y80_TPMC_N400000_S101,101,sample,168,triangle_0168,sailWall,-0.1108500000004866,-0.49748142510777144,-0.16577110592843033,-1.0,-6.397794718493954e-16,2.9366416141892228e-12,0.0010950713319524657,-8.080992028387935e-14,7484.538922892781,-1319.726150268671,2.5542473235472856e-08,1.1402307776825883e-07,-2.23900281895662e-08,2.9731930365534992e-08,-6.665819496409156e-09,-8.450296200777334e-12,2.9731930365534992e-08,-6.665819496409156e-09,-8.450296200777334e-12,6,False,250.0
b712773f15e0f684,20270301_h250_r0_p90_y80_TPMC_N400000_S101,101,sample,169,triangle_0169,sailWall,-0.1108499999985398,-0.16577102336689212,0.4974814769616273,-1.0,1.521453198307126e-15,2.9344037072878617e-12,0.0010950768300541647,-8.080992028387935e-14,7484.538922892781,-1319.726150268671,3.321851178972532e-08,1.8740646576074734e-07,-3.457337290277268e-08,-8.733468841912327e-08,1.264123509872462e-08,-1.5239617252364553e-08,-8.733468841912327e-08,1.264123509872462e-08,-1.5239617252364553e-08,9,False,250.0
b712773f15e0f684,20270301_h250_r0_p90_y80_TPMC_N400000_S101,101,sample,170,triangle_0170,sailWall,-0.11084999999903507,0.29076432808409164,0.32874583740721125,-0.9999999999999999,1.4455740081595851e-15,2.9355184221099003e-12,0.0012331132076775014,-8.080992028387935e-14,7484.538922892781,-1319.726150268671,1.2227393399767338e-08,7.379932015987533e-08,-1.2025852450999292e-08,-2.7599532771298536e-08,2.670357470090207e-09,-1.180268324757219e-08,-2.7599532771298536e-08,2.670357470090207e-09,-1.180268324757219e-08,4,False,250.0
b712773f15e0f684,20270301_h250_r0_p90_y80_TPMC_N400000_S101,101,sample,171,triangle_0171,sailWall,-0.11085000000096439,0.29114762056931126,-0.32854847757346467,-0.9999999999999999,1.8302512913302186e-15,2.9349553535860545e-12,0.0012276605175601805,-8.080992028387935e-14,7484.538922892781,-1319.726150268671,2.7251044293077874e-08,1.9007449435351887e-07,-2.7712324670689563e-08,5.51195552567269e-08,-1.2131467832203962e-08,-2.9022853456671448e-08,5.51195552567269e-08,-1.2131467832203962e-08,-2.9022853456671448e-08,9,False,250.0
b712773f15e0f684,20270301_h250_r0_p90_y80_TPMC_N400000_S101,101,sample,172,triangle_0172,sailWall,-0.1108500000008546,-0.32854847757379085,-0.29114762056898497,-1.0,5.798893144281302e-16,2.935472538422578e-12,0.0012276605175601694,-8.080992028387935e-14,7484.538922892781,-1319.726150268671,1.8752250162924645e-08,1.216990311616307e-07,-1.7891224631949682e-08,4.095645116246627e-08,-7.376326852207459e-09,-7.28972342921934e-09,4.095645116246627e-08,-7.376326852207459e-09,-7.28972342921934e-09,6,False,250.0
b712773f15e0f684,20270301_h250_r0_p90_y80_TPMC_N400000_S101,101,sample,173,triangle_0173,sailWall,-0.11084999999903566,-0.29114762056931126,0.32854847757411565,-1.0,3.374993297618089e-16,2.936397785731138e-12,0.0012276605175601792,-8.080992028387935e-14,7484.538922892781,-1319.726150268671,1.997365489139449e-08,1.1991835105632878e-07,-2.2707543214973588e-08,-3.291968487935307e-08,4.030394485559366e-09,-7.582147263114397e-09,-3.291968487935307e-08,4.030394485559366e-09,-7.582147263114397e-09,7,False,250.0
b712773f15e0f684,20270301_h250_r0_p90_y80_TPMC_N400000_S101,101,sample,174,triangle_0174,sailWall,-0.11084999999961857,0.5342874305878175,0.12996738366772972,-1.0,1.3477211089909895e-16,2.9352768586854095e-12,0.001122842735276521,-8.080992028387935e-14,7484.538922892781,-1319.726150268671,2.343459554169855e-09,1.4182346828730106e-08,-8.965915874097432e-10,-2.058292126897559e-09,1.6157820043518238e-10,-2.8239906631643856e-09,-2.058292126897559e-09,1.6157820043518238e-10,-2.8239906631643856e-09,1,False,250.0
b712773f15e0f684,20270301_h250_r0_p90_y80_TPMC_N400000_S101,101,sample,175,triangle_0175,sailWall,-0.11085000000156826,0.12996738366740457,-0.5342874305874918,-1.0,-2.485305782455533e-16,2.9351606647853495e-12,0.001122842735276525,-8.080992028387935e-14,7484.538922892781,-1319.726150268671,4.909790549295864e-09,3.132722800079267e-08,-4.59663690898985e-09,1.6644689903805266e-08,-3.2243101505521055e-09,-4.1958410959613955e-09,1.6644689903805266e-08,-3.2243101505521055e-09,-4.1958410959613955e-09,1,False,250.0
b712773f15e0f684,20270301_h250_r0_p90_y80_TPMC_N400000_S101,101,sample,176,triangle_0176,sailWall,-0.11084999999900054,-0.20801538359250704,0.3405143262831259,-1.0,-1.2265787393763182e-16,2.935810138665587e-12,0.0011456996830585043,-8.080992028387935e-14,7484.538922892781,-1319.726150268671,6.684109225378649e-09,3.656827814551659e-08,-9.13624528202467e-09,-1.0892245845381052e-08,1.3129521877283136e-09,-2.698303797903847e-09,-1.0892245845381052e-08,1.3129521877283136e-09,-2.698303797903847e-09,2,False,250.0
b712773f15e0f684,20270301_h250_r0_p90_y80_TPMC_N400000_S101,101,sample,177,triangle_0177,sailWall,-0.11085000000099947,0.2080153835925074,-0.3405143262824744,-1.0,-1.226578739128458e-16,2.935810138665593e-12,0.0011456996830584907,-8.080992028387935e-14,7484.538922892781,-1319.726150268671,2.0153526348588473e-08,1.1985465409030086e-07,-1.0823590483075357e-08,3.8037170596975156e-08,-7.984453004413314e-09,-1.7593769444180535e-08,3.8037170596975156e-08,-7.984453004413314e-09,-1.7593769444180535e-08,6,False,250.0
b712773f15e0f684,20270301_h250_r0_p90_y80_TPMC_N400000_S101,101,sample,178,triangle_0178,sailWall,-0.11084999999938942,0.34050557429821726,0.20802392429646735,-1.0,-8.497239745874258e-16,2.934506708273968e-12,0.0011461016578885835,-8.080992028387935e-14,7484.538922892781,-1319.726150268671,5.263944184834731e-09,5.084759074448828e-08,-1.0293953588062653e-08,-1.410594846630123e-08,-7.441649750339718e-11,-7.469841043970943e-09,-1.410594846630123e-08,-7.441649750339718e-11,-7.469841043970943e-09,3,False,250.0
b712773f15e0f684,20270301_h250_r0_p90_y80_TPMC_N400000_S101,101,sample,179,triangle_0179,sailWall,-0.11085000000061057,-0.34051432628279993,-0.20801538359218172,-1.0,-1.214299003706877e-15,2.935399052088661e-12,0.0011456996830584813,-8.080992028387935e-14,7484.538922892781,-1319.726150268671,6.971922546128424e-09,3.464389873231287e-08,-7.851392813711096e-09,1.0364094437926515e-08,-2.4199279599984473e-09,-1.4809885101665653e-09,1.0364094437926515e-08,-2.4199279599984473e-09,-1.4809885101665653e-09,2,False,250.0
b712773f15e0f684,20270301_h250_r0_p90_y80_TPMC_N400000_S101,101,sample,180,triangle_0180,sailWall,-0.11085000000102724,0.3128624420849035,-0.349974615005131,-1.0,7.994024118076617e-16,2.935951453138316e-12,0.0011729749922498424,-8.080992028387935e-14,7484.538922892781,-1319.726150268671,1.865551790322668e-08,1.3076890691601534e-07,-2.1844705039675655e-08,3.917858451688053e-08,-9.026766940878037e-09,-2.042626878067674e-08,3.917858451688053e-08,-9.026766940878037e-09,-2.042626878067674e-08,6,False,250.0
b712773f15e0f684,20270301_h250_r0_p90_y80_TPMC_N400000_S101,101,sample,181,triangle_0181,sailWall,-0.11085000000091834,-0.34997461500545707,-0.31286244208457736,-1.0,-3.3545981853184808e-16,2.934525256972704e-12,0.0011729749922498364,-8.080992028387935e-14,7484.538922892781,-1319.726150268671,2.1940640912996788e-08,1.5416137742470096e-07,-2.5722683765630487e-08,5.799430675219165e-08,-9.832428947636833e-09,-9.43220474456021e-09,5.799430675219165e-08,-9.832428947636833e-09,-9.43220474456021e-09,8,False,250.0
b712773f15e0f684,20270301_h250_r0_p90_y80_TPMC_N400000_S101,101,sample,182,triangle_0182,sailWall,-0.11084999999897277,-0.3128624420849035,0.34997461500578186,-1.0,7.994024118006845e-16,2.9359514531383142e-12,0.0011729749922498422,-8.080992028387935e-14,7484.538922892781,-1319.726150268671,1.0470477873892789e-08,5.9362281937759876e-08,-4.627387524777193e-09,-1.8972595379864194e-08,3.080053403374607e-09,-3.3835355691207848e-09,-1.8972595379864194e-08,3.080053403374607e-09,-3.3835355691207848e-09,3,False,250.0
b712773f15e0f684,20270301_h250_r0_p90_y80_TPMC_N400000_S101,101,sample,183,triangle_0183,sailWall,-0.1108499999989726,0.3126459363428042,0.35002397614433917,-1.0,1.61476038615586e-17,2.9341058355993695e-12,0.0011864951069685563,-8.080992028387935e-14,7484.538922892781,-1319.726150268671,1.6409271353167656e-08,8.285127511297124e-08,-1.9936434093083306e-08,-3.481081572992912e-08,3.4543477355279382e-09,-1.4336324766395302e-08,-3.481081572992912e-08,3.4543477355279382e-09,-1.4336324766395302e-08,5,False,250.0
b712773f15e0f684,20270301_h250_r0_p90_y80_TPMC_N400000_S101,101,sample,184,triangle_0184,sailWall,-0.11085000000113775,0.27633127468803725,-0.3876132750384613,-1.0,1.205432217175298e-15,2.934653053799902e-12,0.0011409928834172436,-8.080992028387935e-14,7484.538922892781,-1319.726150268671,1.8748186148479658e-08,1.1750945619464704e-07,-2.611516097965103e-08,3.9097052804606807e-08,-1.0305769660719058e-08,-1.815393006573031e-08,3.9097052804606807e-08,-1.0305769660719058e-08,-1.815393006573031e-08,6,False,250.0
b712773f15e0f684,20270301_h250_r0_p90_y80_TPMC_N400000_S101,101,sample,185,triangle_0185,sailWall,-0.11085000000081109,-0.38761327503878745,-0.2763312746877112,-1.0,-8.821525594361573e-16,2.9355571399254354e-12,0.0011409928834172473,-8.080992028387935e-14,7484.538922892781,-1319.726150268671,1.9332416093895165e-08,1.2013150164066438e-07,-1.9689617282032904e-08,3.960361967306073e-08,-7.2993617284502394e-09,-5.764662750425502e-09,3.960361967306073e-08,-7.2993617284502394e-09,-5.764662750425502e-09,6,False,250.0
b712773f15e0f684,20270301_h250_r0_p90_y80_TPMC_N400000_S101,101,sample,186,triangle_0186,sailWall,-0.11084999999918892,0.3876011932316008,0.27634246596609285,-1.0,1.1603318188931938e-15,2.935563403942464e-12,0.0011418459255125987,-8.080992028387935e-14,7484.538922892781,-1319.726150268671,1.3767689002844044e-08,8.315701779398521e-08,-1.5183475659277828e-08,-2.8690805183094367e-08,2.0954645970376726e-09,-1.4502228363581474e-08,-2.8690805183094367e-08,2.0954645970376726e-09,-1.4502228363581474e-08,5,False,250.0
b712773f15e0f684,20270301_h250_r0_p90_y80_TPMC_N400000_S101,101,sample,187,triangle_0187,sailWall,-0.11084999999886226,-0.27633127468803714,0.3876132750391122,-1.0,1.2054322171868786e-15,2.934653053799909e-12,0.0011409928834172438,-8.080992028387935e-14,7484.538922892781,-1319.726150268671,1.5467286326803e-08,8.988576310784093e-08,-1.4171535831420385e-08,-3.1306755557226774e-08,4.472927460839567e-09,-5.679382515051826e-09,-3.1306755557226774e-08,4.472927460839567e-09,-5.679382515051826e-09,5,False,250.0
b712773f15e0f684,20270301_h250_r0_p90_y80_TPMC_N400000_S101,101,sample,188,triangle_0188,sailWall,-0.1108499999992965,0.4250747258822795,0.23968273321185754,-1.0,5.650318760201358e-16,2.936582751698186e-12,0.001117041870991739,-8.080992028387935e-14,7484.538922892781,-1319.726150268671,1.9304549589906688e-08,1.3487822934908404e-07,-2.3617709036111635e-08,-4.1920652234927344e-08,1.9366971856873068e-09,-2.314486016851778e-08,-4.1920652234927344e-08,1.9366971856873068e-09,-2.314486016851778e-08,7,False,250.0
b712773f15e0f684,20270301_h250_r0_p90_y80_TPMC_N400000_S101,101,sample,189,triangle_0189,sailWall,-0.1108500000007035,-0.42507685769802267,-0.23968036676239848,-1.0,9.03130935127266e-17,2.9364834729569305e-12,0.0011170285721695938,-8.080992028387935e-14,7484.538922892781,-1319.726150268671,1.6270923831680484e-08,1.2814688272030862e-07,-1.4716834659434496e-08,3.681508160500181e-08,-5.506877577608767e-09,-7.346010387335433e-09,3.681508160500181e-08,-5.506877577608767e-09,-7.346010387335433e-09,7,False,250.0
b712773f15e0f684,20270301_h250_r0_p90_y80_TPMC_N400000_S101,101,sample,190,triangle_0190,sailWall,-0.11085000000124773,0.23968134422316198,-0.4250762253970297,-1.0,-4.368563793236421e-16,2.935495248394489e-12,0.0011169458281566416,-8.080992028387935e-14,7484.538922892781,-1319.726150268671,1.6121119433667023e-08,1.2302440241023307e-07,-1.4639218144512858e-08,4.79373754883986e-08,-8.3094001450494e-09,-1.7639231188365434e-08,4.79373754883986e-08,-8.3094001450494e-09,-1.7639231188365434e-08,6,False,250.0
b712773f15e0f684,20270301_h250_r0_p90_y80_TPMC_N400000_S101,101,sample,191,triangle_0191,sailWall,-0.1108499999987523,-0.23968036432614395,0.4250768583429139,-1.0,1.362615986768126e-15,2.9339377424344848e-12,0.0011170287621142649,-8.080992028387935e-14,7484.538922892781,-1319.726150268671,2.194814047986906e-08,1.2889676279969964e-07,-2.4059023019189913e-08,-4.934433542075591e-08,6.675741932973388e-09,-9.063360407000012e-09,-4.934433542075591e-08,6.675741932973388e-09,-9.063360407000012e-09,6,False,250.0
b712773f15e0f684,20270301_h250_r0_p90_y80_TPMC_N400000_S101,101,sample,192,triangle_0192,sailWall,-0.11084999999832583,0.08997435427081191,0.5703678422449475,-1.0,4.542627587045676e-17,2.935063785272514e-12,0.0013142874257227703,-8.080992028387935e-14,7484.538922892781,-1319.726150268671,3.16246286307383e-08,1.656984959208663e-07,-2.4820289099301057e-08,-9.734861812413356e-08,1.542113342084486e-08,-2.128322678725196e-08,-9.734861812413356e-08,1.542113342084486e-08,-2.128322678725196e-08,9,False,250.0
b712773f15e0f684,20270301_h250_r0_p90_y80_TPMC_N400000_S101,101,sample,193,triangle_0193,sailWall,-0.11085000000048423,0.4965850717180682,-0.1649682565153515,-1.0,-8.84117001227104e-16,2.9352729272560656e-12,0.0011351133854367959,-8.080992028387935e-14,7484.538922892781,-1319.726150268671,1.6522729079706718e-08,1.0059754613024972e-07,-2.0373836187092818e-08,5.976189078056664e-09,-4.899188154098128e-09,-1.9317268496847358e-08,5.976189078056664e-09,-4.899188154098128e-09,-1.9317268496847358e-08,5,False,250.0
b712773f15e0f684,20270301_h250_r0_p90_y80_TPMC_N400000_S101,101,sample,194,triangle_0194,sailWall,-0.11084999999951577,-0.49658507171806804,0.16496825651600255,-1.0,-1.17480907068176e-15,2.9351742988381004e-12,0.0011351133854367995,-8.080992028387935e-14,7484.538922892781,-1319.726150268671,1.0675704595345778e-08,6.659387687577644e-08,-8.67839977803913e-09,-6.780234886786559e-09,8.144271031142466e-10,-2.05447728621742e-09,-6.780234886786559e-09,8.144271031142466e-10,-2.05447728621742e-09,4,False,250.0
b712773f15e0f684,20270301_h250_r0_p90_y80_TPMC_N400000_S101,101,sample,195,triangle_0195,sailWall,-0.1108499999995482,0.25530945635824054,0.1539366960535639,-1.0,-1.0163045145492148e-15,2.9353663312814688e-12,0.001031560016387084,-8.080992028387935e-14,7484.538922892781,-1319.726150268671,2.1631917289935776e-08,1.4148471908187078e-07,-2.1597753438953712e-08,-2.8208264059969587e-08,1.0864427984890164e-09,-2.1230224351893377e-08,-2.8208264059969587e-08,1.0864427984890164e-09,-2.1230224351893377e-08,7,False,250.0
b712773f15e0f684,20270301_h250_r0_p90_y80_TPMC_N400000_S101,101,sample,196,triangle_0196,sailWall,-0.11084999999925062,-0.15393669605323834,0.25530945635856667,-1.0,5.056216176565518e-16,2.9371669704907105e-12,0.001031560016387107,-8.080992028387935e-14,7484.538922892781,-1319.726150268671,1.2330915371454694e-08,7.052455773253658e-08,-8.02106017813514e-09,-1.6784157633377946e-08,2.240793191179838e-09,-5.949608665030618e-09,-1.6784157633377946e-08,2.240793191179838e-09,-5.949608665030618e-09,3,False,250.0
b712773f15e0f684,20270301_h250_r0_p90_y80_TPMC_N400000_S101,101,sample,197,triangle_0197,sailWall,-0.1108500000007494,0.1539366960532387,-0.25530945635791513,-1.0,7.685059461476386e-16,2.9350194125643636e-12,0.0010315600163871004,-8.080992028387935e-14,7484.538922892781,-1319.726150268671,1.5004913381978735e-08,1.180288769018349e-07,-1.7721524418038303e-08,2.69331890110606e-08,-5.713282737495495e-09,-1.539583083719531e-08,2.69331890110606e-08,-5.713282737495495e-09,-1.539583083719531e-08,7,False,250.0
b712773f15e0f684,20270301_h250_r0_p90_y80_TPMC_N400000_S101,101,sample,198,triangle_0198,sailWall,-0.11085000000045186,-0.2553094563582403,-0.15393669605291305,-1.0,1.6400561575746645e-15,2.935343753415283e-12,0.0010315600163870898,-8.080992028387935e-14,7484.538922892781,-1319.726150268671,1.8435201929929756e-08,1.1569769618874573e-07,-1.7246223241641082e-08,2.1935327423516923e-08,-4.65909756826311e-09,-7.99148114119212e-09,2.1935327423516923e-08,-4.65909756826311e-09,-7.99148114119212e-09,6,False,250.0
b712773f15e0f684,20270301_h250_r0_p90_y80_TPMC_N400000_S101,101,sample,199,triangle_0199,sailWall,-0.11085000000167455,-0.08984798006406096,-0.5705017076272018,-1.0,-4.443084047789266e-16,2.934905452577841e-12,0.0013259424326809086,-8.080992028387935e-14,7484.538922892781,-1319.726150268671,2.0237986406906708e-08,1.250789430491223e-07,-2.58873157611133e-08,7.361735183569915e-08,-1.4466094155133024e-08,-1.2280524085177638e-08,7.361735183569915e-08,-1.4466094155133024e-08,-1.2280524085177638e-08,6,False,250.0
b712773f15e0f684,20270301_h250_r0_p90_y80_TPMC_N400000_S101,101,sample,200,triangle_0200,sailWall,-0.11085000000089514,-0.37917024514970726,-0.30496025505461893,-1.0,-6.38048455912758e-16,2.9346026545211664e-12,0.0011615524228200907,-8.080992028387935e-14,7484.538922892781,-1319.726150268671,2.6598147968915603e-08,1.3843050788189014e-07,-1.848683776564868e-08,4.98621471467731e-08,-1.030656596338979e-08,-5.203802035982858e-09,4.98621471467731e-08,-1.030656596338979e-08,-5.203802035982858e-09,8,False,250.0
b712773f15e0f684,20270301_h250_r0_p90_y80_TPMC_N400000_S101,101,sample,201,triangle_0201,sailWall,-0.11084999999910487,0.3791594486411576,0.3049702557715399,-1.0,1.0661370664890636e-15,2.9359328287409373e-12,0.0011615967149430184,-8.080992028387935e-14,7484.538922892781,-1319.726150268671,2.3045910236143463e-08,1.2414618124987538e-07,-1.979881338962525e-08,-4.6262371620688376e-08,5.008670198977366e-09,-2.2512490095766863e-08,-4.6262371620688376e-08,5.008670198977366e-09,-2.2512490095766863e-08,7,False,250.0
b712773f15e0f684,20270301_h250_r0_p90_y80_TPMC_N400000_S101,101,sample,202,triangle_0202,sailWall,-0.11084999999888706,-0.304960255054945,0.37917024515003206,-1.0,4.156261843654817e-16,2.934451065490043e-12,0.0011615524228200836,-8.080992028387935e-14,7484.538922892781,-1319.726150268671,2.0535419453088445e-08,1.4309419289501324e-07,-3.0024642770309276e-08,-4.5028784588253426e-08,4.451992079356394e-09,-9.662359563559128e-09,-4.5028784588253426e-08,4.451992079356394e-09,-9.662359563559128e-09,6,False,250.0
b712773f15e0f684,20270301_h250_r0_p90_y80_TPMC_N400000_S101,101,sample,203,triangle_0203,sailWall,-0.11085000000111295,0.30496025505494506,-0.3791702451493812,-1.0,4.156261843715935e-16,2.9344510654900415e-12,0.0011615524228200849,-8.080992028387935e-14,7484.538922892781,-1319.726150268671,1.7535355632248975e-08,9.89860360896762e-08,-2.0965379075159425e-08,3.0958650547249406e-08,-8.939271216259054e-09,-1.6324207011185587e-08,3.0958650547249406e-08,-8.939271216259054e-09,-1.6324207011185587e-08,6,False,250.0
b712773f15e0f684,20270301_h250_r0_p90_y80_TPMC_N400000_S101,101,sample,204,triangle_0204,sailWall,-0.11084999999843241,0.12940416350531025,0.5340631535555722,-0.9999999999999999,-1.2993503616672398e-16,2.936027961820364e-12,0.0011652231593665642,-8.080992028387935e-14,7484.538922892781,-1319.726150268671,1.97600312317895e-08,1.5765075259816833e-07,-3.002799654897138e-08,-8.736505184185542e-08,7.1645336198952565e-09,-2.0049604656113578e-08,-8.736505184185542e-08,7.1645336198952565e-09,-2.0049604656113578e-08,7,False,250.0
b712773f15e0f684,20270301_h250_r0_p90_y80_TPMC_N400000_S101,101,sample,205,triangle_0205,sailWall,-0.1108500000015676,-0.12940435103345602,-0.5340632984823025,-0.9999999999999999,-3.3787852347844193e-16,2.935811580189999e-12,0.0011652114013682114,-8.080992028387935e-14,7484.538922892781,-1319.726150268671,2.5577840610084908e-08,1.4050989785785655e-07,-3.1777189204828764e-08,7.894226531249194e-08,-1.7127355404211374e-08,-1.2140159536881462e-08,7.894226531249194e-08,-1.7127355404211374e-08,-1.2140159536881462e-08,8,False,250.0
b712773f15e0f684,20270301_h250_r0_p90_y80_TPMC_N400000_S101,101,sample,206,triangle_0206,sailWall,-0.11085000000143712,-0.1931811466601491,-0.4896000805377459,-1.0,1.049684808383103e-15,2.9359163764828446e-12,0.001236650117783091,-8.080992028387935e-14,7484.538922892781,-1319.726150268671,1.6220343593293212e-08,1.2694491597058693e-07,-2.0433492205590748e-08,6.640975373086166e-08,-1.023181439766647e-08,-1.0927271983985432e-08,6.640975373086166e-08,-1.023181439766647e-08,-1.0927271983985432e-08,6,False,250.0
b712773f15e0f684,20270301_h250_r0_p90_y80_TPMC_N400000_S101,101,sample,207,triangle_0207,sailWall,-0.11084999999943294,-0.4895947622668457,0.19318783308049836,-1.0,-9.910866250523442e-16,2.935857778299465e-12,0.001236573969501292,-8.080992028387935e-14,7484.538922892781,-1319.726150268671,2.5855287759254686e-08,1.4534314330174797e-07,-2.288459785046639e-08,-1.7547745141573438e-08,2.5467861511042957e-09,-3.462469307860938e-09,-1.7547745141573438e-08,2.5467861511042957e-09,-3.462469307860938e-09,7,False,250.0
b712773f15e0f684,20270301_h250_r0_p90_y80_TPMC_N400000_S101,101,sample,208,triangle_0208,sailWall,-0.11085000000056706,0.4895947622668458,-0.19318783307984733,-0.9999999999999999,-7.828746695184392e-16,2.9356495663439375e-12,0.0012365739695012951,-8.080992028387935e-14,7484.538922892781,-1319.726150268671,1.4512615133383317e-08,1.1175194787237236e-07,-2.322070855601809e-08,1.0097355670603212e-08,-5.348697718688654e-09,-1.9506367754015813e-08,1.0097355670603212e-08,-5.348697718688654e-09,-1.9506367754015813e-08,6,False,250.0
b712773f15e0f684,20270301_h250_r0_p90_y80_TPMC_N400000_S101,101,sample,209,triangle_0209,sailWall,-0.11084999999856293,0.19318114666014932,0.4896000805383966,-1.0,-1.099450987325499e-15,2.9367593311081154e-12,0.001236650117783082,-8.080992028387935e-14,7484.538922892781,-1319.726150268671,2.9700810705013403e-08,2.17695256430604e-07,-4.442353018867842e-08,-1.1456006018255391e-07,9.43831821477407e-09,-2.984159330170742e-08,-1.1456006018255391e-07,9.43831821477407e-09,-2.984159330170742e-08,11,False,250.0
b712773f15e0f684,20270301_h250_r0_p90_y80_TPMC_N400000_S101,101,sample,210,triangle_0210,sailWall,-0.1108499999993214,0.4537382444497315,0.23120525985941012,-1.0,-6.172375334917661e-16,2.9368675332593192e-12,0.0011163023259699693,-8.080992028387935e-14,7484.538922892781,-1319.726150268671,1.7526087888098728e-08,1.0976105447929847e-07,-1.663036934319576e-08,-3.296964052500402e-08,2.2531238050121625e-09,-2.0052881971871263e-08,-3.296964052500402e-08,2.2531238050121625e-09,-2.0052881971871263e-08,7,False,250.0
b712773f15e0f684,20270301_h250_r0_p90_y80_TPMC_N400000_S101,101,sample,211,triangle_0211,sailWall,-0.11085000000133187,0.2312050614321753,-0.45373845866584483,-1.0,-4.740669211628075e-16,2.9353407585955677e-12,0.0011163014471580076,-8.080992028387935e-14,7484.538922892781,-1319.726150268671,1.5617115786359147e-08,1.297362152877316e-07,-2.2134781336625732e-08,5.315163158619863e-08,-9.47451246696983e-09,-1.7973481769542283e-08,5.315163158619863e-08,-9.47451246696983e-09,-1.7973481769542283e-08,6,False,250.0
b712773f15e0f684,20270301_h250_r0_p90_y80_TPMC_N400000_S101,101,sample,212,triangle_0212,sailWall,-0.1108499999986682,-0.23120408153515729,0.45373909161172904,-1.0,1.2784530066258226e-15,2.9335882386677658e-12,0.0011163207577639025,-8.080992028387935e-14,7484.538922892781,-1319.726150268671,1.896908953341606e-08,1.3659491196226438e-07,-2.058105539865471e-08,-5.7813203248744795e-08,6.4361100229752286e-09,-1.0642430074222974e-08,-5.7813203248744795e-08,6.4361100229752286e-09,-1.0642430074222974e-08,6,False,250.0
b712773f15e0f684,20270301_h250_r0_p90_y80_TPMC_N400000_S101,101,sample,213,triangle_0213,sailWall,-0.11085000000067863,-0.45373909096683773,-0.2312040839714119,-1.0,1.3205350391056093e-15,2.9361872267135715e-12,0.0011163206580241743,-8.080992028387935e-14,7484.538922892781,-1319.726150268671,1.081783488365625e-08,8.139584573631064e-08,-1.2076217524635004e-08,2.450687714384868e-08,-3.8440214758638456e-09,-4.020836986176376e-09,2.450687714384868e-08,-3.8440214758638456e-09,-4.020836986176376e-09,4,False,250.0
b712773f15e0f684,20270301_h250_r0_p90_y80_TPMC_N400000_S101,101,sample,214,triangle_0214,sailWall,-0.11085000000060384,0.25471423933507276,-0.20571716959225253,-1.0,-5.655332912704897e-16,2.9342272392632503e-12,0.0010392102304482556,-8.080992028387935e-14,7484.538922892781,-1319.726150268671,1.7034572532712552e-08,1.1475209729713093e-07,-2.0568228091890213e-08,1.7986125374338217e-08,-5.731674013009281e-09,-1.702666811517263e-08,1.7986125374338217e-08,-5.731674013009281e-09,-1.702666811517263e-08,6,False,250.0
b712773f15e0f684,20270301_h250_r0_p90_y80_TPMC_N400000_S101,101,sample,215,triangle_0215,sailWall,-0.11085000000074767,-0.20571716959257813,-0.2547142393347466,-1.0,1.3481136577139762e-15,2.9345284674334025e-12,0.0010392102304482523,-8.080992028387935e-14,7484.538922892781,-1319.726150268671,1.3607108860433576e-08,7.35879820183797e-08,-1.0026354036970436e-08,2.122209265974476e-08,-4.627832424005795e-09,-5.272544309391668e-09,2.122209265974476e-08,-4.627832424005795e-09,-5.272544309391668e-09,4,False,250.0
b712773f15e0f684,20270301_h250_r0_p90_y80_TPMC_N400000_S101,101,sample,216,triangle_0216,sailWall,-0.1108499999993962,-0.2547142393350721,0.2057171695929034,-1.0,8.969233161076242e-16,2.9361191256823563e-12,0.0010392102304482517,-8.080992028387935e-14,7484.538922892781,-1319.726150268671,1.7809808403165505e-08,8.495850357296343e-08,-1.4976363194025755e-08,-1.425888656595298e-08,2.115337168502042e-09,-4.8737349467128755e-09,-1.425888656595298e-08,2.115337168502042e-09,-4.8737349467128755e-09,4,False,250.0
b712773f15e0f684,20270301_h250_r0_p90_y80_TPMC_N400000_S101,101,sample,217,triangle_0217,sailWall,-0.11084999999925237,0.20571641132528243,0.2547149459678894,-1.0,-7.093661446113602e-16,2.933025023373184e-12,0.0010392636725955813,-8.080992028387935e-14,7484.538922892781,-1319.726150268671,2.2724954972543922e-08,1.5789437482887177e-07,-2.9196922085376178e-08,-4.6202578688298686e-08,2.5566130971515648e-09,-2.206531749625712e-08,-4.6202578688298686e-08,2.5566130971515648e-09,-2.206531749625712e-08,7,False,250.0
b712773f15e0f684,20270301_h250_r0_p90_y80_TPMC_N400000_S101,101,sample,218,triangle_0218,sailWall,-0.11085000000111216,-0.3046833700058202,-0.37889389632129106,-1.0,-9.07219318905295e-16,2.9339594723555563e-12,0.001192344255722893,-8.080992028387935e-14,7484.538922892781,-1319.726150268671,1.9891857706003683e-08,1.2308870772384317e-07,-1.5405501470822346e-08,5.1624919453126196e-08,-9.191008073992386e-09,-7.549746680550191e-09,5.1624919453126196e-08,-9.191008073992386e-09,-7.549746680550191e-09,6,False,250.0
b712773f15e0f684,20270301_h250_r0_p90_y80_TPMC_N400000_S101,101,sample,219,triangle_0219,sailWall,-0.11084999999888706,0.3047365771444239,0.37917219178118167,-1.0,-1.4038097906656295e-16,2.9347263106953858e-12,0.001173893519027133,-8.080992028387935e-14,7484.538922892781,-1319.726150268671,1.9838987021429986e-08,1.3894945743647634e-07,-1.972628747533326e-08,-5.860194032843157e-08,5.334545395941285e-09,-2.1424408534813928e-08,-5.860194032843157e-08,5.334545395941285e-09,-2.1424408534813928e-08,7,False,250.0
b712773f15e0f684,20270301_h250_r0_p90_y80_TPMC_N400000_S101,101,sample,220,triangle_0220,sailWall,-0.11085000000089433,0.37889389632161713,-0.3046833700054942,-1.0,1.202192733269482e-15,2.9340385102437658e-12,0.0011923442557228827,-8.080992028387935e-14,7484.538922892781,-1319.726150268671,1.0396069812707693e-08,7.444211847040356e-08,-1.4322372243972849e-08,1.713904938072442e-08,-4.7737381016097955e-09,-1.2171336968196795e-08,1.713904938072442e-08,-4.7737381016097955e-09,-1.2171336968196795e-08,4,False,250.0
b712773f15e0f684,20270301_h250_r0_p90_y80_TPMC_N400000_S101,101,sample,221,triangle_0221,sailWall,-0.1108499999991057,-0.3788938963216171,0.30468337000614504,-1.0,-6.043293649071552e-16,2.9354710210393203e-12,0.0011923442557228827,-8.080992028387935e-14,7484.538922892781,-1319.726150268671,2.0096198916364944e-08,1.4297811653787526e-07,-2.434220287124011e-08,-3.374992506314424e-08,3.348452988468762e-09,-8.172746330241182e-09,-3.374992506314424e-08,3.348452988468762e-09,-8.172746330241182e-09,6,False,250.0
b712773f15e0f684,20270301_h250_r0_p90_y80_TPMC_N400000_S101,101,sample,222,triangle_0222,sailWall,-0.1108500000005686,-0.4901200318426339,-0.19370246064783977,-1.0,-1.6176771104218047e-16,2.9347049239634082e-12,0.0011786954837359584,-8.080992028387935e-14,7484.538922892781,-1319.726150268671,1.882443280491527e-08,1.348124512830643e-07,-2.2360761691534e-08,3.719365281486165e-08,-6.131080103246247e-09,-5.600318835651899e-09,3.719365281486165e-08,-6.131080103246247e-09,-5.600318835651899e-09,7,False,250.0
b712773f15e0f684,20270301_h250_r0_p90_y80_TPMC_N400000_S101,101,sample,223,triangle_0223,sailWall,-0.11085000000143863,0.19370832541079022,-0.49011623803830634,-1.0,-3.302683366735717e-16,2.935196960011078e-12,0.0011785802185389248,-8.080992028387935e-14,7484.538922892781,-1319.726150268671,1.712691792153957e-08,1.4064050546316693e-07,-2.6599002647075682e-08,6.448547149793963e-08,-1.1394575531919448e-08,-1.8794788114926147e-08,6.448547149793963e-08,-1.1394575531919448e-08,-1.8794788114926147e-08,6,False,250.0
b712773f15e0f684,20270301_h250_r0_p90_y80_TPMC_N400000_S101,101,sample,224,triangle_0224,sailWall,-0.11084999999856143,-0.1937024460286824,0.49012003571035806,-1.0,9.724905517962415e-16,2.934268212425226e-12,0.0011786960821743165,-8.080992028387935e-14,7484.538922892781,-1319.726150268671,2.3992238925110417e-08,1.5796117056802421e-07,-2.3998296872335257e-08,-7.254017751369694e-08,9.064548732695613e-09,-1.2903973138123471e-08,-7.254017751369694e-08,9.064548732695613e-09,-1.2903973138123471e-08,8,False,250.0
b712773f15e0f684,20270301_h250_r0_p90_y80_TPMC_N400000_S101,101,sample,225,triangle_0225,sailWall,-0.11084999999943142,0.4901162380386326,0.19370832541111502,-1.0,1.168656705422097e-15,2.9334172692615366e-12,0.0011785802185389068,-8.080992028387935e-14,7484.538922892781,-1319.726150268671,1.0141386960798e-08,7.382079553764361e-08,-1.8382019905605896e-08,-2.3368630029427126e-08,-7.659828822217468e-11,-1.3191635025112983e-08,-2.3368630029427126e-08,-7.659828822217468e-11,-1.3191635025112983e-08,4,False,250.0
b712773f15e0f684,20270301_h250_r0_p90_y80_TPMC_N400000_S101,101,sample,226,triangle_0226,sailWall,-0.11085000000146022,0.16578092736158487,-0.4974775143509101,-1.0,-2.680392764251717e-16,2.9352122944076872e-12,0.0010951644737109093,-8.080992028387935e-14,7484.538922892781,-1319.726150268671,8.677913635565789e-09,5.265220281119095e-08,-7.908075710429918e-09,2.4611134158997495e-08,-5.1385464249791405e-09,-7.249055052987518e-09,2.4611134158997495e-08,-5.1385464249791405e-09,-7.249055052987518e-09,3,False,250.0
b712773f15e0f684,20270301_h250_r0_p90_y80_TPMC_N400000_S101,101,sample,227,triangle_0227,sailWall,-0.1108499999995134,0.49747751435123616,0.16578092736190983,-0.9999999999999999,2.6157229313247777e-16,2.937098340775527e-12,0.0010951644737108805,-8.080992028387935e-14,7484.538922892781,-1319.726150268671,2.4598898009396207e-08,1.5979385001618788e-07,-2.2232494837370828e-08,-3.7310360519578815e-08,1.5362152749438039e-09,-2.996050321043997e-08,-3.7310360519578815e-08,1.5362152749438039e-09,-2.996050321043997e-08,8,False,250.0
b712773f15e0f684,20270301_h250_r0_p90_y80_TPMC_N400000_S101,101,sample,228,triangle_0228,sailWall,-0.11084999999916813,0.15329398417772064,0.2834127962985411,-1.0,-1.4941360608406928e-16,2.9356210958219117e-12,0.0011678350661180582,-8.080992028387935e-14,7484.538922892781,-1319.726150268671,1.0548994062651436e-08,6.306987940278612e-08,-1.0552625516834598e-08,-1.921789775946938e-08,1.819778819461243e-09,-8.578371896589505e-09,-1.921789775946938e-08,1.819778819461243e-09,-8.578371896589505e-09,3,False,250.0
b712773f15e0f684,20270301_h250_r0_p90_y80_TPMC_N400000_S101,101,sample,229,triangle_0229,sailWall,-0.11084999999955007,-0.28341207003704333,0.15329476350832194,-1.0,-7.462213540052651e-16,2.934150708179049e-12,0.0011678979955166693,-8.080992028387935e-14,7484.538922892781,-1319.726150268671,2.300334569853325e-08,1.4131737445640393e-07,-2.780984369400361e-08,-1.3860218161314179e-08,4.2068810891541224e-10,-9.271785131885312e-09,-1.3860218161314179e-08,4.2068810891541224e-10,-9.271785131885312e-09,7,False,250.0
b712773f15e0f684,20270301_h250_r0_p90_y80_TPMC_N400000_S101,101,sample,230,triangle_0230,sailWall,-0.11085000000083185,-0.1532947635079969,-0.283412070036718,-1.0,-6.857751649107846e-17,2.9355496511563752e-12,0.0011678979955166689,-8.080992028387935e-14,7484.538922892781,-1319.726150268671,2.354434000099689e-08,1.0806380319425968e-07,-1.6153562758442016e-08,3.269351277363764e-08,-8.382623678304284e-09,-8.306351704879583e-09,3.269351277363764e-08,-8.382623678304284e-09,-8.306351704879583e-09,7,False,250.0
b712773f15e0f684,20270301_h250_r0_p90_y80_TPMC_N400000_S101,101,sample,231,triangle_0231,sailWall,-0.11085000000044998,0.2834120700370438,-0.15329476350767116,-1.0,6.483890786033743e-16,2.9359915242210022e-12,0.0011678979955166754,-8.080992028387935e-14,7484.538922892781,-1319.726150268671,1.796765392729653e-08,1.128975139280273e-07,-2.2940966344477827e-08,1.0658584910351866e-08,-5.3203439741168655e-09,-1.7585893063389284e-08,1.0658584910351866e-08,-5.3203439741168655e-09,-1.7585893063389284e-08,7,False,250.0
b712773f15e0f684,20270301_h250_r0_p90_y80_TPMC_N400000_S101,101,sample,232,triangle_0232,sailWall,-0.11084999999843174,-0.12995575408315924,0.5342903852170563,-0.9999999999999999,-8.088051120837243e-16,2.9350854595627818e-12,0.0011233771059817263,-8.080992028387935e-14,7484.538922892781,-1319.726150268671,1.4625861418769633e-08,1.185267676977264e-07,-1.9673855379246864e-08,-6.08406642565166e-08,5.661250658671981e-09,-1.1315132537252125e-08,-6.08406642565166e-08,5.661250658671981e-09,-1.1315132537252125e-08,6,False,250.0
b712773f15e0f684,20270301_h250_r0_p90_y80_TPMC_N400000_S101,101,sample,233,triangle_0233,sailWall,-0.11085000000038146,-0.5342903576453812,-0.12995584644911082,-0.9999999999999999,1.2755041222441126e-15,2.9355732630418336e-12,0.001123380289433276,-8.080992028387935e-14,7484.538922892781,-1319.726150268671,3.8177798934731775e-08,2.3618965469807653e-07,-3.906877998408822e-08,5.160167413104436e-08,-9.316181539946329e-09,-5.8088281506281964e-09,5.160167413104436e-08,-9.316181539946329e-09,-5.8088281506281964e-09,12,False,250.0
b712773f15e0f684,20270301_h250_r0_p90_y80_TPMC_N400000_S101,101,sample,234,triangle_0234,sailWall,-0.11084999999912583,0.1799588629977236,0.29782826957419645,-1.0,-9.875113204767618e-16,2.935132804221149e-12,0.0011988830502999938,-8.080992028387935e-14,7484.538922892781,-1319.726150268671,1.4906998479398948e-08,8.299406157133496e-08,-1.4182714864752185e-08,-2.7560566343277895e-08,2.868718144299387e-09,-1.1919269630859692e-08,-2.7560566343277895e-08,2.868718144299387e-09,-1.1919269630859692e-08,5,False,250.0
b712773f15e0f684,20270301_h250_r0_p90_y80_TPMC_N400000_S101,101,sample,235,triangle_0235,sailWall,-0.11085000000087415,-0.17996341260150164,-0.29782402977859185,-0.9999999999999999,-3.8930609690244375e-16,2.9353627822596405e-12,0.0011990512736103492,-8.080992028387935e-14,7484.538922892781,-1319.726150268671,2.559003152728764e-08,1.7403749937700888e-07,-3.273240308425549e-08,5.769864645501284e-08,-1.1258894519886479e-08,-1.459392602698196e-08,5.769864645501284e-08,-1.1258894519886479e-08,-1.459392602698196e-08,8,False,250.0
b712773f15e0f684,20270301_h250_r0_p90_y80_TPMC_N400000_S101,101,sample,236,triangle_0236,sailWall,-0.1108499999994718,-0.2978240297789173,0.1799634126018267,-0.9999999999999999,-1.0785834000246557e-15,2.9347211509283007e-12,0.0011990512736103473,-8.080992028387935e-14,7484.538922892781,-1319.726150268671,2.0425601981463067e-08,1.4549913291455685e-07,-1.886231117554722e-08,-2.0206522270776746e-08,1.5798109692343556e-09,-1.0091221260425003e-08,-2.0206522270776746e-08,1.5798109692343556e-09,-1.0091221260425003e-08,7,False,250.0
b712773f15e0f684,20270301_h250_r0_p90_y80_TPMC_N400000_S101,101,sample,237,triangle_0237,sailWall,-0.11085000000052823,0.29782402977891786,-0.17996341260117588,-1.0,1.4187160989912276e-15,2.9346693893124118e-12,0.0011990512736103477,-8.080992028387935e-14,7484.538922892781,-1319.726150268671,1.174079604822457e-08,6.921399020170702e-08,-1.4340536078256876e-08,8.130614862772133e-09,-3.7109558441473432e-09,-1.1255230111058607e-08,8.130614862772133e-09,-3.7109558441473432e-09,-1.1255230111058607e-08,4,False,250.0
b712773f15e0f684,20270301_h250_r0_p90_y80_TPMC_N400000_S101,101,sample,238,triangle_0238,sailWall,-0.11085000000015095,0.6083882513578106,-0.0514454451185632,-1.0,-4.1159524029044477e-16,2.9354696900912063e-12,0.001287868960355573,-8.080992028387935e-14,7484.538922892781,-1319.726150268671,1.865092235511487e-08,1.2114051759625678e-07,-2.14101734176975e-08,-7.192523477929088e-09,-3.2870957787666954e-09,-2.47800204944508e-08,-7.192523477929088e-09,-3.2870957787666954e-09,-2.47800204944508e-08,6,False,250.0
b712773f15e0f684,20270301_h250_r0_p90_y80_TPMC_N400000_S101,101,sample,239,triangle_0239,sailWall,-0.11084999999984903,-0.6083882513578107,0.051445445119214346,-1.0,-2.3555176843708923e-16,2.9352365141345722e-12,0.0012878689603555656,-8.080992028387935e-14,7484.538922892781,-1319.726150268671,3.495815927432409e-08,1.9596104938968816e-07,-1.809239634193262e-08,2.3783072843745713e-09,-4.5282860010430183e-10,-2.5148774564220536e-10,2.3783072843745713e-09,-4.5282860010430183e-10,-2.5148774564220536e-10,11,False,250.0
b712773f15e0f684,20270301_h250_r0_p90_y80_TPMC_N400000_S101,101,sample,240,triangle_0240,sailWall,-0.11085000000165601,-0.12052377801213353,-0.5641775429559678,-1.0,-3.645127895518485e-17,2.9348302403955284e-12,0.0011297817408359914,-8.080992028387935e-14,7484.538922892781,-1319.726150268671,1.4751635315475537e-08,1.052282458293413e-07,-2.0835685759301838e-08,6.171470791131826e-08,-1.0565739879597843e-08,-9.738436427049725e-09,6.171470791131826e-08,-1.0565739879597843e-08,-9.738436427049725e-09,6,False,250.0
b712773f15e0f684,20270301_h250_r0_p90_y80_TPMC_N400000_S101,101,sample,241,triangle_0241,sailWall,-0.110849999998344,0.1205236172737228,0.5641774187331493,-1.0,1.7347866305553092e-16,2.9350401703375214e-12,0.001129797601214327,-8.080992028387935e-14,7484.538922892781,-1319.726150268671,2.4883702898109607e-08,1.7359288284940867e-07,-2.8263360247337226e-08,-1.0104755403998476e-07,1.0898226174305109e-08,-2.234327838600633e-08,-1.0104755403998476e-07,1.0898226174305109e-08,-2.234327838600633e-08,8,False,250.0
b712773f15e0f684,20270301_h250_r0_p90_y80_TPMC_N400000_S101,101,sample,242,triangle_0242,sailWall,-0.11085000000035379,0.5641719461795219,-0.12053627881676598,-1.0,6.725204599416329e-16,2.9368122503328226e-12,0.001129397477161924,-8.080992028387935e-14,7484.538922892781,-1319.726150268671,1.7840959088681105e-08,9.20108986830148e-08,-1.6353862733559147e-08,2.024431796789929e-09,-3.9980104547360545e-09,-2.0228675391786342e-08,2.024431796789929e-09,-3.9980104547360545e-09,-2.0228675391786342e-08,4,False,250.0
b712773f15e0f684,20270301_h250_r0_p90_y80_TPMC_N400000_S101,101,sample,243,triangle_0243,sailWall,-0.11084999999964622,-0.5641719461795217,0.12053627881741696,-1.0,2.6636898858921266e-16,2.9346003226858308e-12,0.0011293974771619207,-8.080992028387935e-14,7484.538922892781,-1319.726150268671,1.7522269418473864e-08,8.163761329450984e-08,-1.7231952025933627e-08,-5.083728339175718e-10,2.713305638122113e-10,7.299098304902463e-10,-5.083728339175718e-10,2.713305638122113e-10,7.299098304902463e-10,5,False,250.0
b712773f15e0f684,20270301_h250_r0_p90_y80_TPMC_N400000_S101,101,sample,244,triangle_0244,sailWall,-0.11084999999899643,0.34185672761942926,0.34190441594243354,-1.0,-5.97725471744504e-16,2.9342689662027302e-12,0.0011821100359828518,-8.080992028387935e-14,7484.538922892781,-1319.726150268671,9.15139593422942e-09,6.674029509122618e-08,-9.736826594786961e-09,-2.67938947383835e-08,2.1258678364915537e-09,-1.0607019561023273e-08,-2.67938947383835e-08,2.1258678364915537e-09,-1.0607019561023273e-08,3,False,250.0
b712773f15e0f684,20270301_h250_r0_p90_y80_TPMC_N400000_S101,101,sample,245,triangle_0245,sailWall,-0.11085000000100341,-0.34185700143469394,-0.34184955545068924,-0.9999999999999999,-3.367130318642308e-16,2.93452997864261e-12,0.0011851482154401675,-8.080992028387935e-14,7484.538922892781,-1319.726150268671,1.3946274993635632e-08,9.308998979845282e-08,-1.8935927847045297e-08,3.8044377485076225e-08,-6.854825792950616e-09,-5.501659595008494e-09,3.8044377485076225e-08,-6.854825792950616e-09,-5.501659595008494e-09,5,False,250.0
b712773f15e0f684,20270301_h250_r0_p90_y80_TPMC_N400000_S101,101,sample,246,triangle_0246,sailWall,-0.11085000000100341,0.3418495554510154,-0.3418570014343678,-1.0,-6.895639018794863e-16,2.935556255576284e-12,0.001185148215440164,-8.080992028387935e-14,7484.538922892781,-1319.726150268671,1.4943335168623932e-08,1.0598650713339363e-07,-1.4353034781329727e-08,3.1872318324803914e-08,-6.751490703545935e-09,-1.6786883571755057e-08,3.1872318324803914e-08,-6.751490703545935e-09,-1.6786883571755057e-08,6,False,250.0
b712773f15e0f684,20270301_h250_r0_p90_y80_TPMC_N400000_S101,101,sample,247,triangle_0247,sailWall,-0.1108499999989966,-0.3418495554510154,0.3418570014350186,-1.0,-6.895639018794877e-16,2.9355562555762837e-12,0.0011851482154401616,-8.080992028387935e-14,7484.538922892781,-1319.726150268671,2.3309002804715103e-08,1.1696020138322153e-07,-2.8094017251891265e-08,-3.0566986094393207e-08,4.865370866039738e-09,-4.775927062602873e-09,-3.0566986094393207e-08,4.865370866039738e-09,-4.775927062602873e-09,7,False,250.0
b712773f15e0f684,20270301_h250_r0_p90_y80_TPMC_N400000_S101,101,sample,248,triangle_0248,sailWall,-0.11085000000154528,-0.1573016256528957,-0.5264647028944318,-1.0,7.341808900599225e-16,2.9356008725645345e-12,0.001181821450571212,-8.080992028387935e-14,7484.538922892781,-1319.726150268671,2.292249935491603e-08,1.1851050302007867e-07,-2.4981991966072614e-08,6.668362902586346e-08,-1.4884373263122359e-08,-9.643252087626257e-09,6.668362902586346e-08,-1.4884373263122359e-08,-9.643252087626257e-09,6,False,250.0
b712773f15e0f684,20270301_h250_r0_p90_y80_TPMC_N400000_S101,101,sample,249,triangle_0249,sailWall,-0.11084999999845468,0.15730159886316078,0.5264646821911709,-1.0,9.491753143270062e-16,2.9358158669888018e-12,0.001181824093967599,-8.080992028387935e-14,7484.538922892781,-1319.726150268671,1.7044752484305757e-08,9.568612068162272e-08,-2.2063620005664397e-08,-5.4884041323204115e-08,6.755396265411543e-09,-1.3272041859526358e-08,-5.4884041323204115e-08,6.755396265411543e-09,-1.3272041859526358e-08,5,False,250.0
b712773f15e0f684,20270301_h250_r0_p90_y80_TPMC_N400000_S101,101,sample,250,triangle_0250,sailWall,-0.11085000000026374,0.5704952101124411,-0.08986255085859148,-0.9999999999999999,4.547907173590908e-16,2.9356264798231307e-12,0.0013265710706513228,-8.080992028387935e-14,7484.538922892781,-1319.726150268671,1.615826706068648e-08,1.0553893686228684e-07,-1.6724319663489087e-08,-1.0130403992520087e-09,-3.1178194539976768e-09,-2.0948234864875463e-08,-1.0130403992520087e-09,-3.1178194539976768e-09,-2.0948234864875463e-08,5,False,250.0
b712773f15e0f684,20270301_h250_r0_p90_y80_TPMC_N400000_S101,101,sample,251,triangle_0251,sailWall,-0.11084999999973626,-0.5704952101124411,0.08986255085924265,-1.0,4.547907173570108e-16,2.93562647982315e-12,0.0013265710706513193,-8.080992028387935e-14,7484.538922892781,-1319.726150268671,2.6902670002898262e-08,1.5721165226110254e-07,-2.0847862775893487e-08,-2.182531630542985e-09,6.674274813636241e-11,-2.0563320308420254e-09,-2.182531630542985e-09,6.674274813636241e-11,-2.0563320308420254e-09,8,False,250.0
b712773f15e0f684,20270301_h250_r0_p90_y80_TPMC_N400000_S101,101,sample,252,triangle_0252,sailWall,-0.11085000000046259,-0.5268350774756624,-0.1575949610697437,-1.0,1.1871489317818886e-15,2.9360538406062595e-12,0.0011448807493627832,-8.080992028387935e-14,7484.538922892781,-1319.726150268671,1.5592766636914633e-08,8.569995408463901e-08,-1.8689120221296372e-08,2.3313752099931653e-08,-4.532220946822701e-09,-1.3771663216974981e-09,2.3313752099931653e-08,-4.532220946822701e-09,-1.3771663216974981e-09,6,False,250.0
b712773f15e0f684,20270301_h250_r0_p90_y80_TPMC_N400000_S101,101,sample,253,triangle_0253,sailWall,-0.11084999999845363,-0.15759489312768857,0.5268351254621191,-0.9999999999999999,1.9010810233034055e-15,2.9355836897694544e-12,0.0011448818600856008,-8.080992028387935e-14,7484.538922892781,-1319.726150268671,2.1074499097006724e-08,1.513347760620734e-07,-3.0598568315547695e-08,-7.457210027487059e-08,7.607780589005313e-09,-1.359001707887088e-08,-7.457210027487059e-08,7.607780589005313e-09,-1.359001707887088e-08,8,False,250.0
b712773f15e0f684,20270301_h250_r0_p90_y80_TPMC_N400000_S101,101,sample,254,triangle_0254,sailWall,-0.11085000000122285,0.2682131248962547,-0.41660092462559345,-1.0,1.5216820709926053e-15,2.9359630887217394e-12,0.0011235075068580672,-8.080992028387935e-14,7484.538922892781,-1319.726150268671,2.2165893437393746e-08,1.5561344933739082e-07,-1.8534092787484998e-08,5.964660366236896e-08,-1.1265749261658166e-08,-2.326952735647106e-08,5.964660366236896e-08,-1.1265749261658166e-08,-2.326952735647106e-08,8,False,250.0
b712773f15e0f684,20270301_h250_r0_p90_y80_TPMC_N400000_S101,101,sample,255,triangle_0255,sailWall,-0.11085000000078726,-0.41660092462591947,-0.26821312489592863,-1.0,3.8463786409573517e-16,2.935251329538566e-12,0.0011235075068580598,-8.080992028387935e-14,7484.538922892781,-1319.726150268671,1.666266792509857e-08,1.0047675685651463e-07,-1.879922445270007e-08,3.4426834068019215e-08,-6.507250710572773e-09,-4.178275350451902e-09,3.4426834068019215e-08,-6.507250710572773e-09,-4.178275350451902e-09,6,False,250.0
b712773f15e0f684,20270301_h250_r0_p90_y80_TPMC_N400000_S101,101,sample,256,triangle_0256,sailWall,-0.11084999999921274,0.41659963932728267,0.26821431545804003,-1.0,7.868975399668938e-16,2.935653589214446e-12,0.00112351277972984,-8.080992028387935e-14,7484.538922892781,-1319.726150268671,1.6905040051597536e-08,1.0873495082445346e-07,-1.9310253625879037e-08,-3.648488995116124e-08,2.3071721578802096e-09,-1.898492557472614e-08,-3.648488995116124e-08,2.3071721578802096e-09,-1.898492557472614e-08,6,False,250.0
b712773f15e0f684,20270301_h250_r0_p90_y80_TPMC_N400000_S101,101,sample,257,triangle_0257,sailWall,-0.1108499999987772,-0.26821312489625454,0.41660092462624415,-1.0,1.0125663547079468e-15,2.9338541253196964e-12,0.0011235075068580637,-8.080992028387935e-14,7484.538922892781,-1319.726150268671,2.393190764007787e-08,1.3832793978923214e-07,-1.8545641632970183e-08,-5.375559084495175e-08,8.086971343572216e-09,-8.921972813641975e-09,-5.375559084495175e-08,8.086971343572216e-09,-8.921972813641975e-09,7,False,250.0
b712773f15e0f684,20270301_h250_r0_p90_y80_TPMC_N400000_S101,101,sample,258,triangle_0258,sailWall,-0.11085000000026642,-0.5701639642997991,-0.09076688645318715,-1.0,-7.228621102099379e-16,2.9338906454014046e-12,0.0012908473923273138,-8.080992028387935e-14,7484.538922892781,-1319.726150268671,1.9768295825894264e-08,1.3804246473373758e-07,-2.4132872849473005e-08,2.769916947657248e-08,-4.654000927451338e-09,-4.0085007998493764e-09,2.769916947657248e-08,-4.654000927451338e-09,-4.0085007998493764e-09,7,False,250.0
b712773f15e0f684,20270301_h250_r0_p90_y80_TPMC_N400000_S101,101,sample,259,triangle_0259,sailWall,-0.11084999999973356,0.5701607527511933,0.09077554993699688,-0.9999999999999999,6.129378217206832e-16,2.9335984092967445e-12,0.0012911938995977116,-8.080992028387935e-14,7484.538922892781,-1319.726150268671,1.7984884293447955e-08,1.2314738168444504e-07,-2.787165614699849e-08,-2.7503419310251767e-08,-1.3842729291038917e-09,-2.3897166197048427e-08,-2.7503419310251767e-08,-1.3842729291038917e-09,-2.3897166197048427e-08,7,False,250.0
b712773f15e0f684,20270301_h250_r0_p90_y80_TPMC_N400000_S101,101,sample,260,triangle_0260,sailWall,-0.11085000000167357,0.09077554993667143,-0.5701607527508679,-1.0,7.589847387085934e-16,2.9352968799808725e-12,0.0012911938995977244,-8.080992028387935e-14,7484.538922892781,-1319.726150268671,9.894336964130324e-09,9.921513915558365e-08,-2.0895789894364695e-08,5.368311756403938e-08,-7.868207500681142e-09,-1.1911286508091048e-08,5.368311756403938e-08,-7.868207500681142e-09,-1.1911286508091048e-08,5,False,250.0
b712773f15e0f684,20270301_h250_r0_p90_y80_TPMC_N400000_S101,101,sample,261,triangle_0261,sailWall,-0.11085000000022176,0.2984573968724296,-0.07554711782498773,-1.0,3.923944776058725e-16,2.9357853219601642e-12,0.0011467995230568639,-8.080992028387935e-14,7484.538922892781,-1319.726150268671,6.47909428725969e-09,2.847671375733603e-08,-5.752522912512187e-09,-2.5254331712507685e-10,-9.843243313140556e-10,-5.157141421541345e-09,-2.5254331712507685e-10,-9.843243313140556e-10,-5.157141421541345e-09,1,False,250.0
b712773f15e0f684,20270301_h250_r0_p90_y80_TPMC_N400000_S101,101,sample,262,triangle_0262,sailWall,-0.11084999999977822,-0.29845739687242956,0.07554711782563851,-1.0,3.9239447761481415e-16,2.9357853219601695e-12,0.0011467995230568663,-8.080992028387935e-14,7484.538922892781,-1319.726150268671,2.1577252021564773e-08,1.223481069473557e-07,-1.7926622900227335e-08,-4.14382900228841e-09,-2.9314602628895496e-10,-7.070801458961222e-09,-4.14382900228841e-09,-2.9314602628895496e-10,-7.070801458961222e-09,7,False,250.0
b712773f15e0f684,20270301_h250_r0_p90_y80_TPMC_N400000_S101,101,sample,263,triangle_0263,sailWall,-0.11084999999912397,0.07554709626083393,0.29845741696878464,-1.0,-3.566642560919566e-16,2.934373732586264e-12,0.001146797964177561,-8.080992028387935e-14,7484.538922892781,-1319.726150268671,2.4373759889198978e-08,2.1591802819505746e-07,-4.9109623374382346e-08,-6.79580349368021e-08,1.7940185161081959e-09,-2.582574495341094e-08,-6.79580349368021e-08,1.7940185161081959e-09,-2.582574495341094e-08,11,False,250.0
b712773f15e0f684,20270301_h250_r0_p90_y80_TPMC_N400000_S101,101,sample,264,triangle_0264,sailWall,-0.11085000000087604,-0.07554711782531331,-0.29845739687210426,-1.0,-8.796693226205368e-17,2.934212255789893e-12,0.0011467995230568676,-8.080992028387935e-14,7484.538922892781,-1319.726150268671,3.041310434530801e-08,1.7400119973801433e-07,-3.6292830753068345e-08,5.4664147510266904e-08,-1.3186750855804781e-08,-1.7212357411430257e-08,5.4664147510266904e-08,-1.3186750855804781e-08,-1.7212357411430257e-08,9,False,250.0
b712773f15e0f684,20270301_h250_r0_p90_y80_TPMC_N400000_S101,101,sample,265,triangle_0265,sailWall,-0.11084999999821506,-0.05205139474291287,0.6081054643436611,-1.0,7.972999681496449e-16,2.9353183848207413e-12,0.0012973835210758444,-8.080992028387935e-14,7484.538922892781,-1319.726150268671,1.0364934634144516e-08,6.652705440348018e-08,-1.2396709322524347e-08,-3.948278948753276e-08,4.878971025007484e-09,-6.801890299297449e-09,-3.948278948753276e-08,4.878971025007484e-09,-6.801890299297449e-09,3,False,250.0
b712773f15e0f684,20270301_h250_r0_p90_y80_TPMC_N400000_S101,101,sample,266,triangle_0266,sailWall,-0.11085000000046176,0.5264639936617509,-0.1573067392246468,-1.0,-5.272995634136983e-16,2.9353939912378337e-12,0.0011815763143308488,-8.080992028387935e-14,7484.538922892781,-1319.726150268671,2.4921198593258616e-08,1.7640722476236474e-07,-3.117147922074278e-08,1.0936482951861097e-08,-7.355902322543607e-09,-3.284010794168516e-08,1.0936482951861097e-08,-7.355902322543607e-09,-3.284010794168516e-08,9,False,250.0
b712773f15e0f684,20270301_h250_r0_p90_y80_TPMC_N400000_S101,101,sample,267,triangle_0267,sailWall,-0.11084999999953826,-0.5264639936617509,0.15730673922529773,-1.0,1.427529071312589e-15,2.93605724172146e-12,0.0011815763143308475,-8.080992028387935e-14,7484.538922892781,-1319.726150268671,2.8649514902798644e-08,1.7073273994162363e-07,-3.5856368124334555e-08,-7.344217864174993e-09,5.287269250337198e-10,-3.765690471550663e-09,-7.344217864174993e-09,5.287269250337198e-10,-3.765690471550663e-09,9,False,250.0
b712773f15e0f684,20270301_h250_r0_p90_y80_TPMC_N400000_S101,101,sample,268,triangle_0268,sailWall,-0.11084999999823923,0.08076652647076729,0.5998746340384405,-1.0,8.389281873365329e-17,2.9349505844932082e-12,0.0013557617243079591,-8.080992028387935e-14,7484.538922892781,-1319.726150268671,2.1081067244007587e-08,1.1582440797698317e-07,-2.702509754397536e-08,-7.067827403863522e-08,9.459483273335632e-09,-1.4489201124444912e-08,-7.067827403863522e-08,9.459483273335632e-09,-1.4489201124444912e-08,7,False,250.0
b712773f15e0f684,20270301_h250_r0_p90_y80_TPMC_N400000_S101,101,sample,269,triangle_0269,sailWall,-0.11085000000035454,-0.5640342275381389,-0.12078193801062576,-1.0,-1.135726599644491e-15,2.936349044193167e-12,0.0011233897332548386,-8.080992028387935e-14,7484.538922892781,-1319.726150268671,1.6870559670551146e-08,1.0036463264132589e-07,-1.865902766683158e-08,2.286005989854222e-08,-4.119044821878424e-09,-1.7080986735007774e-09,2.286005989854222e-08,-4.119044821878424e-09,-1.7080986735007774e-09,5,False,250.0
b712773f15e0f684,20270301_h250_r0_p90_y80_TPMC_N400000_S101,101,sample,270,triangle_0270,sailWall,-0.11085000000165557,0.12078951855871546,-0.5640314174327833,-1.0,-2.596011246034906e-16,2.935126292798999e-12,0.001123124220455311,-8.080992028387935e-14,7484.538922892781,-1319.726150268671,7.954317156579241e-09,6.443307610885078e-08,-1.594596149777756e-08,3.389137935813678e-08,-6.177429632285711e-09,-8.087676663380596e-09,3.389137935813678e-08,-6.177429632285711e-09,-8.087676663380596e-09,3,False,250.0
b712773f15e0f684,20270301_h250_r0_p90_y80_TPMC_N400000_S101,101,sample,271,triangle_0271,sailWall,-0.11084999999834444,-0.12078191358705508,0.5640342071236822,-1.0,-6.651782101349897e-16,2.9355318698845305e-12,0.0011233922288812737,-8.080992028387935e-14,7484.538922892781,-1319.726150268671,1.3647997550430636e-08,1.332336266167221e-07,-2.9094429411909912e-08,-7.130354766972425e-08,4.415215073508459e-09,-1.3013846378153454e-08,-7.130354766972425e-08,4.415215073508459e-09,-1.3013846378153454e-08,6,False,250.0
b712773f15e0f684,20270301_h250_r0_p90_y80_TPMC_N400000_S101,101,sample,272,triangle_0272,sailWall,-0.1108499999996455,0.564031417433109,0.12078951855904048,-1.0,3.430762960116996e-16,2.935209767970479e-12,0.0011231242204553097,-8.080992028387935e-14,7484.538922892781,-1319.726150268671,1.0308680248202055e-08,8.645417218853327e-08,-1.800912633640638e-08,-2.1142742665520315e-08,-6.141326866232143e-10,-1.5342716324095468e-08,-2.1142742665520315e-08,-6.141326866232143e-10,-1.5342716324095468e-08,5,False,250.0
b712773f15e0f684,20270301_h250_r0_p90_y80_TPMC_N400000_S101,101,sample,273,triangle_0273,sailWall,-0.11085000000178576,-0.051441386004660326,-0.6083898604872314,-1.0,-2.826007224893026e-17,2.9344467633238485e-12,0.0012879473504755958,-8.080992028387935e-14,7484.538922892781,-1319.726150268671,2.8442392660381538e-08,2.112277373522759e-07,-3.682566763085484e-08,1.3063308878698964e-07,-2.1356710842383564e-08,-2.1846730803389357e-08,1.3063308878698964e-07,-2.1356710842383564e-08,-2.1846730803389357e-08,12,False,250.0
b712773f15e0f684,20270301_h250_r0_p90_y80_TPMC_N400000_S101,101,sample,274,triangle_0274,sailWall,-0.11084999999832623,-0.09064896664621967,0.570236354388962,-1.0,4.308888075771553e-17,2.9356508174072986e-12,0.0013009624178030577,-8.080992028387935e-14,7484.538922892781,-1319.726150268671,1.580406516433323e-08,9.310999579848639e-08,-1.7422682011579345e-08,-5.201392243150447e-08,7.201696857634279e-09,-8.82017525748017e-09,-5.201392243150447e-08,7.201696857634279e-09,-8.82017525748017e-09,5,False,250.0
b712773f15e0f684,20270301_h250_r0_p90_y80_TPMC_N400000_S101,101,sample,275,triangle_0275,sailWall,-0.11085000000176115,-0.08063999152560557,-0.6000083751972255,-1.0,-3.244070119122765e-16,2.934542284662554e-12,0.001355360641592444,-8.080992028387935e-14,7484.538922892781,-1319.726150268671,2.401207690659421e-08,1.748165735312656e-07,-2.6686172974375146e-08,1.065032801374223e-07,-1.7252188143783553e-08,-1.7435836588462295e-08,1.065032801374223e-07,-1.7252188143783553e-08,-1.7435836588462295e-08,10,False,250.0
b712773f15e0f684,20270301_h250_r0_p90_y80_TPMC_N400000_S101,101,sample,276,triangle_0276,sailWall,-0.11085000000154639,0.15759891774027365,-0.5268349605228028,-1.0,-2.869233159147924e-16,2.935153614990319e-12,0.0011446670387608713,-8.080992028387935e-14,7484.538922892781,-1319.726150268671,5.0419260752355825e-09,3.9385686562255446e-08,-8.407780324185056e-09,1.9376982106168072e-08,-3.5792859368010354e-09,-5.17209652560644e-09,1.9376982106168072e-08,-3.5792859368010354e-09,-5.17209652560644e-09,3,False,250.0
b712773f15e0f684,20270301_h250_r0_p90_y80_TPMC_N400000_S101,101,sample,277,triangle_0277,sailWall,-0.11084999999953743,0.5268349605231287,0.15759891774059856,-1.0,-2.2866369645514306e-16,2.937256107096358e-12,0.0011446670387608765,-8.080992028387935e-14,7484.538922892781,-1319.726150268671,1.4702243781421743e-08,1.0892400905453345e-07,-2.0232210269114136e-08,-2.8424816585300087e-08,1.629423321916966e-10,-1.974832420356461e-08,-2.8424816585300087e-08,1.629423321916966e-10,-1.974832420356461e-08,5,False,250.0
b712773f15e0f684,20270301_h250_r0_p90_y80_TPMC_N400000_S101,101,sample,278,triangle_0278,sailWall,-0.11084999999976136,0.5998135458443996,0.08130182085197131,-1.0,-1.053187600574514e-15,2.9341875153765252e-12,0.0013293684062598613,-8.080992028387935e-14,7484.538922892781,-1319.726150268671,2.19218664129315e-08,1.3540765423062071e-07,-2.3658783049384923e-08,-2.5908807463988117e-08,-7.037788489072097e-10,-2.831676129177976e-08,-2.5908807463988117e-08,-7.037788489072097e-10,-2.831676129177976e-08,6,False,250.0
b712773f15e0f684,20270301_h250_r0_p90_y80_TPMC_N400000_S101,101,sample,279,triangle_0279,sailWall,-0.1108500000017606,0.08130182085164607,-0.5998135458440741,-1.0,4.4835185238188e-16,2.9344183398220234e-12,0.0013293684062598706,-8.080992028387935e-14,7484.538922892781,-1319.726150268671,2.0876900363890665e-08,1.3641565396743943e-07,-2.8009853892198862e-08,7.876824888027229e-08,-1.5528743634016596e-08,-1.6776656966444533e-08,7.876824888027229e-08,-1.5528743634016596e-08,-1.6776656966444533e-08,6,False,250.0
b712773f15e0f684,20270301_h250_r0_p90_y80_TPMC_N400000_S101,101,sample,280,triangle_0280,sailWall,-0.11085000000023863,-0.5998139472879753,-0.08130073791592564,-1.0,-9.099162650290489e-16,2.9339567754094487e-12,0.001329406336659787,-8.080992028387935e-14,7484.538922892781,-1319.726150268671,2.1709657495405375e-08,1.0709251448141033e-07,-1.577038077133836e-08,1.7619383197465052e-08,-3.4497672010378913e-09,1.1920167653233122e-09,1.7619383197465052e-08,-3.4497672010378913e-09,1.1920167653233122e-09,6,False,250.0
b712773f15e0f684,20270301_h250_r0_p90_y80_TPMC_N400000_S101,101,sample,281,triangle_0281,sailWall,-0.11085000000023666,0.6000074744592362,-0.08064206151517801,-1.0,-4.582612426138787e-16,2.935324952917027e-12,0.0013552955635108951,-8.080992028387935e-14,7484.538922892781,-1319.726150268671,1.302570282677226e-08,8.004578032338648e-08,-1.310698217817592e-08,-1.3104833998180648e-09,-2.5336022083158323e-09,-1.675321465249402e-08,-1.3104833998180648e-09,-2.5336022083158323e-09,-1.675321465249402e-08,4,False,250.0
b712773f15e0f684,20270301_h250_r0_p90_y80_TPMC_N400000_S101,101,sample,282,triangle_0282,sailWall,-0.11084999999976335,-0.6000074744592362,0.08064206151582913,-1.0,-1.7710061778402882e-16,2.935417803594817e-12,0.0013552955635108834,-8.080992028387935e-14,7484.538922892781,-1319.726150268671,1.926129459021591e-08,1.3071050414318066e-07,-2.3068560603338543e-08,3.7082783298166423e-09,-1.0767319045847448e-09,-2.916875009607086e-09,3.7082783298166423e-09,-1.0767319045847448e-09,-2.916875009607086e-09,7,False,250.0
b712773f15e0f684,20270301_h250_r0_p90_y80_TPMC_N400000_S101,101,sample,283,triangle_0283,sailWall,-0.11084999999823919,-0.08118284253285456,0.5998863577919201,-1.0,-1.7006036029485472e-16,2.9350367520347085e-12,0.0013319379293105502,-8.080992028387935e-14,7484.538922892781,-1319.726150268671,2.065497644646188e-08,1.198161073725825e-07,-2.5682359301608014e-08,-6.939288634129091e-08,9.490539647991907e-09,-1.1440119237391446e-08,-6.939288634129091e-08,9.490539647991907e-09,-1.1440119237391446e-08,6,False,250.0
b712773f15e0f684,20270301_h250_r0_p90_y80_TPMC_N400000_S101,101,sample,284,triangle_0284,sailWall,-0.1108500000018761,-0.04501192079483779,-0.6391709589738918,-1.0,-1.0327315036874795e-16,2.934763418524097e-12,0.0011586370865377873,-8.080992028387935e-14,7484.538922892781,-1319.726150268671,1.65745463947146e-08,1.1919262506458138e-07,-2.2851128610071058e-08,7.797036573002972e-08,-1.3249665072497013e-08,-1.2507346503931707e-08,7.797036573002972e-08,-1.3249665072497013e-08,-1.2507346503931707e-08,6,False,250.0
b712773f15e0f684,20270301_h250_r0_p90_y80_TPMC_N400000_S101,101,sample,285,triangle_0285,sailWall,-0.11084999999812438,-0.045079078525853945,0.6390085802362764,-1.0,5.494814583831467e-16,2.9343172102160384e-12,0.0011639368873367136,-8.080992028387935e-14,7484.538922892781,-1319.726150268671,2.6811801190864784e-08,1.8212914165725065e-07,-3.267920212266566e-08,-1.1419047490202208e-07,1.3360515875972851e-08,-1.9121901616447417e-08,-1.1419047490202208e-07,1.3360515875972851e-08,-1.9121901616447417e-08,9,False,250.0
b712773f15e0f684,20270301_h250_r0_p90_y80_TPMC_N400000_S101,101,sample,286,triangle_0286,sailWall,-0.1108499999998679,-0.6391702505827858,0.04501390991949361,-1.0,-3.4410052187347653e-16,2.935210792196288e-12,0.0011585658036409032,-8.080992028387935e-14,7484.538922892781,-1319.726150268671,2.193321291074582e-08,1.1917240039172692e-07,-1.0645512926950477e-08,2.464894327130588e-09,-3.91923492205133e-10,8.161828826452444e-10,2.464894327130588e-09,-3.91923492205133e-10,8.161828826452444e-10,6,False,250.0
b712773f15e0f684,20270301_h250_r0_p90_y80_TPMC_N400000_S101,101,sample,287,triangle_0287,sailWall,-0.1108500000001321,0.6391702505827858,-0.0450139099188426,-1.0,-5.663317352545739e-16,2.9354330234096668e-12,0.0011585658036409124,-8.080992028387935e-14,7484.538922892781,-1319.726150268671,5.226020886761532e-09,3.6751538705737e-08,-1.131636210746417e-08,-5.057328771448113e-09,-1.5481667362589801e-09,-7.363772238864402e-09,-5.057328771448113e-09,-1.5481667362589801e-09,-7.363772238864402e-09,2,False,250.0
b712773f15e0f684,20270301_h250_r0_p90_y80_TPMC_N400000_S101,101,sample,288,triangle_0288,sailWall,-0.11085000000060413,0.2828286478016218,-0.20582272526377987,-1.0,1.1396813244541098e-15,2.9342277120228767e-12,0.0011266781208953526,-8.080992028387935e-14,7484.538922892781,-1319.726150268671,2.8479789652363785e-08,2.0597429801913737e-07,-3.6212334626913953e-08,3.1459887763298306e-08,-9.79748115738501e-09,-3.0948789918225805e-08,3.1459887763298306e-08,-9.79748115738501e-09,-3.0948789918225805e-08,10,False,250.0
b712773f15e0f684,20270301_h250_r0_p90_y80_TPMC_N400000_S101,101,sample,289,triangle_0289,sailWall,-0.11084999999916988,0.2058181756603276,0.2828328875969002,-1.0,-7.098335175371101e-16,2.9349574760233286e-12,0.0011269794642884043,-8.080992028387935e-14,7484.538922892781,-1319.726150268671,8.44530919190279e-09,5.3150391088512824e-08,-3.8844981542423515e-09,-1.590490541217023e-08,1.981372879575538e-09,-7.68692154531879e-09,-1.590490541217023e-08,1.981372879575538e-09,-7.68692154531879e-09,3,False,250.0
b712773f15e0f684,20270301_h250_r0_p90_y80_TPMC_N400000_S101,101,sample,290,triangle_0290,sailWall,-0.11085000000083017,-0.20582272526410558,-0.28282864780129563,-1.0,1.3481866743519225e-15,2.934265100954366e-12,0.0011266781208953537,-8.080992028387935e-14,7484.538922892781,-1319.726150268671,1.3049156578039678e-08,1.0145348902071131e-07,-1.860067432754525e-08,3.2183530567041754e-08,-5.712838701193542e-09,-8.537938511270586e-09,3.2183530567041754e-08,-5.712838701193542e-09,-8.537938511270586e-09,5,False,250.0
b712773f15e0f684,20270301_h250_r0_p90_y80_TPMC_N400000_S101,101,sample,291,triangle_0291,sailWall,-0.11084999999939589,-0.2828286478016211,0.2058227252644306,-1.0,-1.9558791382859827e-16,2.9361188227907467e-12,0.0011266781208953552,-8.080992028387935e-14,7484.538922892781,-1319.726150268671,1.7444311325268378e-08,1.247231856431115e-07,-2.353833870602361e-08,-1.8886235300647552e-08,9.703811864867543e-10,-8.965915614148577e-09,-1.8886235300647552e-08,9.703811864867543e-10,-8.965915614148577e-09,6,False,250.0
b712773f15e0f684,20270301_h250_r0_p90_y80_TPMC_N400000_S101,101,sample,292,triangle_0292,sailWall,-0.11085000000023278,-0.148748553526404,-0.07928838439951198,-0.9999999999999999,-8.492439804581972e-16,2.9350648136039523e-12,0.0011616764535087019,-8.080992028387935e-14,7484.538922892781,-1319.726150268671,2.250706355916692e-08,1.0172122846180057e-07,-1.7877446231640117e-08,1.0802054080959237e-08,-3.824176458515365e-09,-8.001466183941162e-09,1.0802054080959237e-08,-3.824176458515365e-09,-8.001466183941162e-09,7,False,250.0
b712773f15e0f684,20270301_h250_r0_p90_y80_TPMC_N400000_S101,101,sample,293,triangle_0293,sailWall,-0.11084999999956341,-0.07928838439983754,0.14874855352672925,-1.0,-1.2526941820643019e-16,2.9349230175951744e-12,0.001161676453508707,-8.080992028387935e-14,7484.538922892781,-1319.726150268671,1.9722210772276017e-08,8.880613890603486e-08,-2.3480590945845616e-08,-1.1941939974534573e-08,4.5659523671229305e-10,-8.327678367056838e-09,-1.1941939974534573e-08,4.5659523671229305e-10,-8.327678367056838e-09,6,False,250.0
b712773f15e0f684,20270301_h250_r0_p90_y80_TPMC_N400000_S101,101,sample,294,triangle_0294,sailWall,-0.1108499999997673,0.14874855352640395,0.07928838440016273,-0.9999999999999999,1.1311098340639852e-15,2.9361469034713785e-12,0.0011616764535086993,-8.080992028387935e-14,7484.538922892781,-1319.726150268671,8.952737624386502e-09,5.6013755137068234e-08,-2.6262788763522197e-09,-4.663710542893055e-09,4.004163525789005e-10,-7.453661268552439e-09,-4.663710542893055e-09,4.004163525789005e-10,-7.453661268552439e-09,4,False,250.0
b712773f15e0f684,20270301_h250_r0_p90_y80_TPMC_N400000_S101,101,sample,295,triangle_0295,sailWall,-0.1108500000004366,0.07928838439983753,-0.1487485535260785,-0.9999999999999999,-4.279062931797748e-16,2.9349406382587156e-12,0.0011616764535087056,-8.080992028387935e-14,7484.538922892781,-1319.726150268671,7.152730484998536e-09,5.306323333032321e-08,-1.4714224995629235e-08,6.792630399442853e-09,-2.708159102533542e-09,-6.5000876229854915e-09,6.792630399442853e-09,-2.708159102533542e-09,-6.5000876229854915e-09,3,False,250.0
b712773f15e0f684,20270301_h250_r0_p90_y80_TPMC_N400000_S101,101,sample,296,triangle_0296,sailWall,-0.11085000000083474,0.052646062507821424,-0.2843897498013859,-1.0,-5.63952644528821e-16,2.9356212493767653e-12,0.0011068709758507169,-8.080992028387935e-14,7484.538922892781,-1319.726150268671,1.8274598162061015e-08,1.0673728596393703e-07,-1.2887178401018869e-08,3.004395099228274e-08,-6.6823983342448e-09,-1.285289217561167e-08,3.004395099228274e-08,-6.6823983342448e-09,-1.285289217561167e-08,6,False,250.0
b712773f15e0f684,20270301_h250_r0_p90_y80_TPMC_N400000_S101,101,sample,297,triangle_0297,sailWall,-0.1108499999998455,0.2843897498017111,0.05264606250814693,-1.0,-1.2088713595025141e-15,2.9343082595213493e-12,0.0011068709758507093,-8.080992028387935e-14,7484.538922892781,-1319.726150268671,1.4341139405493985e-08,7.82638380337261e-08,-1.5329896681537128e-08,-7.810905578265137e-09,-1.0345172986589943e-09,-1.2677276924254579e-08,-7.810905578265137e-09,-1.0345172986589943e-09,-1.2677276924254579e-08,5,False,250.0
b712773f15e0f684,20270301_h250_r0_p90_y80_TPMC_N400000_S101,101,sample,298,triangle_0298,sailWall,-0.11085000000015453,-0.2843897498017112,-0.052646062507496115,-1.0,8.855154595363569e-16,2.9344703239696414e-12,0.0011068709758507102,-8.080992028387935e-14,7484.538922892781,-1319.726150268671,2.5029434942398797e-08,1.5482146177702926e-07,-2.7000076311574457e-08,1.673910430194996e-08,-4.405234528013391e-09,-9.915092826188228e-09,1.673910430194996e-08,-4.405234528013391e-09,-9.915092826188228e-09,8,False,250.0
b712773f15e0f684,20270301_h250_r0_p90_y80_TPMC_N400000_S101,101,sample,299,triangle_0299,sailWall,-0.11084999999916527,-0.052646062507820945,0.2843897498020371,-1.0,-5.639526445126771e-16,2.9356212493767714e-12,0.0011068709758507108,-8.080992028387935e-14,7484.538922892781,-1319.726150268671,1.5596419486199546e-08,1.2987409002183706e-07,-1.9712503763292725e-08,-3.6884232170329745e-08,2.320595223206508e-09,-1.3577572955474774e-08,-3.6884232170329745e-08,2.320595223206508e-09,-1.3577572955474774e-08,6,False,250.0
b712773f15e0f684,20270301_h250_r0_p90_y80_TPMC_N400000_S101,101,sample,300,triangle_0300,sailWall,-0.11084999999903687,0.0756589745917213,0.32813852802077953,-1.0,-3.569812054533292e-16,2.9347895480998942e-12,0.0011537222394012053,-8.080992028387935e-14,7484.538922892781,-1319.726150268671,2.2839013479283264e-08,1.3322577830940117e-07,-2.3825240293321654e-08,-4.522366768290209e-08,4.796594635338103e-09,-1.651091290668327e-08,-4.522366768290209e-08,4.796594635338103e-09,-1.651091290668327e-08,8,False,250.0
b712773f15e0f684,20270301_h250_r0_p90_y80_TPMC_N400000_S101,101,sample,301,triangle_0301,sailWall,-0.11085000000022209,0.32813852802045435,-0.07565897459139481,-1.0,-7.044122328463401e-16,2.9357844859351124e-12,0.0011537222394012053,-8.080992028387935e-14,7484.538922892781,-1319.726150268671,9.09411205693261e-09,5.930848357085331e-08,-7.245846385186832e-09,2.6973977671469515e-09,-1.5812962546107725e-09,-9.513718605675903e-09,2.6973977671469515e-09,-1.5812962546107725e-09,-9.513718605675903e-09,2,False,250.0
b712773f15e0f684,20270301_h250_r0_p90_y80_TPMC_N400000_S101,101,sample,302,triangle_0302,sailWall,-0.11085000000096316,-0.0756589745917205,-0.328138528020129,-1.0,-8.99460498914631e-17,2.9368087204413426e-12,0.0011537222394012035,-8.080992028387935e-14,7484.538922892781,-1319.726150268671,1.2580440172650582e-08,8.989556907864805e-08,-1.8792109978558174e-08,3.092599061572386e-08,-6.174482463002322e-09,-9.026937280285396e-09,3.092599061572386e-08,-6.174482463002322e-09,-9.026937280285396e-09,5,False,250.0
b712773f15e0f684,20270301_h250_r0_p90_y80_TPMC_N400000_S101,101,sample,303,triangle_0303,sailWall,-0.11084999999977792,-0.3281385280204543,0.0756589745920457,-1.0,1.4710067277895798e-15,2.9357861441167576e-12,0.001153722239401205,-8.080992028387935e-14,7484.538922892781,-1319.726150268671,2.6550114026852377e-08,1.1600046592970126e-07,-1.6223595311914235e-08,-2.782470758327594e-09,6.602404793435924e-11,-4.047350404576312e-09,-2.782470758327594e-09,6.602404793435924e-11,-4.047350404576312e-09,6,False,250.0
b712773f15e0f684,20270301_h250_r0_p90_y80_TPMC_N400000_S101,101,sample,304,triangle_0304,sailWall,-0.11085000000135668,0.05266894785129513,-0.4621993843166865,-1.0,-4.4233368311023125e-16,2.9357239926607086e-12,0.0010936897441902941,-8.080992028387935e-14,7484.538922892781,-1319.726150268671,2.3331326605947323e-08,1.6353443707658468e-07,-2.3985640665411962e-08,7.362315706425237e-08,-1.3396906047646747e-08,-1.942291418778189e-08,7.362315706425237e-08,-1.3396906047646747e-08,-1.942291418778189e-08,7,False,250.0
b712773f15e0f684,20270301_h250_r0_p90_y80_TPMC_N400000_S101,101,sample,305,triangle_0305,sailWall,-0.1108500000001546,-0.46219798237868104,-0.05266650256534661,-1.0,-1.8429605602236572e-15,2.9350943505630897e-12,0.0010935815281721095,-8.080992028387935e-14,7484.538922892781,-1319.726150268671,2.277051059174719e-08,1.3284001871739268e-07,-2.6205619352360754e-08,1.9450261771191893e-08,-4.238824196391983e-09,-4.193793594980031e-09,1.9450261771191893e-08,-4.238824196391983e-09,-4.193793594980031e-09,7,False,250.0
b712773f15e0f684,20270301_h250_r0_p90_y80_TPMC_N400000_S101,101,sample,306,triangle_0306,sailWall,-0.1108499999998454,0.46219938431701085,0.05266894785162172,-1.0,1.5431288403100171e-15,2.936704662775715e-12,0.001093689744190271,-8.080992028387935e-14,7484.538922892781,-1319.726150268671,9.246549511475801e-09,6.222824255373381e-08,-7.736855899745561e-09,-6.471608695602796e-09,-4.3023442001652714e-10,-1.1206518014346759e-08,-6.471608695602796e-09,-4.3023442001652714e-10,-1.1206518014346759e-08,3,False,250.0
b712773f15e0f684,20270301_h250_r0_p90_y80_TPMC_N400000_S101,101,sample,307,triangle_0307,sailWall,-0.11084999999864333,-0.052665940925459294,0.4621977103626973,-1.0,-3.4018051036884744e-16,2.935897892863433e-12,0.0010935607573134627,-8.080992028387935e-14,7484.538922892781,-1319.726150268671,1.7820078235651337e-08,1.0217018041230143e-07,-3.0465419869016436e-08,-4.595391264004776e-08,4.908260000985081e-09,-1.0524398242135515e-08,-4.595391264004776e-08,4.908260000985081e-09,-1.0524398242135515e-08,6,False,250.0
b712773f15e0f684,20270301_h250_r0_p90_y80_TPMC_N400000_S101,101,sample,308,triangle_0308,sailWall,-0.11085000000037387,0.3281282509688831,-0.1273666749878871,-1.0,-2.738298904629645e-16,2.9346743667636925e-12,0.0011571172362274075,-8.080992028387935e-14,7484.538922892781,-1319.726150268671,7.840117461466266e-09,5.2206951604819727e-08,-1.2020457457072585e-08,2.922124834499531e-09,-2.3824016205254062e-09,-8.397786610200293e-09,2.922124834499531e-09,-2.3824016205254062e-09,-8.397786610200293e-09,3,False,250.0
b712773f15e0f684,20270301_h250_r0_p90_y80_TPMC_N400000_S101,101,sample,309,triangle_0309,sailWall,-0.1108499999990369,0.12736667498821364,0.3281282509692078,-1.0,5.634144915147909e-16,2.934276742172165e-12,0.0011571172362274133,-8.080992028387935e-14,7484.538922892781,-1319.726150268671,3.8054606798679786e-08,2.436931066071551e-07,-3.4938885049246905e-08,-8.345671961125346e-08,8.497014799360068e-09,-3.178237701678196e-08,-8.345671961125346e-08,8.497014799360068e-09,-3.178237701678196e-08,13,False,250.0
b712773f15e0f684,20270301_h250_r0_p90_y80_TPMC_N400000_S101,101,sample,310,triangle_0310,sailWall,-0.11084999999962615,-0.3281282509688827,0.12736667498853793,-1.0,1.9003946621848055e-15,2.9346711698425615e-12,0.001157117236227403,-8.080992028387935e-14,7484.538922892781,-1319.726150268671,1.9257926285566596e-08,1.1579396985551349e-07,-1.0982130696973421e-08,-1.0889979835055683e-08,1.18587520898071e-09,-6.433629477706477e-09,-1.0889979835055683e-08,1.18587520898071e-09,-6.433629477706477e-09,6,False,250.0
b712773f15e0f684,20270301_h250_r0_p90_y80_TPMC_N400000_S101,101,sample,311,triangle_0311,sailWall,-0.11085000000096312,-0.12736667498821283,-0.3281282509685574,-1.0,2.984502806625742e-16,2.9362960511593894e-12,0.0011571172362274083,-8.080992028387935e-14,7484.538922892781,-1319.726150268671,3.44687566058594e-08,1.8815414267856727e-07,-4.266112788015537e-08,6.571660245446729e-08,-1.5792428089895346e-08,-1.6542963116549926e-08,6.571660245446729e-08,-1.5792428089895346e-08,-1.6542963116549926e-08,10,False,250.0
b712773f15e0f684,20270301_h250_r0_p90_y80_TPMC_N400000_S101,101,sample,312,triangle_0312,sailWall,-0.11085000000037364,0.29843758464707787,-0.12728988364942315,-1.0,-1.257432066344714e-16,2.9346741490210277e-12,0.0011496635544443986,-8.080992028387935e-14,7484.538922892781,-1319.726150268671,2.0021545014579567e-08,1.5833233584016787e-07,-2.284387523836669e-08,1.3864022268163906e-08,-5.168743918099367e-09,-2.3518809900070004e-08,1.3864022268163906e-08,-5.168743918099367e-09,-2.3518809900070004e-08,8,False,250.0
b712773f15e0f684,20270301_h250_r0_p90_y80_TPMC_N400000_S101,101,sample,313,triangle_0313,sailWall,-0.11084999999962636,-0.29843758464707754,0.1272898836500739,-0.9999999999999999,-4.383604682612524e-16,2.9346746086850167e-12,0.0011496635544443968,-8.080992028387935e-14,7484.538922892781,-1319.726150268671,1.9678990363517183e-08,1.3266685160468048e-07,-1.6578712723187985e-08,-1.2015632737612601e-08,7.049492756026431e-10,-8.839872096869306e-09,-1.2015632737612601e-08,7.049492756026431e-10,-8.839872096869306e-09,7,False,250.0
b712773f15e0f684,20270301_h250_r0_p90_y80_TPMC_N400000_S101,101,sample,314,triangle_0314,sailWall,-0.11084999999912404,0.12728975426286956,0.2984377052235819,-1.0,5.647740927826048e-16,2.9352014063527906e-12,0.001149654201239026,-8.080992028387935e-14,7484.538922892781,-1319.726150268671,1.7378406745970256e-08,9.709448853404364e-08,-2.9389126654725386e-08,-3.3198445706562456e-08,2.0094550272609785e-09,-1.2959061967732113e-08,-3.3198445706562456e-08,2.0094550272609785e-09,-1.2959061967732113e-08,5,False,250.0
b712773f15e0f684,20270301_h250_r0_p90_y80_TPMC_N400000_S101,101,sample,315,triangle_0315,sailWall,-0.11085000000087597,-0.12728988364974886,-0.29843758464675224,-1.0,2.970368892159844e-16,2.935334804303776e-12,0.0011496635544444023,-8.080992028387935e-14,7484.538922892781,-1319.726150268671,1.0606781942554909e-08,8.754351332732304e-08,-1.6401534345836373e-08,2.749920374607402e-08,-4.916414378020052e-09,-8.413439454710467e-09,2.749920374607402e-08,-4.916414378020052e-09,-8.413439454710467e-09,4,False,250.0
b712773f15e0f684,20270301_h250_r0_p90_y80_TPMC_N400000_S101,101,sample,316,triangle_0316,sailWall,-0.11084999999916463,-0.10409796063465931,0.28460389650325146,-1.0,-4.243300740095751e-16,2.934087160189654e-12,0.0011127088261762418,-8.080992028387935e-14,7484.538922892781,-1319.726150268671,2.217712487447425e-08,1.0870985662516027e-07,-1.3486315378432268e-08,-2.938119133789891e-08,4.823043701495412e-09,-9.655334599378268e-09,-2.938119133789891e-08,4.823043701495412e-09,-9.655334599378268e-09,6,False,250.0
b712773f15e0f684,20270301_h250_r0_p90_y80_TPMC_N400000_S101,101,sample,317,triangle_0317,sailWall,-0.11084999999969448,0.2846038965029251,0.10409796063498529,-0.9999999999999999,-3.426900407494459e-16,2.9347983084100315e-12,0.00111270882617624,-8.080992028387935e-14,7484.538922892781,-1319.726150268671,2.0608381179377627e-08,1.1313370547459195e-07,-1.7985803880551404e-08,-1.6742873585944616e-08,1.193553712238433e-10,-1.8601907841641804e-08,-1.6742873585944616e-08,1.193553712238433e-10,-1.8601907841641804e-08,6,False,250.0
b712773f15e0f684,20270301_h250_r0_p90_y80_TPMC_N400000_S101,101,sample,318,triangle_0318,sailWall,-0.11085000000030558,-0.28460389650292534,-0.10409796063433442,-0.9999999999999999,4.529469331290296e-16,2.9367210589601773e-12,0.00111270882617624,-8.080992028387935e-14,7484.538922892781,-1319.726150268671,1.4853783621184113e-08,8.566201390726563e-08,-1.612656484936976e-08,1.3568035344899737e-08,-3.3397221203224822e-09,-5.237006029576191e-09,1.3568035344899737e-08,-3.3397221203224822e-09,-5.237006029576191e-09,5,False,250.0
b712773f15e0f684,20270301_h250_r0_p90_y80_TPMC_N400000_S101,101,sample,319,triangle_0319,sailWall,-0.11085000000083538,0.10409796063465981,-0.28460389650260004,-1.0,-4.098308398499599e-16,2.9337660925620397e-12,0.0011127088261762405,-8.080992028387935e-14,7484.538922892781,-1319.726150268671,1.1761021605278895e-08,1.0878789544427387e-07,-1.5779878195819238e-08,2.9521046231955888e-08,-5.125541362810188e-09,-1.3324104546425792e-08,2.9521046231955888e-08,-5.125541362810188e-09,-1.3324104546425792e-08,6,False,250.0
b712773f15e0f684,20270301_h250_r0_p90_y80_TPMC_N400000_S101,101,sample,320,triangle_0320,sailWall,-0.1108500000004547,-0.28382848086230467,-0.1548983972347733,-1.0,-1.0094439277086125e-15,2.9353662729695742e-12,0.001079510496420217,-8.080992028387935e-14,7484.538922892781,-1319.726150268671,2.9798245508634125e-08,2.211889352465058e-07,-5.2522768369490646e-08,4.9978405963776765e-08,-1.0550130427756847e-08,-1.59996188064667e-08,4.9978405963776765e-08,-1.0550130427756847e-08,-1.59996188064667e-08,11,False,250.0
b712773f15e0f684,20270301_h250_r0_p90_y80_TPMC_N400000_S101,101,sample,321,triangle_0321,sailWall,-0.11084999999954537,0.28382848086230483,0.1548983972354241,-1.0,1.5289245898376486e-15,2.9353446979834296e-12,0.0010795104964202173,-8.080992028387935e-14,7484.538922892781,-1319.726150268671,1.1366110067149668e-08,5.139755364405159e-08,-1.2173773151400283e-08,-1.1646894129939719e-08,4.2092799061466215e-10,-9.071978474231898e-09,-1.1646894129939719e-08,4.2092799061466215e-10,-9.071978474231898e-09,3,False,250.0
b712773f15e0f684,20270301_h250_r0_p90_y80_TPMC_N400000_S101,101,sample,322,triangle_0322,sailWall,-0.11084999999916689,-0.15489839723509835,0.2838284808626312,-1.0,4.877209823286273e-16,2.9350609015066387e-12,0.001079510496420232,-8.080992028387935e-14,7484.538922892781,-1319.726150268671,1.4166859356441071e-08,1.1455343716462266e-07,-2.1934103357619497e-08,-2.852127202228045e-08,1.5308494529748982e-09,-1.0428866202239622e-08,-2.852127202228045e-08,1.5308494529748982e-09,-1.0428866202239622e-08,6,False,250.0
b712773f15e0f684,20270301_h250_r0_p90_y80_TPMC_N400000_S101,101,sample,323,triangle_0323,sailWall,-0.11085000000083312,0.1548983972350988,-0.2838284808619796,-1.0,7.67580579424627e-16,2.9349105401071287e-12,0.0010795104964202292,-8.080992028387935e-14,7484.538922892781,-1319.726150268671,1.7065184648015876e-08,1.0781402972502626e-07,-1.3322760258858476e-08,2.9034899273194422e-08,-6.3925287523646555e-09,-1.4558662627662984e-08,2.9034899273194422e-08,-6.3925287523646555e-09,-1.4558662627662984e-08,5,False,250.0
b712773f15e0f684,20270301_h250_r0_p90_y80_TPMC_N400000_S101,101,sample,324,triangle_0324,sailWall,-0.11084999999846612,-0.0020279533629775233,0.5225764896127765,-1.0,-9.725830287018258e-16,2.9340601642877762e-12,0.0011771535801668493,-8.080992028387935e-14,7484.538922892781,-1319.726150268671,1.9433407183533885e-08,1.3654182477581932e-07,-2.042600113455535e-08,-7.098901906567792e-08,7.901176024217311e-09,-1.5006118134967656e-08,-7.098901906567792e-08,7.901176024217311e-09,-1.5006118134967656e-08,7,False,250.0
b712773f15e0f684,20270301_h250_r0_p90_y80_TPMC_N400000_S101,101,sample,325,triangle_0325,sailWall,-0.11085000000153389,0.002024238761777146,-0.5225796310258134,-1.0,9.617693635392708e-16,2.9351287161669816e-12,0.0011774399938963744,-8.080992028387935e-14,7484.538922892781,-1319.726150268671,1.2129890645550634e-08,7.253475418599831e-08,-1.231134091946194e-08,3.810730215249594e-08,-7.734125023781334e-09,-8.0330287898055e-09,3.810730215249594e-08,-7.734125023781334e-09,-8.0330287898055e-09,4,False,250.0
b712773f15e0f684,20270301_h250_r0_p90_y80_TPMC_N400000_S101,101,sample,326,triangle_0326,sailWall,-0.11085000000000593,-0.5225796310261382,-0.0020242387614528763,-1.0,-6.16111904739682e-17,2.9337933125435e-12,0.0011774399938963758,-8.080992028387935e-14,7484.538922892781,-1319.726150268671,1.1246845300337065e-08,7.132716237829396e-08,-1.5385496449509626e-08,8.467283773413515e-09,-1.7019797223081496e-09,-1.9826817405883338e-09,8.467283773413515e-09,-1.7019797223081496e-09,-1.9826817405883338e-09,4,False,250.0
b712773f15e0f684,20270301_h250_r0_p90_y80_TPMC_N400000_S101,101,sample,327,triangle_0327,sailWall,-0.11084999999999406,0.522579631026138,0.0020242387621045577,-1.0,2.4592514159836494e-16,2.933793824780971e-12,0.001177439993896366,-8.080992028387935e-14,7484.538922892781,-1319.726150268671,1.5023011903740938e-08,1.1276845815606192e-07,-2.6944290356755457e-08,-1.434708412512966e-08,-2.9251023193545946e-09,-2.027587607468426e-08,-1.434708412512966e-08,-2.9251023193545946e-09,-2.027587607468426e-08,6,False,250.0
b712773f15e0f684,20270301_h250_r0_p90_y80_TPMC_N400000_S101,101,sample,328,triangle_0328,sailWall,-0.11085000000029806,0.3430322901751457,-0.10153707765799384,-1.0,-1.6908455006267236e-16,2.9348544757121402e-12,0.0011529194974561005,-8.080992028387935e-14,7484.538922892781,-1319.726150268671,7.70763307194164e-09,4.8857645902126395e-08,-4.1459987790203074e-09,3.7415857414438795e-09,-1.2789439403020308e-09,-8.031918032924074e-09,3.7415857414438795e-09,-1.2789439403020308e-09,-8.031918032924074e-09,3,False,250.0
b712773f15e0f684,20270301_h250_r0_p90_y80_TPMC_N400000_S101,101,sample,329,triangle_0329,sailWall,-0.110849999999702,-0.3430322901751454,0.10153707765864477,-1.0,2.0071447996609535e-15,2.934854726026866e-12,0.0011529194974560968,-8.080992028387935e-14,7484.538922892781,-1319.726150268671,1.4491136576518024e-08,9.858444239996898e-08,-1.6901645253039454e-08,-4.972694255140498e-09,-2.72939025169425e-10,-5.832554983979906e-09,-4.972694255140498e-09,-2.72939025169425e-10,-5.832554983979906e-09,5,False,250.0
b712773f15e0f684,20270301_h250_r0_p90_y80_TPMC_N400000_S101,101,sample,330,triangle_0330,sailWall,-0.11084999999899316,0.10153707765832044,0.3430322901754706,-1.0,-3.375672866120637e-16,2.934800723039621e-12,0.0011529194974560946,-8.080992028387935e-14,7484.538922892781,-1319.726150268671,1.4801068973482509e-08,1.0560875690700512e-07,-1.845655632771554e-08,-3.8199322292222886e-08,3.0154143199500377e-09,-1.3257793849356162e-08,-3.8199322292222886e-08,3.0154143199500377e-09,-1.3257793849356162e-08,6,False,250.0
b712773f15e0f684,20270301_h250_r0_p90_y80_TPMC_N400000_S101,101,sample,331,triangle_0331,sailWall,-0.11085000000100691,-0.1015370776583196,-0.3430322901748201,-1.0,-3.3778184210030957e-16,2.93666606248224e-12,0.0011529194974560968,-8.080992028387935e-14,7484.538922892781,-1319.726150268671,1.6095521282670634e-08,1.2218392827936196e-07,-1.9253841140941277e-08,4.226587333948585e-08,-7.501434480569549e-09,-1.1893875003633782e-08,4.226587333948585e-08,-7.501434480569549e-09,-1.1893875003633782e-08,6,False,250.0
b712773f15e0f684,20270301_h250_r0_p90_y80_TPMC_N400000_S101,101,sample,332,triangle_0332,sailWall,-0.11084999999947209,-0.3277466412998608,0.17986007384022526,-1.0,8.873807646239694e-16,2.934680402318855e-12,0.0012219098492735273,-8.080992028387935e-14,7484.538922892781,-1319.726150268671,3.022182010649657e-08,2.166302770864478e-07,-3.809802923603147e-08,-2.6307070287537114e-08,1.1417291303982846e-09,-1.4189978840007073e-08,-2.6307070287537114e-08,1.1417291303982846e-09,-1.4189978840007073e-08,10,False,250.0
b712773f15e0f684,20270301_h250_r0_p90_y80_TPMC_N400000_S101,101,sample,333,triangle_0333,sailWall,-0.110849999999038,0.1798561741795193,0.3277502754101465,-1.0,-9.775092470013649e-16,2.935620012074088e-12,0.0012215067485312533,-8.080992028387935e-14,7484.538922892781,-1319.726150268671,2.0019947867179817e-08,1.3374968109446294e-07,-1.734350391552011e-08,-4.669695588324077e-08,4.611654173641822e-09,-1.8445559570139442e-08,-4.669695588324077e-08,4.611654173641822e-09,-1.8445559570139442e-08,6,False,250.0
b712773f15e0f684,20270301_h250_r0_p90_y80_TPMC_N400000_S101,101,sample,334,triangle_0334,sailWall,-0.110850000000962,-0.17986007383990024,-0.3277466412995354,-1.0,-3.8466077791562747e-16,2.9355869010893466e-12,0.0012219098492735245,-8.080992028387935e-14,7484.538922892781,-1319.726150268671,1.747807288266559e-08,1.3907207910101266e-07,-2.5438917030418836e-08,4.9992678535992403e-08,-8.533977096957213e-09,-1.2298152511545158e-08,4.9992678535992403e-08,-8.533977096957213e-09,-1.2298152511545158e-08,7,False,250.0
b712773f15e0f684,20270301_h250_r0_p90_y80_TPMC_N400000_S101,101,sample,335,triangle_0335,sailWall,-0.11085000000052793,0.3277466412998615,-0.17986007383957436,-1.0,-1.5632011229729036e-15,2.9347311956171555e-12,0.001221909849273528,-8.080992028387935e-14,7484.538922892781,-1319.726150268671,2.512065455805857e-08,1.8768262964033028e-07,-3.5234001178438806e-08,2.2221126723961573e-08,-8.364313240126239e-09,-2.893824817392281e-08,2.2221126723961573e-08,-8.364313240126239e-09,-2.893824817392281e-08,9,False,250.0
b712773f15e0f684,20270301_h250_r0_p90_y80_TPMC_N400000_S101,101,sample,336,triangle_0336,sailWall,-0.11085000000007084,0.38767332863705617,-0.024135070193059233,-0.9999999999999999,-4.3403778232551526e-16,2.9346633565339456e-12,0.0011577962419949436,-8.080992028387935e-14,7484.538922892781,-1319.726150268671,3.30724732721309e-09,1.6728845141002025e-08,-3.3567928488026755e-09,-1.2118007775177715e-09,-3.9367669579896165e-10,-3.155834106945605e-09,-1.2118007775177715e-09,-3.9367669579896165e-10,-3.155834106945605e-09,1,False,250.0
b712773f15e0f684,20270301_h250_r0_p90_y80_TPMC_N400000_S101,101,sample,337,triangle_0337,sailWall,-0.11085000000113791,-0.02413507019338533,-0.38767332863673104,-1.0,9.96824070667415e-16,2.9352339099898288e-12,0.0011577962419949495,-8.080992028387935e-14,7484.538922892781,-1319.726150268671,8.65107298960662e-09,5.080147428818068e-08,-6.540465530561372e-09,1.9873134607207008e-08,-4.07130770321573e-09,-5.417629712898995e-09,1.9873134607207008e-08,-4.07130770321573e-09,-5.417629712898995e-09,3,False,250.0
b712773f15e0f684,20270301_h250_r0_p90_y80_TPMC_N400000_S101,101,sample,338,triangle_0338,sailWall,-0.1108499999988621,0.02413507019338632,0.3876733286373819,-1.0,9.968240706830894e-16,2.9352339099898425e-12,0.0011577962419949453,-8.080992028387935e-14,7484.538922892781,-1319.726150268671,2.5119706756020102e-08,1.7691378570658925e-07,-2.9631834393330278e-08,-6.942036128597593e-08,6.456337970398877e-09,-2.0232826637564066e-08,-6.942036128597593e-08,6.456337970398877e-09,-2.0232826637564066e-08,10,False,250.0
b712773f15e0f684,20270301_h250_r0_p90_y80_TPMC_N400000_S101,101,sample,339,triangle_0339,sailWall,-0.11084999999992917,-0.38767332863705617,0.024135070193710435,-1.0,-4.3403778231495453e-16,2.9346633565339464e-12,0.0011577962419949434,-8.080992028387935e-14,7484.538922892781,-1319.726150268671,1.8010400850712206e-08,1.292112409832319e-07,-3.150814917305314e-08,8.368432024710058e-09,-2.9791278338635384e-09,-7.410527069535607e-09,8.368432024710058e-09,-2.9791278338635384e-09,-7.410527069535607e-09,7,False,250.0
b712773f15e0f684,20270301_h250_r0_p90_y80_TPMC_N400000_S101,101,sample,340,triangle_0340,sailWall,-0.1108499999985995,-0.027449590150148435,0.4771311158137724,-1.0,-2.855004821327595e-16,2.935928472408463e-12,0.0011238247979454023,-8.080992028387935e-14,7484.538922892781,-1319.726150268671,2.0723208400376165e-08,1.6911386208255817e-07,-4.213436242791799e-08,-7.824989136246675e-08,5.06756544246017e-09,-1.811631690017937e-08,-7.824989136246675e-08,5.06756544246017e-09,-1.811631690017937e-08,7,False,250.0
b712773f15e0f684,20270301_h250_r0_p90_y80_TPMC_N400000_S101,101,sample,341,triangle_0341,sailWall,-0.11085000000008056,-0.477131891645322,-0.027449558035854433,-1.0,-1.5713861586468755e-15,2.934608745887044e-12,0.0011239005669160603,-8.080992028387935e-14,7484.538922892781,-1319.726150268671,2.66780198113281e-08,1.3156644053439005e-07,-2.1593433011021043e-08,1.4504724118248661e-08,-3.2482533982181385e-09,-1.8077275762484637e-09,1.4504724118248661e-08,-3.2482533982181385e-09,-1.8077275762484637e-09,7,False,250.0
b712773f15e0f684,20270301_h250_r0_p90_y80_TPMC_N400000_S101,101,sample,342,triangle_0342,sailWall,-0.11085000000140051,0.027450183322308475,-0.4771322501358762,-0.9999999999999999,-2.623396370976832e-16,2.935824659534518e-12,0.0011239567294162225,-8.080992028387935e-14,7484.538922892781,-1319.726150268671,2.9288494610734038e-08,1.823758221875352e-07,-3.083746352013118e-08,8.615085290879933e-08,-1.7391161414972e-08,-2.0961319942367145e-08,8.615085290879933e-08,-1.7391161414972e-08,-2.0961319942367145e-08,9,False,250.0
b712773f15e0f684,20270301_h250_r0_p90_y80_TPMC_N400000_S101,101,sample,343,triangle_0343,sailWall,-0.11084999999991944,0.4771322501362006,0.027450183322635376,-1.0,1.6630433914816966e-15,2.936490253562193e-12,0.00112395672941621,-8.080992028387935e-14,7484.538922892781,-1319.726150268671,1.3356990272799374e-08,6.566113394510364e-08,-1.1634338220571542e-08,-7.2253644621355086e-09,-9.413467357229235e-10,-1.3668081284903032e-08,-7.2253644621355086e-09,-9.413467357229235e-10,-1.3668081284903032e-08,4,False,250.0
b712773f15e0f684,20270301_h250_r0_p90_y80_TPMC_N400000_S101,101,sample,344,triangle_0344,sailWall,-0.11085000000019124,-0.17267933329626617,-0.06514592913391887,-1.0,-9.844355507212396e-16,2.9351632279442763e-12,0.0010968082574539582,-8.080992028387935e-14,7484.538922892781,-1319.726150268671,9.868110490903654e-09,4.7287196909821e-08,-1.8862268717952657e-08,6.7397006321326366e-09,-2.7468905182755535e-09,-3.5081778308955184e-09,6.7397006321326366e-09,-2.7468905182755535e-09,-3.5081778308955184e-09,4,False,250.0
b712773f15e0f684,20270301_h250_r0_p90_y80_TPMC_N400000_S101,101,sample,345,triangle_0345,sailWall,-0.11084999999980881,0.17267933329626617,0.06514592913456964,-1.0,7.352655484186872e-16,2.9364350631115602e-12,0.0010968082574539602,-8.080992028387935e-14,7484.538922892781,-1319.726150268671,1.0528969552035591e-08,7.001497883676835e-08,-1.2495498318854888e-08,-6.761745960303521e-09,-6.941258400695078e-10,-9.547772734679823e-09,-6.761745960303521e-09,-6.941258400695078e-10,-9.547772734679823e-09,3,False,250.0
b712773f15e0f684,20270301_h250_r0_p90_y80_TPMC_N400000_S101,101,sample,346,triangle_0346,sailWall,-0.11084999999949315,-0.06514592913424438,0.17267933329659155,-0.9999999999999999,-2.6318304102789655e-17,2.9350589465304386e-12,0.0010968082574539686,-8.080992028387935e-14,7484.538922892781,-1319.726150268671,4.787172113206349e-09,3.208076309303859e-08,-6.018775566103329e-09,-4.81903506351321e-09,9.353756927119727e-11,-3.3136859678796375e-09,-4.81903506351321e-09,9.353756927119727e-11,-3.3136859678796375e-09,2,False,250.0
b712773f15e0f684,20270301_h250_r0_p90_y80_TPMC_N400000_S101,101,sample,347,triangle_0347,sailWall,-0.11085000000050683,0.06514592913424437,-0.17267933329594073,-1.0,-3.6257238804997613e-16,2.9350303873054184e-12,0.001096808257453962,-8.080992028387935e-14,7484.538922892781,-1319.726150268671,1.1549382555060294e-08,8.691140946040482e-08,-1.2062734840434152e-08,1.5049789020409098e-08,-3.404656002071386e-09,-1.0348715597298598e-08,1.5049789020409098e-08,-3.404656002071386e-09,-1.0348715597298598e-08,4,False,250.0
b712773f15e0f684,20270301_h250_r0_p90_y80_TPMC_N400000_S101,101,sample,348,triangle_0348,sailWall,-0.11084999999976985,0.29929007429181825,0.07842235316290534,-1.0,-6.267397635769077e-16,2.9352594510803264e-12,0.0010775831642539358,-8.080992028387935e-14,7484.538922892781,-1319.726150268671,2.387364270417242e-08,1.429846317694705e-07,-2.163920260989521e-08,-1.815376798609033e-08,-4.399994386315306e-10,-2.3024304841463086e-08,-1.815376798609033e-08,-4.399994386315306e-10,-2.3024304841463086e-08,7,False,250.0
b712773f15e0f684,20270301_h250_r0_p90_y80_TPMC_N400000_S101,101,sample,349,triangle_0349,sailWall,-0.1108500000002302,-0.2992900742918185,-0.07842235316225445,-1.0,1.3608824234428727e-15,2.935247064223304e-12,0.001077583164253935,-8.080992028387935e-14,7484.538922892781,-1319.726150268671,1.1370756050900483e-08,7.819371556554944e-08,-1.4404082274956385e-08,1.1017772371294507e-08,-2.5986732372786573e-09,-5.245987652520276e-09,1.1017772371294507e-08,-2.5986732372786573e-09,-5.245987652520276e-09,4,False,250.0
b712773f15e0f684,20270301_h250_r0_p90_y80_TPMC_N400000_S101,101,sample,350,triangle_0350,sailWall,-0.11084999999912153,-0.07842235316257921,0.29929007429214444,-1.0,7.553711700128352e-16,2.934813819926369e-12,0.0010775831642539373,-8.080992028387935e-14,7484.538922892781,-1319.726150268671,1.3446385471552126e-08,1.4263125092239837e-07,-2.3117977151571707e-08,-4.186797939623288e-08,1.536379087729138e-09,-1.4816556011705812e-08,-4.186797939623288e-08,1.536379087729138e-09,-1.4816556011705812e-08,6,False,250.0
b712773f15e0f684,20270301_h250_r0_p90_y80_TPMC_N400000_S101,101,sample,351,triangle_0351,sailWall,-0.11085000000087847,0.07842235316257985,-0.29929007429149324,-1.0,1.0241059390273323e-15,2.934649353580441e-12,0.0010775831642539369,-8.080992028387935e-14,7484.538922892781,-1319.726150268671,2.108642334628737e-08,1.5686756145856426e-07,-1.8926292451130748e-08,4.557995114351222e-08,-8.462626099852705e-09,-1.9175821051085826e-08,4.557995114351222e-08,-8.462626099852705e-09,-1.9175821051085826e-08,7,False,250.0
b712773f15e0f684,20270301_h250_r0_p90_y80_TPMC_N400000_S101,101,sample,352,triangle_0352,sailWall,-0.11084999999981081,0.024994210633435068,0.06447114047630366,-1.0,-3.0566903880963283e-26,2.9367700678010894e-12,0.001085335535698354,-8.080992028387935e-14,7484.538922892781,-1319.726150268671,3.801030344248028e-08,1.256375852133244e-07,-1.8558940830956767e-08,-8.748991472818966e-09,3.692354327984138e-10,-1.478848883129257e-08,-8.748991472818966e-09,3.692354327984138e-10,-1.478848883129257e-08,14,False,250.0
b712773f15e0f684,20270301_h250_r0_p90_y80_TPMC_N400000_S101,101,sample,353,triangle_0353,sailWall,-0.11084999999992666,-0.06447114047597834,0.024994210633760432,-1.0,-5.4970900431334704e-17,2.9340418983281296e-12,0.0010853355356983578,-8.080992028387935e-14,7484.538922892781,-1319.726150268671,1.2471102755570484e-07,1.3978015074138704e-07,-2.7822352164329126e-08,-2.13940407192493e-09,4.0543063300532587e-10,-8.00577384373671e-09,-2.13940407192493e-09,4.0543063300532587e-10,-8.00577384373671e-09,54,False,250.0
b712773f15e0f684,20270301_h250_r0_p90_y80_TPMC_N400000_S101,101,sample,354,triangle_0354,sailWall,-0.11085000000007338,0.06447114047597827,-0.02499421063310972,-1.0,1.0630822595953198e-15,2.9359847886212245e-12,0.0010853355356983529,-8.080992028387935e-14,7484.538922892781,-1319.726150268671,0.0,0.0,0.0,0.0,0.0,0.0,0.0,0.0,0.0,0,True,250.0
b712773f15e0f684,20270301_h250_r0_p90_y80_TPMC_N400000_S101,101,sample,355,triangle_0355,sailWall,-0.11085000000018926,-0.024994210633435085,-0.06447114047565289,-1.0,-3.054361354383851e-26,2.934532406924365e-12,0.0010853355356983483,-8.080992028387935e-14,7484.538922892781,-1319.726150268671,2.787587574444308e-08,1.731178010493679e-07,-2.76800540234976e-08,1.1753186947737163e-08,-4.800397872190343e-09,-1.8308642127221365e-08,1.1753186947737163e-08,-4.800397872190343e-09,-1.8308642127221365e-08,11,False,250.0
b712773f15e0f684,20270301_h250_r0_p90_y80_TPMC_N400000_S101,101,sample,356,triangle_0356,sailWall,-0.11085000000126943,0.001873250444599385,-0.43248229782040104,-0.9999999999999999,9.274795309551184e-16,2.9362410445353196e-12,0.0011648006704072936,-8.080992028387935e-14,7484.538922892781,-1319.726150268671,2.2170265946074407e-08,1.2910707019207267e-07,-1.962454209287848e-08,5.668999497677588e-08,-1.1901336039316716e-08,-1.4235859954337583e-08,5.668999497677588e-08,-1.1901336039316716e-08,-1.4235859954337583e-08,7,False,250.0
b712773f15e0f684,20270301_h250_r0_p90_y80_TPMC_N400000_S101,101,sample,357,triangle_0357,sailWall,-0.11084999999999452,0.43248229782072606,0.0018732504449258298,-1.0,-7.936316558435279e-16,2.93469615836574e-12,0.0011648006704072927,-8.080992028387935e-14,7484.538922892781,-1319.726150268671,1.1843626513941026e-08,1.0747163612633299e-07,-2.5802388610664565e-08,-1.1169953640323543e-08,-2.915740355029822e-09,-1.717541153242373e-08,-1.1169953640323543e-08,-2.915740355029822e-09,-1.717541153242373e-08,5,False,250.0
b712773f15e0f684,20270301_h250_r0_p90_y80_TPMC_N400000_S101,101,sample,358,triangle_0358,sailWall,-0.1108500000000055,-0.4324822978207261,-0.0018732504442746285,-0.9999999999999999,5.905016019962789e-16,2.9365706410164157e-12,0.0011648006704072936,-8.080992028387935e-14,7484.538922892781,-1319.726150268671,3.197085245097957e-08,2.3129913060045584e-07,-5.8447314629876213e-08,2.5836919129900694e-08,-6.556928541506763e-09,-1.1933394327555729e-08,2.5836919129900694e-08,-6.556928541506763e-09,-1.1933394327555729e-08,12,False,250.0
b712773f15e0f684,20270301_h250_r0_p90_y80_TPMC_N400000_S101,101,sample,359,triangle_0359,sailWall,-0.11084999999873062,-0.0018731411327998968,0.43248226872407675,-1.0,-9.49876548561245e-16,2.9354653908515044e-12,0.0011647921756234813,-8.080992028387935e-14,7484.538922892781,-1319.726150268671,2.4695197717719018e-08,1.7150797382671476e-07,-3.3384340008267696e-08,-7.266755971792441e-08,6.799989509357836e-09,-1.9037543695177444e-08,-7.266755971792441e-08,6.799989509357836e-09,-1.9037543695177444e-08,8,False,250.0
b712773f15e0f684,20270301_h250_r0_p90_y80_TPMC_N400000_S101,101,sample,360,triangle_0360,sailWall,-0.11084999999890545,-0.0534596117074481,0.3729142786491111,-1.0,-1.4125225274012859e-16,2.9349194648120287e-12,0.0011641664507112818,-8.080992028387935e-14,7484.538922892781,-1319.726150268671,2.974164644961008e-08,1.4765815799396592e-07,-1.9435768968555462e-08,-5.322661156115564e-08,8.718368205658626e-09,-1.4506445201692791e-08,-5.322661156115564e-08,8.718368205658626e-09,-1.4506445201692791e-08,8,False,250.0
b712773f15e0f684,20270301_h250_r0_p90_y80_TPMC_N400000_S101,101,sample,361,triangle_0361,sailWall,-0.11084999999984309,0.37291435476038765,0.053459818441579356,-1.0,-9.546759362811252e-16,2.9346300558734254e-12,0.0011641743666829247,-8.080992028387935e-14,7484.538922892781,-1319.726150268671,1.0229672093320951e-08,7.210859095614282e-08,-1.0466019513249065e-08,-7.756624762816043e-09,-6.352292238213561e-10,-1.1804547591886963e-08,-7.756624762816043e-09,-6.352292238213561e-10,-1.1804547591886963e-08,4,False,250.0
b712773f15e0f684,20270301_h250_r0_p90_y80_TPMC_N400000_S101,101,sample,362,triangle_0362,sailWall,-0.11085000000015692,-0.372914266031863,-0.05345966367906668,-1.0,1.2439239495324342e-15,2.9346215602578175e-12,0.0011641674968980375,-8.080992028387935e-14,7484.538922892781,-1319.726150268671,1.963272128286049e-08,1.1922632927426137e-07,-2.2991923979933413e-08,1.53945619995738e-08,-3.6397999600822296e-09,-5.84466212843953e-09,1.53945619995738e-08,-3.6397999600822296e-09,-5.84466212843953e-09,6,False,250.0
b712773f15e0f684,20270301_h250_r0_p90_y80_TPMC_N400000_S101,101,sample,363,triangle_0363,sailWall,-0.11085000000109463,0.0534598184412536,-0.37291435476006285,-1.0,-1.4244282285290054e-16,2.9349017682872356e-12,0.0011641743666829397,-8.080992028387935e-14,7484.538922892781,-1319.726150268671,2.0202605487993666e-08,8.638036523094373e-08,-2.0764527768020793e-08,3.05930942453923e-08,-9.697649218410925e-09,-1.0507993172937175e-08,3.05930942453923e-08,-9.697649218410925e-09,-1.0507993172937175e-08,5,False,250.0
b712773f15e0f684,20270301_h250_r0_p90_y80_TPMC_N400000_S101,101,sample,364,triangle_0364,sailWall,-0.1108499999985113,-0.02753929219953884,0.5071795447644738,-1.0,-2.559558138000793e-16,2.9344751568990283e-12,0.001150911786074054,-8.080992028387935e-14,7484.538922892781,-1319.726150268671,2.5441010769455078e-08,1.836178169251618e-07,-3.312390286391884e-08,-9.20690794941851e-08,9.226455073287637e-09,-1.970643661499732e-08,-9.20690794941851e-08,9.226455073287637e-09,-1.970643661499732e-08,10,False,250.0
b712773f15e0f684,20270301_h250_r0_p90_y80_TPMC_N400000_S101,101,sample,365,triangle_0365,sailWall,-0.11084999999864255,-0.001953201710203477,0.46246841886088336,-1.0,-9.506886709102683e-16,2.9363098546709277e-12,0.00116788784206072,-8.080992028387935e-14,7484.538922892781,-1319.726150268671,1.1139225867871404e-08,1.0769263781927998e-07,-2.378766026813065e-08,-4.9946699383766756e-08,2.5727857217281177e-09,-1.1826643534619227e-08,-4.9946699383766756e-08,2.5727857217281177e-09,-1.1826643534619227e-08,5,False,250.0
b712773f15e0f684,20270301_h250_r0_p90_y80_TPMC_N400000_S101,101,sample,366,triangle_0366,sailWall,-0.11084999999991918,0.5071814067587637,0.027539777424302265,-1.0,-1.2809620221959807e-15,2.9364304304186373e-12,0.0011510208539148527,-8.080992028387935e-14,7484.538922892781,-1319.726150268671,1.2142411680755766e-08,8.906828301891198e-08,-1.888827599563238e-08,-1.1768383124359327e-08,-1.7923466368473444e-09,-1.6037653873364035e-08,-1.1768383124359327e-08,-1.7923466368473444e-09,-1.6037653873364035e-08,4,False,250.0
b712773f15e0f684,20270301_h250_r0_p90_y80_TPMC_N400000_S101,101,sample,367,triangle_0367,sailWall,-0.11085000000008079,-0.507181048267885,-0.027539152137521155,-1.0,-5.459180857394999e-16,2.934629606357932e-12,0.0011509926090052366,-8.080992028387935e-14,7484.538922892781,-1319.726150268671,1.6101613906081966e-08,1.0769030007885883e-07,-2.506411264308548e-08,1.5386625839543148e-08,-3.224724835651479e-09,-3.852995011629274e-09,1.5386625839543148e-08,-3.224724835651479e-09,-3.852995011629274e-09,6,False,250.0
b712773f15e0f684,20270301_h250_r0_p90_y80_TPMC_N400000_S101,101,sample,368,triangle_0368,sailWall,-0.1108500000014887,0.02753977742397508,-0.5071814067584394,-1.0,-2.341248915243257e-16,2.93443616072326e-12,0.0011510208539148553,-8.080992028387935e-14,7484.538922892781,-1319.726150268671,2.433330752515072e-08,1.7163750569370868e-07,-3.4136016490432845e-08,8.646774928365219e-08,-1.6122684972353235e-08,-1.9664839955001844e-08,8.646774928365219e-08,-1.6122684972353235e-08,-1.9664839955001844e-08,10,False,250.0
b712773f15e0f684,20270301_h250_r0_p90_y80_TPMC_N400000_S101,101,sample,369,triangle_0369,sailWall,-0.11084999999886197,-0.02758902754887875,0.38773302072975585,-1.0,4.077705612970131e-16,2.93523919372552e-12,0.001159715391311678,-8.080992028387935e-14,7484.538922892781,-1319.726150268671,1.7647006893097548e-08,1.0524463921225836e-07,-2.1864305966065923e-08,-3.8705961596321624e-08,4.180126618322793e-09,-1.116278962366836e-08,-3.8705961596321624e-08,4.180126618322793e-09,-1.116278962366836e-08,6,False,250.0
b712773f15e0f684,20270301_h250_r0_p90_y80_TPMC_N400000_S101,101,sample,370,triangle_0370,sailWall,-0.11084999999991903,0.38773310478980383,0.027589217313342112,-1.0,-9.492036744943345e-16,2.9346206593178146e-12,0.0011597313018615737,-8.080992028387935e-14,7484.538922892781,-1319.726150268671,7.199638782821059e-09,5.012884377199415e-08,-1.2560439743260609e-08,-6.302152414597212e-09,-1.1702135361131613e-09,-8.32559299576044e-09,-6.302152414597212e-09,-1.1702135361131613e-09,-8.32559299576044e-09,3,False,250.0
b712773f15e0f684,20270301_h250_r0_p90_y80_TPMC_N400000_S101,101,sample,371,triangle_0371,sailWall,-0.110850000000081,-0.3877330160612791,-0.02758906255082927,-1.0,1.3994547444114067e-16,2.9365172513300734e-12,0.001159717521877201,-8.080992028387935e-14,7484.538922892781,-1319.726150268671,2.065767147788165e-08,1.1840711107549966e-07,-2.809435982842868e-08,1.42354468226458e-08,-3.701892897164269e-09,-5.081429043153556e-09,1.42354468226458e-08,-3.701892897164269e-09,-5.081429043153556e-09,7,False,250.0
b712773f15e0f684,20270301_h250_r0_p90_y80_TPMC_N400000_S101,101,sample,372,triangle_0372,sailWall,-0.1108500000011381,0.02758921731301611,-0.3877331047894789,-1.0,-1.1898329759101064e-15,2.9342918008323935e-12,0.0011597313018615872,-8.080992028387935e-14,7484.538922892781,-1319.726150268671,2.508361974514486e-08,1.877014470180323e-07,-3.490052432668035e-08,7.161975949980042e-08,-1.3548702744185708e-08,-2.1517345109390415e-08,7.161975949980042e-08,-1.3548702744185708e-08,-2.1517345109390415e-08,9,False,250.0
b712773f15e0f684,20270301_h250_r0_p90_y80_TPMC_N400000_S101,101,sample,373,triangle_0373,sailWall,-0.1108499999999943,0.46246894032445685,0.0019528647065946703,-1.0,6.351598640982953e-16,2.9346975300235044e-12,0.0011679323560518954,-8.080992028387935e-14,7484.538922892781,-1319.726150268671,1.8375864728369592e-08,1.4103767466584477e-07,-2.6169089297950456e-08,-1.2240390491735744e-08,-2.888857382424887e-09,-2.421611458289997e-08,-1.2240390491735744e-08,-2.888857382424887e-09,-2.421611458289997e-08,7,False,250.0
b712773f15e0f684,20270301_h250_r0_p90_y80_TPMC_N400000_S101,101,sample,374,triangle_0374,sailWall,-0.11085000000000574,-0.4624689403244569,-0.0019528647059433764,-1.0,-4.470768160760119e-16,2.936569644928131e-12,0.0011679323560518922,-8.080992028387935e-14,7484.538922892781,-1319.726150268671,4.709988524619486e-09,6.802092956766818e-08,-8.585903037085156e-09,3.905404188801425e-09,-9.599934194137019e-10,-5.391773712461542e-09,3.905404188801425e-09,-9.599934194137019e-10,-5.391773712461542e-09,3,False,250.0
b712773f15e0f684,20270301_h250_r0_p90_y80_TPMC_N400000_S101,101,sample,375,triangle_0375,sailWall,-0.11085000000135747,0.001952864706267924,-0.46246894032413205,-1.0,9.285347669099404e-16,2.935141854764767e-12,0.0011679323560519035,-8.080992028387935e-14,7484.538922892781,-1319.726150268671,2.989340824865109e-08,1.4536978408908094e-07,-2.8327930742195542e-08,6.758657478724872e-08,-1.704335763837585e-08,-1.6239526914376126e-08,6.758657478724872e-08,-1.704335763837585e-08,-1.6239526914376126e-08,8,False,250.0
b712773f15e0f684,20270301_h250_r0_p90_y80_TPMC_N400000_S101,101,sample,376,triangle_0376,sailWall,-0.1108499999998549,-0.43226827736316936,0.049432382373603256,-1.0,-4.872843760867419e-16,2.9346347169298934e-12,0.0011175060170542195,-8.080992028387935e-14,7484.538922892781,-1319.726150268671,2.557619663105589e-08,1.4184790474272212e-07,-2.608680094692814e-08,4.726593399567684e-09,-1.80298149836504e-09,-4.730134945471414e-09,4.726593399567684e-09,-1.80298149836504e-09,-4.730134945471414e-09,7,False,250.0
b712773f15e0f684,20270301_h250_r0_p90_y80_TPMC_N400000_S101,101,sample,377,triangle_0377,sailWall,-0.11085000000126884,-0.049430466672032054,-0.43226716742118443,-1.0,-1.8312312337166806e-16,2.9355209829719012e-12,0.0011173340207309324,-8.080992028387935e-14,7484.538922892781,-1319.726150268671,1.8583447106215035e-08,1.3150403315436945e-07,-1.997101043121389e-08,5.771255155517182e-08,-1.0242357388491447e-08,-1.3760711029960462e-08,5.771255155517182e-08,-1.0242357388491447e-08,-1.3760711029960462e-08,7,False,250.0
b712773f15e0f684,20270301_h250_r0_p90_y80_TPMC_N400000_S101,101,sample,378,triangle_0378,sailWall,-0.11085000000014511,0.43226827736316936,-0.049432382372952034,-1.0,-7.998000425609915e-16,2.93463975509825e-12,0.0011175060170542177,-8.080992028387935e-14,7484.538922892781,-1319.726150268671,1.4402348101057455e-08,7.42054357104906e-08,-1.68917868273821e-08,-3.2898743075850883e-09,-2.5906556543173014e-09,-1.4196989735793011e-08,-3.2898743075850883e-09,-2.5906556543173014e-09,-1.4196989735793011e-08,4,False,250.0
b712773f15e0f684,20270301_h250_r0_p90_y80_TPMC_N400000_S101,101,sample,379,triangle_0379,sailWall,-0.1108499999987312,0.04943046667203305,0.432267167421835,-0.9999999999999999,1.7351276323010987e-15,2.934773514339864e-12,0.0011173340207309235,-8.080992028387935e-14,7484.538922892781,-1319.726150268671,1.7984598981153563e-08,9.61582877986614e-08,-1.3293156822719193e-08,-4.227209017190872e-08,6.270505157238933e-09,-1.1632471416439433e-08,-4.227209017190872e-08,6.270505157238933e-09,-1.1632471416439433e-08,5,False,250.0
b712773f15e0f684,20270301_h250_r0_p90_y80_TPMC_N400000_S101,101,sample,380,triangle_0380,sailWall,-0.11085000000100677,-0.049920153821336945,-0.3429903867354545,-1.0,1.075628164992505e-15,2.936130932773203e-12,0.0011498674171954693,-8.080992028387935e-14,7484.538922892781,-1319.726150268671,2.0778379100127663e-08,1.5243179460456028e-07,-2.1778457215628425e-08,5.423503554340495e-08,-9.642729567113558e-09,-1.5723141114168305e-08,5.423503554340495e-08,-9.642729567113558e-09,-1.5723141114168305e-08,7,False,250.0
b712773f15e0f684,20270301_h250_r0_p90_y80_TPMC_N400000_S101,101,sample,381,triangle_0381,sailWall,-0.11085000000014654,0.3429903867357798,-0.04992015382101119,-1.0,-3.1855519984127874e-16,2.936448034461358e-12,0.0011498674171954708,-8.080992028387935e-14,7484.538922892781,-1319.726150268671,0.0,0.0,0.0,0.0,0.0,0.0,0.0,0.0,0.0,0,True,250.0
b712773f15e0f684,20270301_h250_r0_p90_y80_TPMC_N400000_S101,101,sample,382,triangle_0382,sailWall,-0.11084999999899327,0.04992015382133782,0.3429903867361053,-1.0,-5.385409856848349e-16,2.93489512608755e-12,0.001149867417195476,-8.080992028387935e-14,7484.538922892781,-1319.726150268671,1.4484328630048452e-08,9.395967747925194e-08,-1.701610052885512e-08,-3.3617896413232624e-08,3.155655290504552e-09,-1.1012871479869094e-08,-3.3617896413232624e-08,3.155655290504552e-09,-1.1012871479869094e-08,5,False,250.0
b712773f15e0f684,20270301_h250_r0_p90_y80_TPMC_N400000_S101,101,sample,383,triangle_0383,sailWall,-0.1108499999998535,-0.3429903867357798,0.04992015382166217,-0.9999999999999999,7.604810645592916e-16,2.934564271204335e-12,0.0011498674171954684,-8.080992028387935e-14,7484.538922892781,-1319.726150268671,2.791661315780721e-08,1.733421628119267e-07,-3.7025628763263444e-08,4.133006655857206e-09,-2.686922622175542e-09,-9.701615978153121e-09,4.133006655857206e-09,-2.686922622175542e-09,-9.701615978153121e-09,8,False,250.0
b712773f15e0f684,20270301_h250_r0_p90_y80_TPMC_N400000_S101,101,sample,384,triangle_0384,sailWall,-0.11084999999980848,-0.02431332076840377,0.06527071106933767,-1.0,-3.05586834441497e-26,2.9359802746027808e-12,0.001145303330175941,-8.080992028387935e-14,7484.538922892781,-1319.726150268671,4.558500266364456e-08,1.2263495788034788e-07,-1.3961341155416229e-08,-7.254700080800188e-09,1.1038054798679825e-09,-1.224004450601184e-08,-7.254700080800188e-09,1.1038054798679825e-09,-1.224004450601184e-08,22,False,250.0
b712773f15e0f684,20270301_h250_r0_p90_y80_TPMC_N400000_S101,101,sample,385,triangle_0385,sailWall,-0.11085000000019159,0.024313320768403784,-0.06527071106868691,-1.0,-3.1347685192505553e-26,2.9335568488705556e-12,0.0011453033301759374,-8.080992028387935e-14,7484.538922892781,-1319.726150268671,1.099218132188374e-08,6.17320642248877e-08,-1.0519446439592068e-08,4.708009227778917e-09,-2.0165835245829946e-09,-7.07569196384124e-09,4.708009227778917e-09,-2.0165835245829946e-09,-7.07569196384124e-09,5,False,250.0
b712773f15e0f684,20270301_h250_r0_p90_y80_TPMC_N400000_S101,101,sample,386,triangle_0386,sailWall,-0.11084999999992866,0.06527071106901228,0.02431332076872918,-1.0,1.0047957041404671e-17,2.9340418983281345e-12,0.0011453033301759407,-8.080992028387935e-14,7484.538922892781,-1319.726150268671,0.0,0.0,0.0,0.0,0.0,0.0,0.0,0.0,0.0,0,True,250.0
b712773f15e0f684,20270301_h250_r0_p90_y80_TPMC_N400000_S101,101,sample,387,triangle_0387,sailWall,-0.11085000000007138,-0.06527071106901228,-0.024313320768078437,-1.0,-1.2657629210530983e-15,2.9359847886212285e-12,0.00114530333017594,-8.080992028387935e-14,7484.538922892781,-1319.726150268671,1.0077085509549055e-07,7.337915824625936e-08,-1.9390873744319906e-08,3.6054614953259412e-09,-4.422934675568516e-09,-1.969507843564409e-09,3.6054614953259412e-09,-4.422934675568516e-09,-1.969507843564409e-09,43,False,250.0
b712773f15e0f684,20270301_h250_r0_p90_y80_TPMC_N400000_S101,101,sample,388,triangle_0388,sailWall,-0.1108500000008761,0.12991679736200443,-0.29848167269056675,-1.0,-7.943549598592618e-16,2.9339877469184756e-12,0.0011385460658417704,-8.080992028387935e-14,7484.538922892781,-1319.726150268671,1.4021867130208451e-08,7.489742698538627e-08,-9.886639706843901e-09,2.1555813025998288e-08,-5.356569559835992e-09,-1.0099658332723278e-08,2.1555813025998288e-08,-5.356569559835992e-09,-1.0099658332723278e-08,4,False,250.0
b712773f15e0f684,20270301_h250_r0_p90_y80_TPMC_N400000_S101,101,sample,389,triangle_0389,sailWall,-0.11085000000038137,-0.29848167269089193,-0.12991679736167902,-1.0,-6.64531046574657e-16,2.9347824675258144e-12,0.0011385460658417709,-8.080992028387935e-14,7484.538922892781,-1319.726150268671,1.7916864742818024e-08,1.1127359594560948e-07,-2.7316553918098756e-08,2.216854384906869e-08,-5.2490880299188245e-09,-6.8476296142837545e-09,2.216854384906869e-08,-5.2490880299188245e-09,-6.8476296142837545e-09,6,False,250.0
b712773f15e0f684,20270301_h250_r0_p90_y80_TPMC_N400000_S101,101,sample,390,triangle_0390,sailWall,-0.11084999999912389,-0.12991679736200387,0.2984816726912183,-1.0,-7.96919158026459e-16,2.9343019347365164e-12,0.001138546065841775,-8.080992028387935e-14,7484.538922892781,-1319.726150268671,2.6141381988947714e-08,1.7882226979368393e-07,-3.2259154543638425e-08,-4.912578012001748e-08,4.143648581630119e-09,-1.6434934298865937e-08,-4.912578012001748e-08,4.143648581630119e-09,-1.6434934298865937e-08,8,False,250.0
b712773f15e0f684,20270301_h250_r0_p90_y80_TPMC_N400000_S101,101,sample,391,triangle_0391,sailWall,-0.1108499999996187,0.2984816726908919,0.12991679736232986,-0.9999999999999999,7.410197857425733e-16,2.93667831913519e-12,0.0011385460658417637,-8.080992028387935e-14,7484.538922892781,-1319.726150268671,1.990968440167816e-08,1.392540073823441e-07,-2.3621532686367517e-08,-2.529837691193186e-08,-2.4773723755939236e-11,-2.1379257612400534e-08,-2.529837691193186e-08,-2.4773723755939236e-11,-2.1379257612400534e-08,7,False,250.0
b712773f15e0f684,20270301_h250_r0_p90_y80_TPMC_N400000_S101,101,sample,392,triangle_0392,sailWall,-0.11085000000053262,-0.2976778785635925,-0.18144048393547885,-1.0,-8.899140775016603e-16,2.9355887474598932e-12,0.0011398608567262532,-8.080992028387935e-14,7484.538922892781,-1319.726150268671,1.5118562518975727e-08,1.1097453246791661e-07,-2.1994672045583916e-08,2.6582572844988127e-08,-5.152893954653383e-09,-7.825693903473126e-09,2.6582572844988127e-08,-5.152893954653383e-09,-7.825693903473126e-09,6,False,250.0
b712773f15e0f684,20270301_h250_r0_p90_y80_TPMC_N400000_S101,101,sample,393,triangle_0393,sailWall,-0.11085000000087374,0.1814404839358045,-0.29767787856326733,-1.0,5.861461546825138e-16,2.9350080201803753e-12,0.0011398608567262604,-8.080992028387935e-14,7484.538922892781,-1319.726150268671,2.9285743340159696e-08,2.063600543045318e-07,-3.3040238950896134e-08,5.524184618953353e-08,-1.2382589588119558e-08,-2.8347618772163928e-08,5.524184618953353e-08,-1.2382589588119558e-08,-2.8347618772163928e-08,11,False,250.0
b712773f15e0f684,20270301_h250_r0_p90_y80_TPMC_N400000_S101,101,sample,394,triangle_0394,sailWall,-0.11084999999912626,-0.18144048393580411,0.2976778785639189,-1.0,5.861461546669397e-16,2.9350080201803838e-12,0.0011398608567262654,-8.080992028387935e-14,7484.538922892781,-1319.726150268671,2.1558325348174297e-08,1.4124890868504367e-07,-2.160417917905262e-08,-3.785557970283549e-08,4.031332061942565e-09,-1.1696539910204635e-08,-3.785557970283549e-08,4.031332061942565e-09,-1.1696539910204635e-08,8,False,250.0
b712773f15e0f684,20270301_h250_r0_p90_y80_TPMC_N400000_S101,101,sample,395,triangle_0395,sailWall,-0.11084999999946743,0.2976744359703675,0.18144366095467734,-1.0,1.2938169190149633e-15,2.9349071047032076e-12,0.0011399475469906376,-8.080992028387935e-14,7484.538922892781,-1319.726150268671,2.1831533395888042e-08,1.2426716692734965e-07,-1.9334079783331578e-08,-2.807251286982638e-08,1.7796207707402274e-09,-2.0222056103477865e-08,-2.807251286982638e-08,1.7796207707402274e-09,-2.0222056103477865e-08,6,False,250.0
b712773f15e0f684,20270301_h250_r0_p90_y80_TPMC_N400000_S101,101,sample,396,triangle_0396,sailWall,-0.11084999999992988,-0.2983203342161124,0.02389770847003203,-1.0,7.622187464499607e-16,2.936068451877113e-12,0.0011453253024155832,-8.080992028387935e-14,7484.538922892781,-1319.726150268671,1.0981684563592346e-08,6.542578211266401e-08,-1.0195862727297442e-08,1.4080148808121263e-09,-8.425217776466653e-10,-3.956353873150343e-09,1.4080148808121263e-09,-8.425217776466653e-10,-3.956353873150343e-09,4,False,250.0
b712773f15e0f684,20270301_h250_r0_p90_y80_TPMC_N400000_S101,101,sample,397,triangle_0397,sailWall,-0.11085000000087565,-0.02389770846970679,-0.29832033421578696,-1.0,-1.2169026106925012e-15,2.9343236324076484e-12,0.0011453253024155884,-8.080992028387935e-14,7484.538922892781,-1319.726150268671,4.764628308507703e-09,1.750120741067416e-08,-2.4438824903891295e-09,5.288703786737449e-09,-1.707297714146551e-09,-1.9154209123623572e-09,5.288703786737449e-09,-1.707297714146551e-09,-1.9154209123623572e-09,1,False,250.0
b712773f15e0f684,20270301_h250_r0_p90_y80_TPMC_N400000_S101,101,sample,398,triangle_0398,sailWall,-0.11085000000007017,0.2983203342161123,-0.023897708469381218,-1.0,-5.143727871339835e-16,2.933902654986146e-12,0.0011453253024155858,-8.080992028387935e-14,7484.538922892781,-1319.726150268671,0.0,0.0,0.0,0.0,0.0,0.0,0.0,0.0,0.0,0,True,250.0
b712773f15e0f684,20270301_h250_r0_p90_y80_TPMC_N400000_S101,101,sample,399,triangle_0399,sailWall,-0.11084999999912437,0.02389770846970737,0.2983203342164379,-1.0,6.778402199648842e-16,2.9335173749946887e-12,0.001145325302415586,-8.080992028387935e-14,7484.538922892781,-1319.726150268671,1.630617982973537e-08,7.483523145172642e-08,-3.2470076659977574e-09,-2.2965915550916e-08,4.62527338571373e-09,-8.650126832115825e-09,-2.2965915550916e-08,4.62527338571373e-09,-8.650126832115825e-09,4,False,250.0
b712773f15e0f684,20270301_h250_r0_p90_y80_TPMC_N400000_S101,101,sample,400,triangle_0400,sailWall,-0.11085000000044991,0.3430253478797926,-0.1532682160845336,-1.0,-9.343602389695148e-16,2.935817754553652e-12,0.0011575475306065993,-8.080992028387935e-14,7484.538922892781,-1319.726150268671,9.769004444760736e-09,5.13401383388441e-08,-1.0538160095335488e-08,4.51762409667128e-09,-2.700370142213312e-09,-8.949281478903303e-09,4.51762409667128e-09,-2.700370142213312e-09,-8.949281478903303e-09,3,False,250.0
b712773f15e0f684,20270301_h250_r0_p90_y80_TPMC_N400000_S101,101,sample,401,triangle_0401,sailWall,-0.11084999999899316,0.15326821608486035,0.34302534788011707,-1.0,9.538083567827563e-16,2.934502271076833e-12,0.0011575475306066,-8.080992028387935e-14,7484.538922892781,-1319.726150268671,2.1185453719950877e-08,1.0165654277980819e-07,-9.19222111075431e-09,-3.6724703514810394e-08,6.340259930015271e-09,-1.4422743066815129e-08,-3.6724703514810394e-08,6.340259930015271e-09,-1.4422743066815129e-08,6,False,250.0
b712773f15e0f684,20270301_h250_r0_p90_y80_TPMC_N400000_S101,101,sample,402,triangle_0402,sailWall,-0.11084999999955016,-0.343025347879792,0.1532682160851845,-0.9999999999999999,1.3916781730115797e-15,2.9355517655995727e-12,0.0011575475306065987,-8.080992028387935e-14,7484.538922892781,-1319.726150268671,3.061301467266249e-08,2.3134910853787123e-07,-4.046408669606212e-08,-2.1331669158145272e-08,1.904124654581426e-10,-1.5400319943080933e-08,-2.1331669158145272e-08,1.904124654581426e-10,-1.5400319943080933e-08,11,False,250.0
b712773f15e0f684,20270301_h250_r0_p90_y80_TPMC_N400000_S101,101,sample,403,triangle_0403,sailWall,-0.11085000000100687,-0.1532682160848595,-0.34302534787946665,-1.0,-6.56632829530792e-16,2.935744303637536e-12,0.0011575475306065991,-8.080992028387935e-14,7484.538922892781,-1319.726150268671,1.453336724501426e-08,1.0312828770022151e-07,-1.0284444439186187e-08,3.652033747674981e-08,-6.08987869728783e-09,-9.308519462835544e-09,3.652033747674981e-08,-6.08987869728783e-09,-9.308519462835544e-09,5,False,250.0
b712773f15e0f684,20270301_h250_r0_p90_y80_TPMC_N400000_S101,101,sample,404,triangle_0404,sailWall,-0.1108500000011029,-0.15536764776628742,-0.3757433941960482,-1.0,-6.557669650451956e-16,2.934837209319876e-12,0.0013816616658397448,-8.080992028387935e-14,7484.538922892781,-1319.726150268671,1.3670839794965371e-08,1.1726490871850318e-07,-1.9920770968971476e-08,4.78373727803633e-08,-7.436396978382964e-09,-1.0811142403924223e-08,4.78373727803633e-08,-7.436396978382964e-09,-1.0811142403924223e-08,6,False,250.0
b712773f15e0f684,20270301_h250_r0_p90_y80_TPMC_N400000_S101,101,sample,405,triangle_0405,sailWall,-0.11085000000045607,0.3757426344433418,-0.15536860296882202,-0.9999999999999999,7.823438593535116e-16,2.935819393229015e-12,0.0013816026279192951,-8.080992028387935e-14,7484.538922892781,-1319.726150268671,9.698807569786013e-09,8.106603894340081e-08,-1.998748560078133e-08,5.166806429469939e-09,-3.69562088592158e-09,-1.2591907330507834e-08,5.166806429469939e-09,-3.69562088592158e-09,-1.2591907330507834e-08,4,False,250.0
b712773f15e0f684,20270301_h250_r0_p90_y80_TPMC_N400000_S101,101,sample,406,triangle_0406,sailWall,-0.11084999999889712,0.15536764776628828,0.3757433941966985,-1.0,9.526765309033985e-16,2.9356879910605335e-12,0.001381661665839744,-8.080992028387935e-14,7484.538922892781,-1319.726150268671,3.6695156648631026e-08,2.3006214381261313e-07,-4.318185560191768e-08,-9.32608339444422e-08,9.025105281703574e-09,-3.1069591881792345e-08,-9.32608339444422e-08,9.025105281703574e-09,-3.1069591881792345e-08,13,False,250.0
b712773f15e0f684,20270301_h250_r0_p90_y80_TPMC_N400000_S101,101,sample,407,triangle_0407,sailWall,-0.110849999999544,-0.3757426344433413,0.15536860296947305,-0.9999999999999999,-1.1981265377111359e-15,2.9355492935083253e-12,0.0013816026279193023,-8.080992028387935e-14,7484.538922892781,-1319.726150268671,2.7748419383251415e-08,1.5504569715503594e-07,-2.6377763162255167e-08,-1.3481931529693222e-08,1.2746028495295588e-09,-6.800861687011973e-09,-1.3481931529693222e-08,1.2746028495295588e-09,-6.800861687011973e-09,9,False,250.0
b712773f15e0f684,20270301_h250_r0_p90_y80_TPMC_N400000_S101,101,sample,408,triangle_0408,sailWall,-0.11085000000087568,0.027051746333694185,-0.2983291968078388,-1.0,8.233727680968911e-16,2.9364303764869222e-12,0.001138167174791026,-8.080992028387935e-14,7484.538922892781,-1319.726150268671,1.716485714198707e-08,1.1238442375467884e-07,-1.688099961945737e-08,3.386773855616861e-08,-7.038864953342716e-09,-1.2723790546491403e-08,3.386773855616861e-08,-7.038864953342716e-09,-1.2723790546491403e-08,6,False,250.0
b712773f15e0f684,20270301_h250_r0_p90_y80_TPMC_N400000_S101,101,sample,409,triangle_0409,sailWall,-0.11084999999912437,-0.027051746333693588,0.29832919680848996,-1.0,-8.000302312283005e-16,2.9354835623036633e-12,0.0011381671747910283,-8.080992028387935e-14,7484.538922892781,-1319.726150268671,1.2795236086786237e-08,8.051938585088015e-08,-1.6644179391939573e-08,-2.363994421153227e-08,1.9903317418827747e-09,-8.57248788437107e-09,-2.363994421153227e-08,1.9903317418827747e-09,-8.57248788437107e-09,4,False,250.0
b712773f15e0f684,20270301_h250_r0_p90_y80_TPMC_N400000_S101,101,sample,410,triangle_0410,sailWall,-0.11084999999992062,0.2983291968081641,0.027051746334019744,-0.9999999999999999,-1.7505397251186665e-15,2.9352370014698036e-12,0.0011381671747910222,-8.080992028387935e-14,7484.538922892781,-1319.726150268671,1.9069934695558823e-08,1.4547740212171504e-07,-3.2595790784454546e-08,-1.273106521259623e-08,-3.18523288285931e-09,-2.171969023207422e-08,-1.273106521259623e-08,-3.18523288285931e-09,-2.171969023207422e-08,8,False,250.0
b712773f15e0f684,20270301_h250_r0_p90_y80_TPMC_N400000_S101,101,sample,411,triangle_0411,sailWall,-0.11085000000007943,-0.2983291968081642,-0.02705174633336886,-1.0,5.940573653559045e-16,2.9349700566021247e-12,0.0011381671747910224,-8.080992028387935e-14,7484.538922892781,-1319.726150268671,1.0186599591472772e-08,7.528389356702001e-08,-1.9064007558331624e-08,8.230289387698186e-09,-2.457087726340798e-09,-5.2651439284442604e-09,8.230289387698186e-09,-2.457087726340798e-09,-5.2651439284442604e-09,4,False,250.0
b712773f15e0f684,20270301_h250_r0_p90_y80_TPMC_N400000_S101,101,sample,412,triangle_0412,sailWall,-0.11084999999904006,-0.18229042648049767,0.3270454481968183,-1.0,5.684299448070419e-16,2.9354024151984037e-12,0.0012268133704500658,-8.080992028387935e-14,7484.538922892781,-1319.726150268671,2.055576733931206e-08,1.4756529009029906e-07,-2.1832285882178384e-08,-4.4970954978296384e-08,4.400245137028826e-09,-1.2612393367054565e-08,-4.4970954978296384e-08,4.400245137028826e-09,-1.2612393367054565e-08,6,False,250.0
b712773f15e0f684,20270301_h250_r0_p90_y80_TPMC_N400000_S101,101,sample,413,triangle_0413,sailWall,-0.11085000000053506,-0.3270454481964918,-0.18229042648017266,-1.0,-1.1081678413108157e-15,2.935578943508764e-12,0.0012268133704500378,-8.080992028387935e-14,7484.538922892781,-1319.726150268671,4.328247922803642e-08,2.6785160872962287e-07,-4.9120120238186986e-08,6.539007565528929e-08,-1.3376395497174103e-08,-1.5468975821576143e-08,6.539007565528929e-08,-1.3376395497174103e-08,-1.5468975821576143e-08,14,False,250.0
b712773f15e0f684,20270301_h250_r0_p90_y80_TPMC_N400000_S101,101,sample,414,triangle_0414,sailWall,-0.11085000000095994,0.18229042648049817,-0.3270454481961667,-0.9999999999999999,5.684299448216969e-16,2.9354024151984162e-12,0.0012268133704500521,-8.080992028387935e-14,7484.538922892781,-1319.726150268671,2.745970592707115e-08,1.4410394230263945e-07,-3.16428583327871e-08,4.073144533572626e-08,-1.234488483280012e-08,-2.1170906001276242e-08,4.073144533572626e-08,-1.234488483280012e-08,-2.1170906001276242e-08,6,False,250.0
b712773f15e0f684,20270301_h250_r0_p90_y80_TPMC_N400000_S101,101,sample,415,triangle_0415,sailWall,-0.11084999999946493,0.32704200560326674,0.18229360349937107,-1.0,-6.656192980849255e-16,2.9348187254409647e-12,0.001227159703125073,-8.080992028387935e-14,7484.538922892781,-1319.726150268671,2.7571175477678313e-08,1.7036535776833679e-07,-2.6574932178941655e-08,-3.940623682540248e-08,2.022118814854384e-09,-2.7751026248484775e-08,-3.940623682540248e-08,2.022118814854384e-09,-2.7751026248484775e-08,9,False,250.0
b712773f15e0f684,20270301_h250_r0_p90_y80_TPMC_N400000_S101,101,sample,416,triangle_0416,sailWall,-0.11084999999992935,-0.41755726048030145,0.024060937369759006,-1.0,-5.037654418230237e-16,2.9346631953803172e-12,0.0011608324744581322,-8.080992028387935e-14,7484.538922892781,-1319.726150268671,1.950144719392336e-08,8.908318416233063e-08,-1.4828602967540342e-08,4.297748610604503e-09,-1.288914427096302e-09,-1.8312454059445995e-09,4.297748610604503e-09,-1.288914427096302e-09,-1.8312454059445995e-09,4,False,250.0
b712773f15e0f684,20270301_h250_r0_p90_y80_TPMC_N400000_S101,101,sample,417,triangle_0417,sailWall,-0.11085000000007063,0.41755726048030145,-0.024060937369107787,-1.0,-8.129518700023228e-16,2.9346624807927985e-12,0.0011608324744581324,-8.080992028387935e-14,7484.538922892781,-1319.726150268671,7.262501746934953e-09,3.1898626888031274e-08,-7.459985618749856e-09,-2.1431164317192097e-09,-1.0596647359080914e-09,-6.599592839946925e-09,-2.1431164317192097e-09,-1.0596647359080914e-09,-6.599592839946925e-09,2,False,250.0
b712773f15e0f684,20270301_h250_r0_p90_y80_TPMC_N400000_S101,101,sample,418,triangle_0418,sailWall,-0.11084999999877442,0.024060937369435192,0.4175572604806272,-1.0,9.988728946496963e-16,2.9343474285609887e-12,0.0011608324744581287,-8.080992028387935e-14,7484.538922892781,-1319.726150268671,2.473401188759303e-08,1.5626333414573958e-07,-2.7899993048276225e-08,-6.682131413054239e-08,7.337242200560489e-09,-1.8151962334078656e-08,-6.682131413054239e-08,7.337242200560489e-09,-1.8151962334078656e-08,8,False,250.0
b712773f15e0f684,20270301_h250_r0_p90_y80_TPMC_N400000_S101,101,sample,419,triangle_0419,sailWall,-0.11085000000122563,-0.02406093736943413,-0.4175572604799764,-1.0,9.94585369524836e-16,2.936202547130096e-12,0.0011608324744581313,-8.080992028387935e-14,7484.538922892781,-1319.726150268671,2.3669533060756594e-08,1.512753072920796e-07,-3.957162300686471e-08,6.441614840785037e-08,-1.4369605640569185e-08,-1.6137722355585033e-08,6.441614840785037e-08,-1.4369605640569185e-08,-1.6137722355585033e-08,8,False,250.0
b712773f15e0f684,20270301_h250_r0_p90_y80_TPMC_N400000_S101,101,sample,420,triangle_0420,sailWall,-0.11085000000109425,-0.04997825547080124,-0.3727976728297658,-1.0,1.077099480636345e-15,2.9351878532938987e-12,0.0011537820816743542,-8.080992028387935e-14,7484.538922892781,-1319.726150268671,2.939641271066273e-08,1.7505791614175815e-07,-2.1613401253399235e-08,6.720380309220787e-08,-1.351662404817308e-08,-1.8014584302087325e-08,6.720380309220787e-08,-1.351662404817308e-08,-1.8014584302087325e-08,8,False,250.0
b712773f15e0f684,20270301_h250_r0_p90_y80_TPMC_N400000_S101,101,sample,421,triangle_0421,sailWall,-0.11084999999890577,0.04997825547080224,0.37279767283041654,-1.0,-5.404455268089766e-16,2.936115893133151e-12,0.0011537820816743551,-8.080992028387935e-14,7484.538922892781,-1319.726150268671,1.668242884687165e-08,1.1991462644238868e-07,-1.1081339057123034e-08,-4.521165626379915e-08,4.969429071083451e-09,-1.4041142277610157e-08,-4.521165626379915e-08,4.969429071083451e-09,-1.4041142277610157e-08,6,False,250.0
b712773f15e0f684,20270301_h250_r0_p90_y80_TPMC_N400000_S101,101,sample,422,triangle_0422,sailWall,-0.1108500000001467,0.372797672830091,-0.049978255470475276,-1.0,5.907056927734821e-16,2.9364494530160025e-12,0.00115378208167435,-8.080992028387935e-14,7484.538922892781,-1319.726150268671,9.524681138027369e-09,4.923400465307957e-08,-1.093084824267275e-08,-1.3162763217069166e-09,-1.7611484290352953e-09,-8.990949155728186e-09,-1.3162763217069166e-09,-1.7611484290352953e-09,-8.990949155728186e-09,3,False,250.0
b712773f15e0f684,20270301_h250_r0_p90_y80_TPMC_N400000_S101,101,sample,423,triangle_0423,sailWall,-0.11084999999985333,-0.372797672830091,0.04997825547112639,-1.0,-4.920074529990717e-16,2.9345623171739603e-12,0.0011537820816743473,-8.080992028387935e-14,7484.538922892781,-1319.726150268671,3.374770928029745e-08,1.7389211743447711e-07,-2.7451207251217983e-08,9.277719626125846e-10,-1.2311186116960224e-09,-6.548354566714246e-09,9.277719626125846e-10,-1.2311186116960224e-09,-6.548354566714246e-09,9,False,250.0
b712773f15e0f684,20270301_h250_r0_p90_y80_TPMC_N400000_S101,101,sample,424,triangle_0424,sailWall,-0.11085000000126989,0.053031798656919336,-0.43263745243957413,-1.0,-4.484142277484388e-16,2.9345880755890504e-12,0.0011155068507015583,-8.080992028387935e-14,7484.538922892781,-1319.726150268671,1.4065867810920641e-08,8.94669501286331e-08,-6.309027038038799e-09,3.897641243348882e-08,-6.873339159730848e-09,-1.0547834340758193e-08,3.897641243348882e-08,-6.873339159730848e-09,-1.0547834340758193e-08,4,False,250.0
b712773f15e0f684,20270301_h250_r0_p90_y80_TPMC_N400000_S101,101,sample,425,triangle_0425,sailWall,-0.1108500000001557,-0.43263632026392296,-0.053029823895238415,-1.0,-2.0047721844132185e-16,2.9350856606329133e-12,0.0011153512806863486,-8.080992028387935e-14,7484.538922892781,-1319.726150268671,1.2190469079065813e-08,8.908679622076308e-08,-1.359749485774956e-08,1.0695911981485127e-08,-2.2125098239216586e-09,-4.60449634600131e-09,1.0695911981485127e-08,-2.2125098239216586e-09,-4.60449634600131e-09,5,False,250.0
b712773f15e0f684,20270301_h250_r0_p90_y80_TPMC_N400000_S101,101,sample,426,triangle_0426,sailWall,-0.11084999999984436,0.43263745243989876,0.05303179865724559,-1.0,4.552092863044574e-16,2.9367104863904626e-12,0.0011155068507015503,-8.080992028387935e-14,7484.538922892781,-1319.726150268671,1.1607857720680326e-08,9.58635328268209e-08,-1.6029761313770963e-08,-1.1800530841625436e-08,-1.1896358696647286e-09,-1.5707688961760864e-08,-1.1800530841625436e-08,-1.1896358696647286e-09,-1.5707688961760864e-08,5,False,250.0
b712773f15e0f684,20270301_h250_r0_p90_y80_TPMC_N400000_S101,101,sample,427,triangle_0427,sailWall,-0.11084999999873013,-0.05302953497132076,0.432636305959271,-1.0,-3.3599786786406446e-16,2.9366880874225566e-12,0.0011153478981618208,-8.080992028387935e-14,7484.538922892781,-1319.726150268671,1.7914320131927612e-08,1.2848889989847176e-07,-1.6958584490982403e-08,-5.4211445418138715e-08,5.848542772731694e-09,-1.3356614972273402e-08,-5.4211445418138715e-08,5.848542772731694e-09,-1.3356614972273402e-08,7,False,250.0
b712773f15e0f684,20270301_h250_r0_p90_y80_TPMC_N400000_S101,101,sample,428,triangle_0428,sailWall,-0.11085000000048743,-0.05045427793457158,-0.16605430860473813,-1.0,3.4864980040882553e-16,2.9368055705106834e-12,0.0010528650113391588,-8.080992028387935e-14,7484.538922892781,-1319.726150268671,2.0105216566390345e-08,1.1639455117690769e-07,-2.0860686112128686e-08,2.039910991001061e-08,-5.632015826441749e-09,-1.1875219076970055e-08,2.039910991001061e-08,-5.632015826441749e-09,-1.1875219076970055e-08,6,False,250.0
b712773f15e0f684,20270301_h250_r0_p90_y80_TPMC_N400000_S101,101,sample,429,triangle_0429,sailWall,-0.1108499999998519,-0.16605430860506362,0.05045427793489676,-1.0,1.808502025504169e-16,2.935139586163713e-12,0.001052865011339158,-8.080992028387935e-14,7484.538922892781,-1319.726150268671,2.2918918666018716e-08,1.5893953581790587e-07,-3.249511907562635e-08,-2.738662081599266e-09,-2.4505711891950927e-09,-1.3958460860974105e-08,-2.738662081599266e-09,-2.4505711891950927e-09,-1.3958460860974105e-08,9,False,250.0
b712773f15e0f684,20270301_h250_r0_p90_y80_TPMC_N400000_S101,101,sample,430,triangle_0430,sailWall,-0.11085000000014811,0.16605430860506354,-0.05045427793424608,-1.0,3.4658111830136095e-16,2.935425460647486e-12,0.0010528650113391584,-8.080992028387935e-14,7484.538922892781,-1319.726150268671,0.0,0.0,0.0,0.0,0.0,0.0,0.0,0.0,0.0,0,True,250.0
b712773f15e0f684,20270301_h250_r0_p90_y80_TPMC_N400000_S101,101,sample,431,triangle_0431,sailWall,-0.11084999999951263,0.05045427793457156,0.16605430860538897,-1.0,3.812999943713618e-16,2.934547093759971e-12,0.001052865011339161,-8.080992028387935e-14,7484.538922892781,-1319.726150268671,1.5529039171336417e-08,1.2129132581763589e-07,-2.038871848192091e-08,-2.0437857668617158e-08,2.3895940354731493e-10,-1.4254560873042053e-08,-2.0437857668617158e-08,2.3895940354731493e-10,-1.4254560873042053e-08,6,False,250.0
b712773f15e0f684,20270301_h250_r0_p90_y80_TPMC_N400000_S101,101,sample,432,triangle_0432,sailWall,-0.11084999999976879,0.3281963348729171,0.07878427458349381,-1.0,1.0046812357457695e-15,2.935249284068308e-12,0.0011528664653639603,-8.080992028387935e-14,7484.538922892781,-1319.726150268671,1.1506280712384058e-08,6.728186479773885e-08,-1.3148677306705047e-08,-9.791378714931862e-09,-4.887683212915704e-10,-1.131631956317183e-08,-9.791378714931862e-09,-4.887683212915704e-10,-1.131631956317183e-08,4,False,250.0
b712773f15e0f684,20270301_h250_r0_p90_y80_TPMC_N400000_S101,101,sample,433,triangle_0433,sailWall,-0.1108499999990367,-0.07878425761349933,0.3281963428220147,-1.0,7.556522716206875e-16,2.934858926105566e-12,0.0011528670869115716,-8.080992028387935e-14,7484.538922892781,-1319.726150268671,1.9504986320429527e-08,1.1631563923776859e-07,-2.0082820138711555e-08,-3.747422315366971e-08,4.2421130350141455e-09,-1.1431801921525803e-08,-3.747422315366971e-08,4.2421130350141455e-09,-1.1431801921525803e-08,6,False,250.0
b712773f15e0f684,20270301_h250_r0_p90_y80_TPMC_N400000_S101,101,sample,434,triangle_0434,sailWall,-0.11085000000096333,0.0787842745831683,-0.3281963348725922,-1.0,1.0379984640095808e-15,2.9368785785433545e-12,0.001152866465363967,-8.080992028387935e-14,7484.538922892781,-1319.726150268671,3.0441630329480634e-09,3.3315728807748404e-08,-2.841093866137141e-09,1.0636132331977093e-08,-1.3120542165039505e-09,-3.906218077239783e-09,1.0636132331977093e-08,-1.3120542165039505e-09,-3.906218077239783e-09,2,False,250.0
b712773f15e0f684,20270301_h250_r0_p90_y80_TPMC_N400000_S101,101,sample,435,triangle_0435,sailWall,-0.11085000000023126,-0.32819633487291733,-0.0787842745828429,-1.0,-1.1627853775174803e-15,2.9352627917153933e-12,0.0011528664653639607,-8.080992028387935e-14,7484.538922892781,-1319.726150268671,2.83165127873089e-08,1.4549117735291344e-07,-2.2219512870267196e-08,1.886336948097578e-08,-4.752994726552675e-09,-6.8503276727134965e-09,1.886336948097578e-08,-4.752994726552675e-09,-6.8503276727134965e-09,8,False,250.0
b712773f15e0f684,20270301_h250_r0_p90_y80_TPMC_N400000_S101,101,sample,436,triangle_0436,sailWall,-0.11084999999903704,0.024162605010400007,0.3280804789390086,-1.0,6.756422911624388e-16,2.935590621013702e-12,0.0011444146954543441,-8.080992028387935e-14,7484.538922892781,-1319.726150268671,8.061276131860496e-09,3.8180627356169823e-08,-8.606943682021248e-09,-1.272635915339215e-08,1.658076611067336e-09,-4.522238084333732e-09,-1.272635915339215e-08,1.658076611067336e-09,-4.522238084333732e-09,2,False,250.0
b712773f15e0f684,20270301_h250_r0_p90_y80_TPMC_N400000_S101,101,sample,437,triangle_0437,sailWall,-0.1108499999999291,-0.32808047893868303,0.02416260501072452,-1.0,-1.0060298187755393e-16,2.936067537166215e-12,0.0011444146954543385,-8.080992028387935e-14,7484.538922892781,-1319.726150268671,2.254802792820924e-08,1.7041348417681478e-07,-4.261126075589897e-08,9.955873113467504e-09,-4.2210972754884876e-09,-1.162339516111882e-08,9.955873113467504e-09,-4.2210972754884876e-09,-1.162339516111882e-08,8,False,250.0
b712773f15e0f684,20270301_h250_r0_p90_y80_TPMC_N400000_S101,101,sample,438,triangle_0438,sailWall,-0.11085000000007093,0.3280804789386829,-0.024162605010073557,-1.0,1.138456997052339e-15,2.933904407215334e-12,0.001144414695454341,-8.080992028387935e-14,7484.538922892781,-1319.726150268671,3.3319181903929065e-09,3.163846471178054e-08,-1.3590958404206667e-08,-3.765693281166831e-09,-1.5861848208775776e-09,-4.637266846117788e-09,-3.765693281166831e-09,-1.5861848208775776e-09,-4.637266846117788e-09,2,False,250.0
b712773f15e0f684,20270301_h250_r0_p90_y80_TPMC_N400000_S101,101,sample,439,triangle_0439,sailWall,-0.11085000000096301,-0.024162605010399227,-0.3280804789383576,-1.0,-1.2174261269841288e-15,2.934817450981885e-12,0.0011444146954543437,-8.080992028387935e-14,7484.538922892781,-1319.726150268671,7.0130091149832e-09,4.106042729140553e-08,-7.274156430034203e-09,1.3600846689068014e-08,-3.097037108110395e-09,-4.3906981304583e-09,1.3600846689068014e-08,-3.097037108110395e-09,-4.3906981304583e-09,3,False,250.0
b712773f15e0f684,20270301_h250_r0_p90_y80_TPMC_N400000_S101,101,sample,440,triangle_0440,sailWall,-0.11085000000029477,0.10966039724011768,-0.10041934690498244,-1.0,-6.538912143374581e-16,2.9352722935768472e-12,0.0010504251712554129,-8.080992028387935e-14,7484.538922892781,-1319.726150268671,9.599952578343073e-09,6.859575707944153e-08,-7.801541423872914e-09,5.8211460487764864e-09,-1.8030854600352944e-09,-8.728990493301325e-09,5.8211460487764864e-09,-1.8030854600352944e-09,-8.728990493301325e-09,4,False,250.0
b712773f15e0f684,20270301_h250_r0_p90_y80_TPMC_N400000_S101,101,sample,441,triangle_0441,sailWall,-0.11084999999967816,0.10041934690530786,0.10966039724044281,-1.0,-4.039427021487463e-17,2.934751585521934e-12,0.0010504251712554124,-8.080992028387935e-14,7484.538922892781,-1319.726150268671,1.6494716839083194e-08,7.211533167957444e-08,-8.945514268236369e-09,-8.794864673088548e-09,8.026539559765744e-10,-9.740842768561165e-09,-8.794864673088548e-09,8.026539559765744e-10,-9.740842768561165e-09,5,False,250.0
b712773f15e0f684,20270301_h250_r0_p90_y80_TPMC_N400000_S101,101,sample,442,triangle_0442,sailWall,-0.11085000000032193,-0.10041934690530789,-0.10966039723979211,-1.0,-4.221062350255081e-17,2.935084890855959e-12,0.0010504251712554118,-8.080992028387935e-14,7484.538922892781,-1319.726150268671,1.5150662957437944e-08,8.443464633717066e-08,-1.6809003140643206e-08,1.0810933956083319e-08,-3.527873296462215e-09,-7.835609406109014e-09,1.0810933956083319e-08,-3.527873296462215e-09,-7.835609406109014e-09,5,False,250.0
b712773f15e0f684,20270301_h250_r0_p90_y80_TPMC_N400000_S101,101,sample,443,triangle_0443,sailWall,-0.11084999999970524,-0.10966039724011757,0.1004193469056331,-1.0,-9.8719654837229e-16,2.935270477223563e-12,0.0010504251712554129,-8.080992028387935e-14,7484.538922892781,-1319.726150268671,1.365241749712467e-08,5.441508431683117e-08,-6.280431756804546e-09,-5.066052399648398e-09,7.539851635678847e-10,-4.429628821442123e-09,-5.066052399648398e-09,7.539851635678847e-10,-4.429628821442123e-09,6,False,250.0
b712773f15e0f684,20270301_h250_r0_p90_y80_TPMC_N400000_S101,101,sample,444,triangle_0444,sailWall,-0.11084999999925634,-0.003247236272097226,0.2533563783718816,-1.0,1.6751978121320823e-15,2.9348965161548866e-12,0.001153146368751657,-8.080992028387935e-14,7484.538922892781,-1319.726150268671,3.093385439433159e-08,1.928200143260543e-07,-3.3993314939181244e-08,-4.9219803803371456e-08,4.1188863585228535e-09,-2.124630967481627e-08,-4.9219803803371456e-08,4.1188863585228535e-09,-2.124630967481627e-08,10,False,250.0
b712773f15e0f684,20270301_h250_r0_p90_y80_TPMC_N400000_S101,101,sample,445,triangle_0445,sailWall,-0.11085000000000954,-0.25335637837155606,-0.003247236271772221,-1.0,-1.1585661571293234e-16,2.9356663617060662e-12,0.0011531463687516562,-8.080992028387935e-14,7484.538922892781,-1319.726150268671,6.90244428649473e-09,3.6395703545064284e-08,-5.181445790272073e-09,1.349778451216143e-09,-6.066497195283978e-10,-2.3661098077191524e-09,1.349778451216143e-09,-6.066497195283978e-10,-2.3661098077191524e-09,2,False,250.0
b712773f15e0f684,20270301_h250_r0_p90_y80_TPMC_N400000_S101,101,sample,446,triangle_0446,sailWall,-0.11084999999999046,0.253356378371556,0.0032472362724229437,-1.0,1.868929134262431e-16,2.935665363753995e-12,0.0011531463687516567,-8.080992028387935e-14,7484.538922892781,-1319.726150268671,3.4659987850232844e-09,1.7765029838998972e-08,-2.5433442316643557e-09,-7.273211037192808e-10,-2.5672298376461044e-10,-2.7843598363851084e-09,-7.273211037192808e-10,-2.5672298376461044e-10,-2.7843598363851084e-09,1,False,250.0
b712773f15e0f684,20270301_h250_r0_p90_y80_TPMC_N400000_S101,101,sample,447,triangle_0447,sailWall,-0.11085000000074367,0.0032472362720974333,-0.25335637837123065,-1.0,1.6761957641903276e-15,2.935199265684029e-12,0.0011531463687516536,-8.080992028387935e-14,7484.538922892781,-1319.726150268671,7.23318646070828e-09,3.496928262792649e-08,-2.261421731656276e-09,8.94017043420807e-09,-2.0989731569223627e-09,-3.847087380340637e-09,8.94017043420807e-09,-2.0989731569223627e-09,-3.847087380340637e-09,2,False,250.0
b712773f15e0f684,20270301_h250_r0_p90_y80_TPMC_N400000_S101,101,sample,448,triangle_0448,sailWall,-0.11085000000053225,0.3886739880303527,-0.18132390294689368,-1.0,1.4385128997996377e-15,2.9340328994010306e-12,0.0010771428476978695,-8.080992028387935e-14,7484.538922892781,-1319.726150268671,2.395016360815855e-08,1.3327954713573815e-07,-2.085144223537635e-08,1.6723439610360138e-08,-6.788422003482965e-09,-2.4197013302088308e-08,1.6723439610360138e-08,-6.788422003482965e-09,-2.4197013302088308e-08,7,False,250.0
b712773f15e0f684,20270301_h250_r0_p90_y80_TPMC_N400000_S101,101,sample,449,triangle_0449,sailWall,-0.11085000000114083,-0.18132281128680763,-0.3886748563192064,-1.0,-4.676682255110016e-16,2.9349063040658923e-12,0.001077220397526818,-8.080992028387935e-14,7484.538922892781,-1319.726150268671,2.6218831951277557e-08,1.3948405587136404e-07,-1.257258396905956e-08,5.5715535529966494e-08,-1.1396647373273906e-08,-1.0563514490242811e-08,5.5715535529966494e-08,-1.1396647373273906e-08,-1.0563514490242811e-08,6,False,250.0
b712773f15e0f684,20270301_h250_r0_p90_y80_TPMC_N400000_S101,101,sample,450,triangle_0450,sailWall,-0.1108499999994678,-0.388673988030352,0.18132390294754477,-1.0,-9.182750631898854e-16,2.9347873664725037e-12,0.0010771428476978758,-8.080992028387935e-14,7484.538922892781,-1319.726150268671,3.2061131715420714e-08,1.655001576843615e-07,-2.4382083915067728e-08,-2.0688851548847022e-08,3.095880889898981e-09,-6.007898128171671e-09,-2.0688851548847022e-08,3.095880889898981e-09,-6.007898128171671e-09,10,False,250.0
b712773f15e0f684,20270301_h250_r0_p90_y80_TPMC_N400000_S101,101,sample,451,triangle_0451,sailWall,-0.11084999999885918,0.18132281128680847,0.3886748563198566,-1.0,-7.172433503721334e-16,2.935074575519575e-12,0.00107722039752681,-8.080992028387935e-14,7484.538922892781,-1319.726150268671,7.74215585696993e-09,7.044341502348654e-08,-1.216380823556926e-08,-2.9782010014902514e-08,1.7319675360913462e-09,-9.201811260077864e-09,-2.9782010014902514e-08,1.7319675360913462e-09,-9.201811260077864e-09,3,False,250.0
b712773f15e0f684,20270301_h250_r0_p90_y80_TPMC_N400000_S101,101,sample,452,triangle_0452,sailWall,-0.11084999999976614,0.05005736393300932,0.07968579144811606,-1.0,-8.132422548574657e-16,2.936301429758428e-12,0.0011177261048679157,-8.080992028387935e-14,7484.538922892781,-1319.726150268671,1.8468816739320217e-08,7.753755472830755e-08,-5.372716238114408e-09,-5.8590171910272735e-09,7.881422213955671e-10,-9.38936524085065e-09,-5.8590171910272735e-09,7.881422213955671e-10,-9.38936524085065e-09,8,False,250.0
b712773f15e0f684,20270301_h250_r0_p90_y80_TPMC_N400000_S101,101,sample,453,triangle_0453,sailWall,-0.11084999999985311,-0.07968579144779074,0.05005736393333465,-1.0,-1.0277623484701255e-15,2.935730013757655e-12,0.0011177261048679157,-8.080992028387935e-14,7484.538922892781,-1319.726150268671,4.384541093371042e-08,1.535185585603719e-08,9.689446951058842e-09,-1.601417736042145e-09,3.3649364299587115e-09,1.614052568181674e-09,-1.601417736042145e-09,3.3649364299587115e-09,1.614052568181674e-09,19,False,250.0
b712773f15e0f684,20270301_h250_r0_p90_y80_TPMC_N400000_S101,101,sample,454,triangle_0454,sailWall,-0.11085000000014694,0.07968579144779071,-0.05005736393268393,-1.0,1.1540413675815113e-15,2.935826944435859e-12,0.0011177261048679141,-8.080992028387935e-14,7484.538922892781,-1319.726150268671,0.0,0.0,0.0,0.0,0.0,0.0,0.0,0.0,0.0,0,True,250.0
b712773f15e0f684,20270301_h250_r0_p90_y80_TPMC_N400000_S101,101,sample,455,triangle_0455,sailWall,-0.11085000000023393,-0.05005736393300934,-0.07968579144746528,-1.0,9.00763253999796e-16,2.93505147971696e-12,0.0011177261048679137,-8.080992028387935e-14,7484.538922892781,-1319.726150268671,3.1689092113698705e-08,2.044694560218644e-07,-4.069329761758287e-08,1.8001517015653926e-08,-6.958116858749268e-09,-2.1052325552809594e-08,1.8001517015653926e-08,-6.958116858749268e-09,-2.1052325552809594e-08,11,False,250.0
b712773f15e0f684,20270301_h250_r0_p90_y80_TPMC_N400000_S101,101,sample,456,triangle_0456,sailWall,-0.11084999999851107,0.02350493436602735,0.5072702520396853,-0.9999999999999999,-8.193459386091033e-16,2.9339717170069494e-12,0.001151156661722665,-8.080992028387935e-14,7484.538922892781,-1319.726150268671,9.723897278367775e-09,5.5712095144253896e-08,-1.019623244391564e-08,-2.8526632988359742e-08,3.82379737582837e-09,-6.368659844072681e-09,-2.8526632988359742e-08,3.82379737582837e-09,-6.368659844072681e-09,3,False,250.0
b712773f15e0f684,20270301_h250_r0_p90_y80_TPMC_N400000_S101,101,sample,457,triangle_0457,sailWall,-0.11085000000031814,-0.1505478116764946,-0.10838158524224244,-1.0,-9.41327690597397e-16,2.933483265541678e-12,0.0010573401833382128,-8.080992028387935e-14,7484.538922892781,-1319.726150268671,2.3559823139463876e-08,1.3519907213745247e-07,-1.8880981002784114e-08,1.7980457280077906e-08,-4.722923156121838e-09,-1.1476680008093332e-08,1.7980457280077906e-08,-4.722923156121838e-09,-1.1476680008093332e-08,7,False,250.0
b712773f15e0f684,20270301_h250_r0_p90_y80_TPMC_N400000_S101,101,sample,458,triangle_0458,sailWall,-0.11084999999955814,-0.10838158524256798,0.15054781167681994,-1.0,1.3138011465435227e-15,2.934839229463839e-12,0.0010573401833382128,-8.080992028387935e-14,7484.538922892781,-1319.726150268671,1.842346477237582e-08,1.204230128407939e-07,-1.8224109783732332e-08,-1.648394997828072e-08,8.191572983267986e-10,-1.1432759905715962e-08,-1.648394997828072e-08,8.191572983267986e-10,-1.1432759905715962e-08,6,False,250.0
b712773f15e0f684,20270301_h250_r0_p90_y80_TPMC_N400000_S101,101,sample,459,triangle_0459,sailWall,-0.11085000000044191,0.10838158524256802,-0.15054781167616918,-1.0,-1.0137023004561019e-15,2.9349747455179387e-12,0.0010573401833382165,-8.080992028387935e-14,7484.538922892781,-1319.726150268671,1.7801872769641828e-08,1.6436495340328477e-07,-2.433551007279662e-08,2.1999996966469957e-08,-5.329331157764879e-09,-2.0088036525600255e-08,2.1999996966469957e-08,-5.329331157764879e-09,-2.0088036525600255e-08,8,False,250.0
b712773f15e0f684,20270301_h250_r0_p90_y80_TPMC_N400000_S101,101,sample,460,triangle_0460,sailWall,-0.11084999999968191,0.1505478116764947,0.10838158524289315,-1.0,1.0278810085274155e-15,2.934373936800601e-12,0.0010573401833382154,-8.080992028387935e-14,7484.538922892781,-1319.726150268671,1.884047316639138e-08,1.3616177081049932e-07,-4.139393978252788e-08,-2.115198490483213e-08,-2.5225149689294035e-09,-1.7960918733061317e-08,-2.115198490483213e-08,-2.5225149689294035e-09,-1.7960918733061317e-08,8,False,250.0
b712773f15e0f684,20270301_h250_r0_p90_y80_TPMC_N400000_S101,101,sample,461,triangle_0461,sailWall,-0.11085000000148897,-0.023508970780248495,-0.5072726918126561,-1.0,-7.079048774740304e-16,2.9360926629051276e-12,0.0011512748100944103,-8.080992028387935e-14,7484.538922892781,-1319.726150268671,2.3418216579990512e-08,1.5810716011784092e-07,-1.1747815349274121e-08,8.008533939342693e-08,-1.3140647337638452e-08,-1.6979591930255492e-08,8.008533939342693e-08,-1.3140647337638452e-08,-1.6979591930255492e-08,9,False,250.0
b712773f15e0f684,20270301_h250_r0_p90_y80_TPMC_N400000_S101,101,sample,462,triangle_0462,sailWall,-0.11085000000006846,0.5071669186877003,-0.02332337661281016,-1.0,1.2848057641919982e-15,2.935593293720892e-12,0.0011428375413380515,-8.080992028387935e-14,7484.538922892781,-1319.726150268671,1.4960095700852587e-08,9.083192964094799e-08,-1.309600993596827e-08,-4.819970517019928e-09,-1.793626645163087e-09,-1.7705792352459088e-08,-4.819970517019928e-09,-1.793626645163087e-09,-1.7705792352459088e-08,3,False,250.0
b712773f15e0f684,20270301_h250_r0_p90_y80_TPMC_N400000_S101,101,sample,463,triangle_0463,sailWall,-0.11084999999993156,-0.5071669186877003,0.023323376613461715,-1.0,3.1625137354490307e-17,2.9339548093241236e-12,0.001142837541338054,-8.080992028387935e-14,7484.538922892781,-1319.726150268671,3.348224988493021e-08,1.914322783460322e-07,-4.343584730724532e-08,1.843226146856104e-08,-4.180120648529746e-09,-4.233217941331193e-09,1.843226146856104e-08,-4.180120648529746e-09,-4.233217941331193e-09,11,False,250.0
b712773f15e0f684,20270301_h250_r0_p90_y80_TPMC_N400000_S101,101,sample,464,triangle_0464,sailWall,-0.11084999999999517,0.28348045882831086,0.0016528860279209287,-1.0,-1.5030720868994978e-15,2.9356709343788822e-12,0.001120686203218659,-8.080992028387935e-14,7484.538922892781,-1319.726150268671,7.923455120690277e-09,5.5004639476514606e-08,-1.5012871374105556e-08,-4.749246435510584e-09,-1.5535563254582875e-09,-8.2516900846064e-09,-4.749246435510584e-09,-1.5535563254582875e-09,-8.2516900846064e-09,3,False,250.0
b712773f15e0f684,20270301_h250_r0_p90_y80_TPMC_N400000_S101,101,sample,465,triangle_0465,sailWall,-0.11085000000000488,-0.28348045882831097,-0.0016528860272701507,-1.0,9.890761641585242e-16,2.9356627195205525e-12,0.0011206862032186573,-8.080992028387935e-14,7484.538922892781,-1319.726150268671,1.906985255931085e-08,1.0978822582387679e-07,-2.048251604755393e-08,6.894958476238992e-09,-2.4639848328707128e-09,-6.78460787157003e-09,6.894958476238992e-09,-2.4639848328707128e-09,-6.78460787157003e-09,6,False,250.0
b712773f15e0f684,20270301_h250_r0_p90_y80_TPMC_N400000_S101,101,sample,466,triangle_0466,sailWall,-0.11084999999916793,-0.001652886027594934,0.28348045882863654,-1.0,1.6724849448385237e-15,2.934073511398832e-12,0.0011206862032186627,-8.080992028387935e-14,7484.538922892781,-1319.726150268671,2.730367706370963e-08,1.8221678351554033e-07,-3.254390859297612e-08,-5.182450380007539e-08,4.1724573496573275e-09,-2.0207659744785058e-08,-5.182450380007539e-08,4.1724573496573275e-09,-2.0207659744785058e-08,10,False,250.0
b712773f15e0f684,20270301_h250_r0_p90_y80_TPMC_N400000_S101,101,sample,467,triangle_0467,sailWall,-0.11085000000083212,0.001652886027595363,-0.2834804588279855,-1.0,1.6786460885838879e-15,2.9359426225871267e-12,0.001120686203218657,-8.080992028387935e-14,7484.538922892781,-1319.726150268671,1.4140420930632792e-08,9.172812000098166e-08,-1.3635100573161819e-08,2.5896384464979953e-08,-5.4895193247214826e-09,-1.0254702359847953e-08,2.5896384464979953e-08,-5.4895193247214826e-09,-1.0254702359847953e-08,4,False,250.0
b712773f15e0f684,20270301_h250_r0_p90_y80_TPMC_N400000_S101,101,sample,468,triangle_0468,sailWall,-0.1108500000006139,-0.02331594199260298,-0.2091474775296652,-0.9999999999999999,-6.906119371952742e-16,2.934005002038459e-12,0.0012339811247283373,-8.080992028387935e-14,7484.538922892781,-1319.726150268671,1.5347545438078403e-08,9.111540209041933e-08,-1.4553125371743371e-08,1.922691116566749e-08,-4.74885162076065e-09,-9.706882757596248e-09,1.922691116566749e-08,-4.74885162076065e-09,-9.706882757596248e-09,5,False,250.0
b712773f15e0f684,20270301_h250_r0_p90_y80_TPMC_N400000_S101,101,sample,469,triangle_0469,sailWall,-0.11085000000006844,0.20914747752999044,-0.023315941992277527,-1.0,4.4522347875670443e-17,2.935095355128601e-12,0.001233981124728335,-8.080992028387935e-14,7484.538922892781,-1319.726150268671,0.0,0.0,0.0,0.0,0.0,0.0,0.0,0.0,0.0,0,True,250.0
b712773f15e0f684,20270301_h250_r0_p90_y80_TPMC_N400000_S101,101,sample,470,triangle_0470,sailWall,-0.11084999999938612,0.02331594199260308,0.20914747753031585,-0.9999999999999999,-7.609525249508228e-16,2.9362231033988043e-12,0.0012339811247283373,-8.080992028387935e-14,7484.538922892781,-1319.726150268671,1.307486294755317e-08,8.921218570554925e-08,-1.8858394009479605e-08,-1.946551651695229e-08,7.291889455337448e-10,-1.0184753071610214e-08,-1.946551651695229e-08,7.291889455337448e-10,-1.0184753071610214e-08,5,False,250.0
b712773f15e0f684,20270301_h250_r0_p90_y80_TPMC_N400000_S101,101,sample,471,triangle_0471,sailWall,-0.11084999999993156,-0.20914747752999044,0.02331594199292823,-1.0,1.7863419452316547e-16,2.9353458821275092e-12,0.0012339811247283334,-8.080992028387935e-14,7484.538922892781,-1319.726150268671,3.3866462740564964e-08,1.7403992009150634e-07,-3.8639518233688746e-08,4.709934776164447e-09,-3.5384745373107867e-09,-1.2217055684535135e-08,4.709934776164447e-09,-3.5384745373107867e-09,-1.2217055684535135e-08,13,False,250.0
b712773f15e0f684,20270301_h250_r0_p90_y80_TPMC_N400000_S101,101,sample,472,triangle_0472,sailWall,-0.11084999999992684,-0.12257598135518366,0.02493124338514467,-1.0,-5.732814338052082e-16,2.935875877083413e-12,0.0010980969843797745,-8.080992028387935e-14,7484.538922892781,-1319.726150268671,2.9867635768165034e-08,1.5646041186878448e-07,-4.1264005103867385e-08,1.6613980475143207e-09,-3.921760588595939e-09,-1.3814709157026748e-08,1.6613980475143207e-09,-3.921760588595939e-09,-1.3814709157026748e-08,11,False,250.0
b712773f15e0f684,20270301_h250_r0_p90_y80_TPMC_N400000_S101,101,sample,473,triangle_0473,sailWall,-0.11084999999964024,0.024931243384819304,0.122575981355509,-1.0,8.439362579586374e-16,2.9342582820261657e-12,0.001098096984379778,-8.080992028387935e-14,7484.538922892781,-1319.726150268671,1.3073599533425682e-08,8.028841799611138e-08,-1.6673724855497118e-08,-1.0390387332489593e-08,-1.7600664557378416e-10,-9.111319229322241e-09,-1.0390387332489593e-08,-1.7600664557378416e-10,-9.111319229322241e-09,4,False,250.0
b712773f15e0f684,20270301_h250_r0_p90_y80_TPMC_N400000_S101,101,sample,474,triangle_0474,sailWall,-0.11085000000035981,-0.024931243384819373,-0.12257598135485807,-1.0,-1.375562598935801e-15,2.9352061247029797e-12,0.0010980969843797795,-8.080992028387935e-14,7484.538922892781,-1319.726150268671,2.4911502647781534e-08,1.5241225091140675e-07,-1.8252549243000954e-08,1.8948361796095183e-08,-5.033082572064164e-09,-1.6375975012490023e-08,1.8948361796095183e-08,-5.033082572064164e-09,-1.6375975012490023e-08,7,False,250.0
b712773f15e0f684,20270301_h250_r0_p90_y80_TPMC_N400000_S101,101,sample,475,triangle_0475,sailWall,-0.11085000000007317,0.12257598135518351,-0.02493124338449393,-1.0,-4.151452918786553e-16,2.936153654198377e-12,0.0010980969843797782,-8.080992028387935e-14,7484.538922892781,-1319.726150268671,0.0,0.0,0.0,0.0,0.0,0.0,0.0,0.0,0.0,0,True,250.0
b712773f15e0f684,20270301_h250_r0_p90_y80_TPMC_N400000_S101,101,sample,476,triangle_0476,sailWall,-0.11084999999970123,-0.3732282969740061,0.10180230723134648,-1.0,-1.2639863787309688e-15,2.9348543497741044e-12,0.001186756364170483,-8.080992028387935e-14,7484.538922892781,-1319.726150268671,1.7425976847818354e-08,1.2148765783761554e-07,-1.335562501532594e-08,-8.073440583924245e-09,3.3194081339565265e-10,-6.940143094351634e-09,-8.073440583924245e-09,3.3194081339565265e-10,-6.940143094351634e-09,7,False,250.0
b712773f15e0f684,20270301_h250_r0_p90_y80_TPMC_N400000_S101,101,sample,477,triangle_0477,sailWall,-0.11085000000109553,-0.10180182874700354,-0.37322823860890947,-1.0,-3.374625046015892e-16,2.933889751034772e-12,0.0011867518461553,-8.080992028387935e-14,7484.538922892781,-1319.726150268671,1.904224324974244e-08,1.0695808093616584e-07,-2.0004140308572055e-08,4.190193125482837e-08,-9.365786592612542e-09,-9.904775530898974e-09,4.190193125482837e-08,-9.365786592612542e-09,-9.904775530898974e-09,6,False,250.0
b712773f15e0f684,20270301_h250_r0_p90_y80_TPMC_N400000_S101,101,sample,478,triangle_0478,sailWall,-0.11085000000029883,0.3732282969740064,-0.10180230723069543,-1.0,8.501941927425666e-16,2.934854592951842e-12,0.0011867563641704821,-8.080992028387935e-14,7484.538922892781,-1319.726150268671,5.79744455309096e-09,3.9029863616199666e-08,-5.0456603728091855e-09,2.580019655000331e-09,-1.2270912061611325e-09,-6.478718716563854e-09,2.580019655000331e-09,-1.2270912061611325e-09,-6.478718716563854e-09,2,False,250.0
b712773f15e0f684,20270301_h250_r0_p90_y80_TPMC_N400000_S101,101,sample,479,triangle_0479,sailWall,-0.11084999999890453,0.10180182874700448,0.37322823860956,-1.0,-3.37670943446111e-16,2.9357019127092815e-12,0.001186751846155295,-8.080992028387935e-14,7484.538922892781,-1319.726150268671,7.966062244885432e-09,8.406695584750642e-08,-1.2244534580733252e-08,-3.292270947246628e-08,1.6853529749104278e-09,-1.0115807701965083e-08,-3.292270947246628e-08,1.6853529749104278e-09,-1.0115807701965083e-08,4,False,250.0
b712773f15e0f684,20270301_h250_r0_p90_y80_TPMC_N400000_S101,101,sample,480,triangle_0480,sailWall,-0.11085000000022073,0.15184660599428954,-0.07519524530842135,-1.0,3.9924541674268457e-16,2.9355163029569125e-12,0.001092833594088417,-8.080992028387935e-14,7484.538922892781,-1319.726150268671,2.0047216739321667e-09,1.9036153815982342e-08,-1.4918906468942984e-09,1.6752604599421392e-09,-3.6368231548851343e-10,-2.3893718696374015e-09,1.6752604599421392e-09,-3.6368231548851343e-10,-2.3893718696374015e-09,1,False,250.0
b712773f15e0f684,20270301_h250_r0_p90_y80_TPMC_N400000_S101,101,sample,481,triangle_0481,sailWall,-0.11084999999977928,-0.15184660599428956,0.07519524530907203,-1.0,5.589149981297612e-16,2.935791722053865e-12,0.0010928335940884172,-8.080992028387935e-14,7484.538922892781,-1319.726150268671,2.7149036923036766e-08,1.1637892516881032e-07,-2.2852571933976924e-08,-5.382407341753716e-09,-4.957979495730923e-10,-8.623483632894987e-09,-5.382407341753716e-09,-4.957979495730923e-10,-8.623483632894987e-09,8,False,250.0
b712773f15e0f684,20270301_h250_r0_p90_y80_TPMC_N400000_S101,101,sample,482,triangle_0482,sailWall,-0.11085000000044572,-0.07519524530874679,-0.15184660599396402,-1.0,1.4505695712701656e-15,2.9361667510879127e-12,0.0010928335940884137,-8.080992028387935e-14,7484.538922892781,-1319.726150268671,2.906966352247783e-08,2.0039521621182886e-07,-3.0645315382730764e-08,3.1269053312746786e-08,-7.624502640574126e-09,-2.0063977440090602e-08,3.1269053312746786e-08,-7.624502640574126e-09,-2.0063977440090602e-08,10,False,250.0
b712773f15e0f684,20270301_h250_r0_p90_y80_TPMC_N400000_S101,101,sample,483,triangle_0483,sailWall,-0.11084999999955432,0.07519524530874676,0.15184660599461486,-1.0,-7.507390846694754e-16,2.9352033743442285e-12,0.001092833594088423,-8.080992028387935e-14,7484.538922892781,-1319.726150268671,1.1621878135631823e-08,5.9462526179629915e-08,-1.09086871698629e-08,-9.749587549661832e-09,5.517605964937389e-10,-7.434952658845364e-09,-9.749587549661832e-09,5.517605964937389e-10,-7.434952658845364e-09,4,False,250.0
b712773f15e0f684,20270301_h250_r0_p90_y80_TPMC_N400000_S101,101,sample,484,triangle_0484,sailWall,-0.11085000000022098,0.21001496883464701,-0.07527633934902771,-1.0,-3.179806447934011e-16,2.936363624500097e-12,0.0011100756291111498,-8.080992028387935e-14,7484.538922892781,-1319.726150268671,2.614363793140421e-09,1.960003281216087e-08,-8.003960071751292e-11,1.5386018390302595e-09,-2.163160500834535e-10,-2.715365112574718e-09,1.5386018390302595e-09,-2.163160500834535e-10,-2.715365112574718e-09,1,False,250.0
b712773f15e0f684,20270301_h250_r0_p90_y80_TPMC_N400000_S101,101,sample,485,triangle_0485,sailWall,-0.11084999999938361,0.07527633934935331,0.21001496883497242,-1.0,-4.898955966989153e-16,2.9351299721161643e-12,0.0011100756291111448,-8.080992028387935e-14,7484.538922892781,-1319.726150268671,2.3891704165438298e-08,9.879133228059859e-08,-1.5133225358459545e-08,-2.187097998347173e-08,3.390397882561138e-09,-1.2602796921460546e-08,-2.187097998347173e-08,3.390397882561138e-09,-1.2602796921460546e-08,7,False,250.0
b712773f15e0f684,20270301_h250_r0_p90_y80_TPMC_N400000_S101,101,sample,486,triangle_0486,sailWall,-0.11084999999977907,-0.2100149688346471,0.07527633934967838,-1.0,6.213261274939821e-16,2.9341704179771967e-12,0.0011100756291111459,-8.080992028387935e-14,7484.538922892781,-1319.726150268671,4.0691077212064715e-08,2.2180669130996812e-07,-4.277125280571099e-08,-9.241563864588032e-09,-1.425728792612439e-09,-1.5899145644239014e-08,-9.241563864588032e-09,-1.425728792612439e-09,-1.5899145644239014e-08,12,False,250.0
b712773f15e0f684,20270301_h250_r0_p90_y80_TPMC_N400000_S101,101,sample,487,triangle_0487,sailWall,-0.11085000000061646,-0.07527633934935322,-0.21001496883432172,-1.0,1.7073514448693188e-15,2.934172469892587e-12,0.0011100756291111593,-8.080992028387935e-14,7484.538922892781,-1319.726150268671,1.0736274132877781e-08,8.088952176725739e-08,-1.2871835524492705e-08,1.798362168336696e-08,-3.6699532947389286e-09,-8.211918892171531e-09,1.798362168336696e-08,-3.6699532947389286e-09,-8.211918892171531e-09,3,False,250.0
b712773f15e0f684,20270301_h250_r0_p90_y80_TPMC_N400000_S101,101,sample,488,triangle_0488,sailWall,-0.11084999999977836,-0.41772849360345915,0.07551056554063995,-1.0,-6.40597886819477e-17,2.935398473992348e-12,0.0011361078398689733,-8.080992028387935e-14,7484.538922892781,-1319.726150268671,2.5884231060575005e-08,1.5546033661283974e-07,-2.8160658620113383e-08,4.257331948225895e-10,-1.217277436741278e-09,-6.407899548222247e-09,4.257331948225895e-10,-1.217277436741278e-09,-6.407899548222247e-09,9,False,250.0
b712773f15e0f684,20270301_h250_r0_p90_y80_TPMC_N400000_S101,101,sample,489,triangle_0489,sailWall,-0.11085000000022165,0.4177284936034593,-0.07551056553998871,-1.0,-3.8344738277838953e-16,2.935391110983149e-12,0.0011361078398689733,-8.080992028387935e-14,7484.538922892781,-1319.726150268671,9.643488959578095e-09,6.183946984085652e-08,-1.0868928640657886e-08,5.238359214900821e-10,-1.9730530813801943e-09,-1.080423024531345e-08,5.238359214900821e-10,-1.9730530813801943e-09,-1.080423024531345e-08,3,False,250.0
b712773f15e0f684,20270301_h250_r0_p90_y80_TPMC_N400000_S101,101,sample,490,triangle_0490,sailWall,-0.11084999999877387,0.07550817135505168,0.4177273252973535,-1.0,-8.029939664171837e-16,2.9361797515474105e-12,0.001135994787519148,-8.080992028387935e-14,7484.538922892781,-1319.726150268671,2.0790937732672545e-08,1.2742188423195697e-07,-2.2716671848895283e-08,-5.419798593072911e-08,6.064776475148679e-09,-1.571298839040992e-08,-5.419798593072911e-08,6.064776475148679e-09,-1.571298839040992e-08,7,False,250.0
b712773f15e0f684,20270301_h250_r0_p90_y80_TPMC_N400000_S101,101,sample,491,triangle_0491,sailWall,-0.11085000000122613,-0.07550817135505074,-0.4177273252967029,-1.0,-7.956312939886193e-16,2.935860340936422e-12,0.0011359947875191501,-8.080992028387935e-14,7484.538922892781,-1319.726150268671,1.6824061644248136e-08,1.045858584000136e-07,-2.1116842017654177e-08,4.518900428585351e-08,-9.368985596529524e-09,-1.0308172910983959e-08,4.518900428585351e-08,-9.368985596529524e-09,-1.0308172910983959e-08,6,False,250.0
b712773f15e0f684,20270301_h250_r0_p90_y80_TPMC_N400000_S101,101,sample,492,triangle_0492,sailWall,-0.11085000000022076,0.12347820219617446,-0.0752067144595268,-1.0,-5.070005084203351e-16,2.935515476229785e-12,0.0010524378692555085,-8.080992028387935e-14,7484.538922892781,-1319.726150268671,3.74601177843801e-09,1.9921386509617284e-08,-2.179020580828392e-09,1.4214778542255373e-09,-5.627567609912917e-10,-2.7012237579015955e-09,1.4214778542255373e-09,-5.627567609912917e-10,-2.7012237579015955e-09,1,False,250.0
b712773f15e0f684,20270301_h250_r0_p90_y80_TPMC_N400000_S101,101,sample,493,triangle_0493,sailWall,-0.11084999999963761,0.07520671445985218,0.1234782021964997,-1.0,-7.507183504058843e-16,2.935180645754268e-12,0.001052437869255508,-8.080992028387935e-14,7484.538922892781,-1319.726150268671,7.552600460864332e-09,4.724443994668123e-08,-1.4884966031131888e-08,-6.42726317065591e-09,-8.039827896341962e-10,-5.849265863350372e-09,-6.42726317065591e-09,-8.039827896341962e-10,-5.849265863350372e-09,3,False,250.0
b712773f15e0f684,20270301_h250_r0_p90_y80_TPMC_N400000_S101,101,sample,494,triangle_0494,sailWall,-0.11084999999977924,-0.1234782021961744,0.07520671446017749,-1.0,-6.730255416037306e-16,2.935790598210287e-12,0.0010524378692555103,-8.080992028387935e-14,7484.538922892781,-1319.726150268671,2.1489485011032323e-08,1.3525398315713784e-07,-2.010258218519358e-08,-7.838942045228995e-09,-5.704873092284663e-10,-1.2414909133784202e-08,-7.838942045228995e-09,-5.704873092284663e-10,-1.2414909133784202e-08,8,False,250.0
b712773f15e0f684,20270301_h250_r0_p90_y80_TPMC_N400000_S101,101,sample,495,triangle_0495,sailWall,-0.11085000000036245,-0.07520671445985223,-0.12347820219584897,-1.0,1.4523800726274043e-15,2.934182106550584e-12,0.001052437869255504,-8.080992028387935e-14,7484.538922892781,-1319.726150268671,1.8919152502904618e-08,1.1537659786445015e-07,-2.7363700265791418e-08,1.6109250140671376e-08,-5.362891934290971e-09,-1.1375973407388159e-08,1.6109250140671376e-08,-5.362891934290971e-09,-1.1375973407388159e-08,7,False,250.0
b712773f15e0f684,20270301_h250_r0_p90_y80_TPMC_N400000_S101,101,sample,496,triangle_0496,sailWall,-0.110849999999777,-0.3881418209136262,0.07598230581421166,-0.9999999999999999,-9.622653389575777e-16,2.9353777671901774e-12,0.0011855293103930635,-8.080992028387935e-14,7484.538922892781,-1319.726150268671,2.4322817104955075e-08,1.633787102945497e-07,-2.155927659522052e-08,-4.589772616403508e-09,-4.995209500662537e-10,-8.758676718276033e-09,-4.589772616403508e-09,-4.995209500662537e-10,-8.758676718276033e-09,8,False,250.0
b712773f15e0f684,20270301_h250_r0_p90_y80_TPMC_N400000_S101,101,sample,497,triangle_0497,sailWall,-0.1108500000011393,-0.07598182732986873,-0.38814176254852956,-1.0,-7.557655310678073e-16,2.93413086732479e-12,0.001185494935532259,-8.080992028387935e-14,7484.538922892781,-1319.726150268671,7.384275749301234e-09,3.88396884915853e-08,-7.2951772278956954e-09,1.59542359049124e-08,-3.741158958165678e-09,-3.740348375547446e-09,1.59542359049124e-08,-3.741158958165678e-09,-3.740348375547446e-09,2,False,250.0
b712773f15e0f684,20270301_h250_r0_p90_y80_TPMC_N400000_S101,101,sample,498,triangle_0498,sailWall,-0.11085000000022303,0.38814182091362626,-0.07598230581356051,-1.0,1.1802470603268976e-15,2.9354271596487098e-12,0.0011855293103930676,-8.080992028387935e-14,7484.538922892781,-1319.726150268671,2.8601663936510812e-09,1.5607155180665155e-08,-5.434830335193184e-09,-8.883975688039319e-10,-8.258043684702235e-10,-2.83898867976931e-09,-8.883975688039319e-10,-8.258043684702235e-10,-2.83898867976931e-09,1,False,250.0
b712773f15e0f684,20270301_h250_r0_p90_y80_TPMC_N400000_S101,101,sample,499,triangle_0499,sailWall,-0.11084999999886073,0.07598182732986976,0.38814176254918026,-1.0,-7.980970025511312e-16,2.935967309362366e-12,0.0011854949355322583,-8.080992028387935e-14,7484.538922892781,-1319.726150268671,5.5214365241295074e-09,3.807073539626704e-08,-7.390228861039726e-09,-1.5471167715883094e-08,1.337756458407773e-09,-4.663017610589752e-09,-1.5471167715883094e-08,1.337756458407773e-09,-4.663017610589752e-09,2,False,250.0
b712773f15e0f684,20270301_h250_r0_p90_y80_TPMC_N400000_S101,101,sample,500,triangle_0500,sailWall,-0.11085000000014693,0.10880990190733024,-0.05006005204488012,-1.0,-6.466819605391949e-16,2.935746943960947e-12,0.0010756087079271859,-8.080992028387935e-14,7484.538922892781,-1319.726150268671,0.0,0.0,0.0,0.0,0.0,0.0,0.0,0.0,0.0,0,True,250.0
b712773f15e0f684,20270301_h250_r0_p90_y80_TPMC_N400000_S101,101,sample,501,triangle_0501,sailWall,-0.11084999999968063,0.05006005204520552,0.1088099019076556,-1.0,-7.631169419916111e-16,2.935173163703668e-12,0.00107560870792719,-8.080992028387935e-14,7484.538922892781,-1319.726150268671,3.1962046756451456e-08,1.996516963574935e-07,-3.5060604453287536e-08,-2.2827582441267207e-08,-4.667373414482383e-10,-2.389863014649116e-08,-2.2827582441267207e-08,-4.667373414482383e-10,-2.389863014649116e-08,12,False,250.0
b712773f15e0f684,20270301_h250_r0_p90_y80_TPMC_N400000_S101,101,sample,502,triangle_0502,sailWall,-0.11084999999985308,-0.1088099019073303,0.050060052045530844,-1.0,-6.466819605413931e-16,2.9357469439609443e-12,0.0010756087079271893,-8.080992028387935e-14,7484.538922892781,-1319.726150268671,2.5496350988633038e-08,1.335532339546026e-07,-2.6099458358055026e-08,-4.121631881655059e-09,-1.592864706430074e-09,-1.1814604739283959e-08,-4.121631881655059e-09,-1.592864706430074e-09,-1.1814604739283959e-08,12,False,250.0
b712773f15e0f684,20270301_h250_r0_p90_y80_TPMC_N400000_S101,101,sample,503,triangle_0503,sailWall,-0.1108500000003194,-0.050060052045205576,-0.10880990190700479,-1.0,9.527809318357437e-16,2.933880618593224e-12,0.0010756087079271906,-8.080992028387935e-14,7484.538922892781,-1319.726150268671,1.2527662045360917e-08,6.658399779765292e-08,-9.985895569315784e-09,8.237976850586176e-09,-2.5723983037288675e-09,-6.648315621585583e-09,8.237976850586176e-09,-2.5723983037288675e-09,-6.648315621585583e-09,3,False,250.0
b712773f15e0f684,20270301_h250_r0_p90_y80_TPMC_N400000_S101,101,sample,504,triangle_0504,sailWall,-0.11084999999859929,0.023489983969410988,0.47721061023849365,-1.0,-7.78926374569205e-16,2.9364091557990146e-12,0.00112553779482797,-8.080992028387935e-14,7484.538922892781,-1319.726150268671,2.0455599856645913e-08,9.77785205185181e-08,-2.1039399373723015e-08,-4.7348036716026504e-08,7.45719064533556e-09,-1.1461400484493245e-08,-4.7348036716026504e-08,7.45719064533556e-09,-1.1461400484493245e-08,5,False,250.0
b712773f15e0f684,20270301_h250_r0_p90_y80_TPMC_N400000_S101,101,sample,505,triangle_0505,sailWall,-0.1108499999993961,-0.34266349906904,0.2057541473132234,-1.0,1.1552805357923795e-16,2.9359437926278205e-12,0.001187584885835729,-8.080992028387935e-14,7484.538922892781,-1319.726150268671,1.1794259959111519e-08,9.018914065548184e-08,-1.549261058003755e-08,-1.397326006246983e-08,8.404753930298396e-10,-5.88278855153791e-09,-1.397326006246983e-08,8.404753930298396e-10,-5.88278855153791e-09,5,False,250.0
b712773f15e0f684,20270301_h250_r0_p90_y80_TPMC_N400000_S101,101,sample,506,triangle_0506,sailWall,-0.11085000000100581,-0.20575414731289843,-0.34266349906871446,-1.0,9.571720599827517e-16,2.9364066772949675e-12,0.0011875848858357316,-8.080992028387935e-14,7484.538922892781,-1319.726150268671,1.5073129022933394e-08,9.398307256412149e-08,-1.866575228112017e-08,3.676902985382673e-08,-7.307884892747302e-09,-7.255755192483875e-09,3.676902985382673e-08,-7.307884892747302e-09,-7.255755192483875e-09,5,False,250.0
b712773f15e0f684,20270301_h250_r0_p90_y80_TPMC_N400000_S101,101,sample,507,triangle_0507,sailWall,-0.11085000000060392,0.3426634990690407,-0.20575414731257247,-1.0,-9.941520682284876e-16,2.9337997600585297e-12,0.0011875848858357346,-8.080992028387935e-14,7484.538922892781,-1319.726150268671,3.113098504863403e-08,1.7772657011866772e-07,-3.345161487030697e-08,2.5445200396112352e-08,-1.0211629557004002e-08,-3.0417122164037955e-08,2.5445200396112352e-08,-1.0211629557004002e-08,-3.0417122164037955e-08,10,False,250.0
b712773f15e0f684,20270301_h250_r0_p90_y80_TPMC_N400000_S101,101,sample,508,triangle_0508,sailWall,-0.11084999999899424,0.20575024765251734,0.3426671331793254,-1.0,-9.19417802893372e-16,2.9356554959445567e-12,0.0011873027599247998,-8.080992028387935e-14,7484.538922892781,-1319.726150268671,8.898688080338607e-09,5.0465105728267856e-08,-9.570568525060489e-09,-1.9695376926544323e-08,2.084419062747059e-09,-7.325605547334935e-09,-1.9695376926544323e-08,2.084419062747059e-09,-7.325605547334935e-09,3,False,250.0
b712773f15e0f684,20270301_h250_r0_p90_y80_TPMC_N400000_S101,101,sample,509,triangle_0509,sailWall,-0.11084999999999821,-0.1087225819646564,0.0006152345045452231,-1.0,6.392605608501183e-16,2.9337797172705346e-12,0.0010128064873025373,-8.080992028387935e-14,7484.538922892781,-1319.726150268671,4.502236122508695e-08,1.5960302795187617e-07,-3.5805016008343904e-08,3.985263964029708e-09,-3.897204336903455e-09,-1.2865660912640599e-08,3.985263964029708e-09,-3.897204336903455e-09,-1.2865660912640599e-08,17,False,250.0
b712773f15e0f684,20270301_h250_r0_p90_y80_TPMC_N400000_S101,101,sample,510,triangle_0510,sailWall,-0.1108500000000018,0.10872258196465627,-0.0006152345038944485,-1.0,7.950763458210079e-16,2.934061505660178e-12,0.0010128064873025369,-8.080992028387935e-14,7484.538922892781,-1319.726150268671,0.0,0.0,0.0,0.0,0.0,0.0,0.0,0.0,0.0,0,True,250.0
b712773f15e0f684,20270301_h250_r0_p90_y80_TPMC_N400000_S101,101,sample,511,triangle_0511,sailWall,-0.11084999999968091,0.0006152345042198811,0.10872258196498175,-1.0,6.228866122806995e-16,2.934130413923437e-12,0.001012806487302538,-8.080992028387935e-14,7484.538922892781,-1319.726150268671,3.788673962330542e-08,2.2991179536901168e-07,-3.319860929659783e-08,-2.4320493625078787e-08,2.6894977569352623e-10,-2.5560416549048972e-08,-2.4320493625078787e-08,2.6894977569352623e-10,-2.5560416549048972e-08,15,False,250.0
b712773f15e0f684,20270301_h250_r0_p90_y80_TPMC_N400000_S101,101,sample,512,triangle_0512,sailWall,-0.11085000000031914,-0.000615234504219891,-0.10872258196433082,-1.0,1.0361465653568096e-15,2.936601198982447e-12,0.0010128064873025373,-8.080992028387935e-14,7484.538922892781,-1319.726150268671,9.656806625786629e-09,5.405316558635381e-08,-6.833198341332109e-09,6.194078530555114e-09,-1.8768062633521074e-09,-5.997987145468851e-09,6.194078530555114e-09,-1.8768062633521074e-09,-5.997987145468851e-09,3,False,250.0
b712773f15e0f684,20270301_h250_r0_p90_y80_TPMC_N400000_S101,101,sample,513,triangle_0513,sailWall,-0.11085000000140073,-0.02349075073409111,-0.4772111577335378,-1.0,-7.397141426647544e-16,2.934177469428598e-12,0.0011255500804920142,-8.080992028387935e-14,7484.538922892781,-1319.726150268671,3.261733551583554e-08,2.2634457592125635e-07,-3.9790908436372143e-08,1.080971862381328e-07,-1.9958989470855018e-08,-2.4549978286858647e-08,1.080971862381328e-07,-1.9958989470855018e-08,-2.4549978286858647e-08,10,False,250.0
b712773f15e0f684,20270301_h250_r0_p90_y80_TPMC_N400000_S101,101,sample,514,triangle_0514,sailWall,-0.11085000000006844,0.47710538460858215,-0.023305156566653162,-1.0,1.0149979643021071e-16,2.9356206857296125e-12,0.0011088894174011586,-8.080992028387935e-14,7484.538922892781,-1319.726150268671,1.0286081593146598e-08,8.261141098444505e-08,-1.9317444866335342e-08,-6.9874309346481565e-09,-2.3751385905969087e-09,-1.3893766309017075e-08,-6.9874309346481565e-09,-2.3751385905969087e-09,-1.3893766309017075e-08,4,False,250.0
b712773f15e0f684,20270301_h250_r0_p90_y80_TPMC_N400000_S101,101,sample,515,triangle_0515,sailWall,-0.1108499999999316,-0.477105384608582,0.023305156567304492,-1.0,1.0785230743903814e-15,2.933930574985582e-12,0.0011088894174011486,-8.080992028387935e-14,7484.538922892781,-1319.726150268671,1.6886304531050927e-08,1.2064934360486137e-07,-2.524534090421143e-08,9.272302869313264e-09,-2.4025958252611242e-09,-5.384861622828713e-09,9.272302869313264e-09,-2.4025958252611242e-09,-5.384861622828713e-09,6,False,250.0
b712773f15e0f684,20270301_h250_r0_p90_y80_TPMC_N400000_S101,101,sample,516,triangle_0516,sailWall,-0.11085000000109409,0.0016549150674001444,-0.37274779501160166,-1.0,-9.044725811757816e-16,2.934127927933504e-12,0.0011539415247701743,-8.080992028387935e-14,7484.538922892781,-1319.726150268671,2.6452748629975488e-08,1.4425823038403508e-07,-3.0611161760995334e-08,5.3611631086551086e-08,-1.3298857502799245e-08,-1.6076721137865792e-08,5.3611631086551086e-08,-1.3298857502799245e-08,-1.6076721137865792e-08,8,False,250.0
b712773f15e0f684,20270301_h250_r0_p90_y80_TPMC_N400000_S101,101,sample,517,triangle_0517,sailWall,-0.11084999999890593,-0.001654912239121193,0.37274779633704797,-1.0,7.087618848173754e-16,2.9350663445505594e-12,0.001153941283423589,-8.080992028387935e-14,7484.538922892781,-1319.726150268671,1.5002977999316856e-08,9.139435533577496e-08,-1.378563171701273e-08,-3.34190547721655e-08,3.943532463932422e-09,-1.023833468882662e-08,-3.34190547721655e-08,3.943532463932422e-09,-1.023833468882662e-08,5,False,250.0
b712773f15e0f684,20270301_h250_r0_p90_y80_TPMC_N400000_S101,101,sample,518,triangle_0518,sailWall,-0.11084999999999513,0.3727477950119269,0.0016549150677260805,-1.0,-6.80938269430267e-16,2.9350878038084616e-12,0.0011539415247701667,-8.080992028387935e-14,7484.538922892781,-1319.726150268671,1.850884736821129e-08,1.315883805075513e-07,-2.3803088000793795e-08,-1.0238214617081734e-08,-2.4128353931672635e-09,-2.147862537338231e-08,-1.0238214617081734e-08,-2.4128353931672635e-09,-2.147862537338231e-08,6,False,250.0
b712773f15e0f684,20270301_h250_r0_p90_y80_TPMC_N400000_S101,101,sample,519,triangle_0519,sailWall,-0.11085000000000485,-0.3727477950119269,-0.0016549150670749715,-1.0,-6.809382694155677e-16,2.935087803808455e-12,0.001153941524770169,-8.080992028387935e-14,7484.538922892781,-1319.726150268671,2.0632318837928367e-08,1.263714645296129e-07,-3.6313367551987215e-08,1.4914912165521137e-08,-4.295517663239522e-09,-6.312417858954821e-09,1.4914912165521137e-08,-4.295517663239522e-09,-6.312417858954821e-09,6,False,250.0
b712773f15e0f684,20270301_h250_r0_p90_y80_TPMC_N400000_S101,101,sample,520,triangle_0520,sailWall,-0.11085000000057277,-0.050468107771532926,-0.19512819970101716,-1.0,3.9755817715979513e-16,2.9334224839700064e-12,0.001082103442923349,-8.080992028387935e-14,7484.538922892781,-1319.726150268671,1.0792623798093152e-08,6.609291492117757e-08,-6.98499379811462e-09,1.285066470700417e-08,-2.8143581762943143e-09,-6.743282825409283e-09,1.285066470700417e-08,-2.8143581762943143e-09,-6.743282825409283e-09,3,False,250.0
b712773f15e0f684,20270301_h250_r0_p90_y80_TPMC_N400000_S101,101,sample,521,triangle_0521,sailWall,-0.11085000000014812,0.19512819970134246,-0.050468107771207436,-1.0,2.2025646141437485e-16,2.935423634405729e-12,0.001082103442923344,-8.080992028387935e-14,7484.538922892781,-1319.726150268671,0.0,0.0,0.0,0.0,0.0,0.0,0.0,0.0,0.0,0,True,250.0
b712773f15e0f684,20270301_h250_r0_p90_y80_TPMC_N400000_S101,101,sample,522,triangle_0522,sailWall,-0.1108499999994273,0.05046810777153301,0.19512819970166792,-1.0,3.6579019129788853e-16,2.935619936686124e-12,0.0010821034429233417,-8.080992028387935e-14,7484.538922892781,-1319.726150268671,1.7972704126243375e-08,1.1513231689639982e-07,-2.0019993584097202e-08,-2.2674035525133322e-08,1.1529799591701229e-09,-1.3782616885203001e-08,-2.2674035525133322e-08,1.1529799591701229e-09,-1.3782616885203001e-08,5,False,250.0
b712773f15e0f684,20270301_h250_r0_p90_y80_TPMC_N400000_S101,101,sample,523,triangle_0523,sailWall,-0.11084999999985186,-0.19512819970134254,0.05046810777185812,-1.0,6.732146389593885e-17,2.93513794490912e-12,0.001082103442923344,-8.080992028387935e-14,7484.538922892781,-1319.726150268671,2.2223148892856203e-08,1.5594070103062692e-07,-2.4312791488488818e-08,-4.902869598383344e-09,-1.2871684475015197e-09,-1.3025571731524624e-08,-4.902869598383344e-09,-1.2871684475015197e-09,-1.3025571731524624e-08,8,False,250.0
b712773f15e0f684,20270301_h250_r0_p90_y80_TPMC_N400000_S101,101,sample,524,triangle_0524,sailWall,-0.1108499999992995,0.02239477645347802,0.23864971611323396,-1.0,-7.692814012806277e-16,2.9364857439666582e-12,0.0012622089827634686,-8.080992028387935e-14,7484.538922892781,-1319.726150268671,2.3277255456841032e-08,1.570126368748622e-07,-2.952311293003486e-08,-3.909464897905297e-08,2.418350094407114e-09,-1.803016015119621e-08,-3.909464897905297e-08,2.418350094407114e-09,-1.803016015119621e-08,9,False,250.0
b712773f15e0f684,20270301_h250_r0_p90_y80_TPMC_N400000_S101,101,sample,525,triangle_0525,sailWall,-0.11084999999993428,-0.23864971611290853,0.022394776453803073,-1.0,-3.347951600236579e-16,2.9353296002193757e-12,0.0012622089827634662,-8.080992028387935e-14,7484.538922892781,-1319.726150268671,2.1663706869509913e-08,1.2427730323602532e-07,-1.3683155038146793e-08,1.0250796183960773e-09,-1.019425640478468e-09,-8.608124490747593e-09,1.0250796183960773e-09,-1.019425640478468e-09,-8.608124490747593e-09,7,False,250.0
b712773f15e0f684,20270301_h250_r0_p90_y80_TPMC_N400000_S101,101,sample,526,triangle_0526,sailWall,-0.11085000000006573,0.2386497161129085,-0.02239477645315237,-0.9999999999999999,-1.8849046744181413e-16,2.935087965809663e-12,0.0012622089827634645,-8.080992028387935e-14,7484.538922892781,-1319.726150268671,0.0,0.0,0.0,0.0,0.0,0.0,0.0,0.0,0.0,0,True,250.0
b712773f15e0f684,20270301_h250_r0_p90_y80_TPMC_N400000_S101,101,sample,527,triangle_0527,sailWall,-0.1108500000007005,-0.022394776453477833,-0.2386497161125832,-1.0,-7.791053300324066e-16,2.9367955291187116e-12,0.0012622089827634604,-8.080992028387935e-14,7484.538922892781,-1319.726150268671,1.4919584570607537e-08,8.535756079408781e-08,-1.853757701177891e-08,2.0477342058931833e-08,-5.620049319894797e-09,-9.311781355879548e-09,2.0477342058931833e-08,-5.620049319894797e-09,-9.311781355879548e-09,5,False,250.0
b712773f15e0f684,20270301_h250_r0_p90_y80_TPMC_N400000_S101,101,sample,528,triangle_0528,sailWall,-0.11084999999864413,0.04893957384941242,0.461934367042895,-1.0,1.7390293627165398e-15,2.9350145205098147e-12,0.0011215586860864129,-8.080992028387935e-14,7484.538922892781,-1319.726150268671,8.769684469080894e-09,7.201918757485959e-08,-1.6918303335254188e-08,-3.464957000268084e-08,2.224480954255152e-09,-8.434609825053318e-09,-3.464957000268084e-08,2.224480954255152e-09,-8.434609825053318e-09,4,False,250.0
b712773f15e0f684,20270301_h250_r0_p90_y80_TPMC_N400000_S101,101,sample,529,triangle_0529,sailWall,-0.11085000000135588,-0.04893989429835758,-0.4619344221710149,-1.0,-2.0962711759416555e-16,2.9338838565034335e-12,0.001121563239217239,-8.080992028387935e-14,7484.538922892781,-1319.726150268671,1.878403119960661e-08,1.2738284442346212e-07,-2.404798725849606e-08,6.042226943260345e-08,-1.1396534666830646e-08,-1.3125872044099071e-08,6.042226943260345e-08,-1.1396534666830646e-08,-1.3125872044099071e-08,7,False,250.0
b712773f15e0f684,20270301_h250_r0_p90_y80_TPMC_N400000_S101,101,sample,530,triangle_0530,sailWall,-0.11085000000014315,0.46182975898771916,-0.04875621583216625,-1.0,-4.3650501048669965e-16,2.934633898298963e-12,0.001113438134526193,-8.080992028387935e-14,7484.538922892781,-1319.726150268671,7.040706093208208e-09,3.2289780676963676e-08,-7.881059605748877e-09,-2.2268204341912187e-09,-1.1947332211531993e-09,-6.861427888426269e-09,-2.2268204341912187e-09,-1.1947332211531993e-09,-6.861427888426269e-09,2,False,250.0
b712773f15e0f684,20270301_h250_r0_p90_y80_TPMC_N400000_S101,101,sample,531,triangle_0531,sailWall,-0.1108499999998569,-0.461829758987719,0.048756215832817494,-1.0,1.4454395370407457e-15,2.9346035588488984e-12,0.0011134381345261862,-8.080992028387935e-14,7484.538922892781,-1319.726150268671,2.1185688730323207e-08,1.3891177149821957e-07,-1.98604635995518e-08,2.9738457041612875e-09,-1.2798009614481865e-09,-5.588197281751362e-09,2.9738457041612875e-09,-1.2798009614481865e-09,-5.588197281751362e-09,7,False,250.0
b712773f15e0f684,20270301_h250_r0_p90_y80_TPMC_N400000_S101,101,sample,532,triangle_0532,sailWall,-0.1108499999989932,-0.053189253244481836,0.34301764751368596,-1.0,-1.435430046290621e-16,2.934326695011037e-12,0.0011661965752241368,-8.080992028387935e-14,7484.538922892781,-1319.726150268671,1.5477822819931093e-08,1.0207031145742698e-07,-1.8180841899203273e-08,-3.403097475049051e-08,3.293879314313011e-09,-1.0579316757516067e-08,-3.403097475049051e-08,3.293879314313011e-09,-1.0579316757516067e-08,6,False,250.0
b712773f15e0f684,20270301_h250_r0_p90_y80_TPMC_N400000_S101,101,sample,533,triangle_0533,sailWall,-0.1108499999998439,0.34301763823979337,0.05318927304275448,-1.0,1.3765333573078064e-15,2.934621047841469e-12,0.0011661971692998004,-8.080992028387935e-14,7484.538922892781,-1319.726150268671,1.708522271628323e-08,1.1248171678226466e-07,-1.957353264490629e-08,-1.2214979649441549e-08,-1.3465575643651448e-09,-1.8335796508483547e-08,-1.2214979649441549e-08,-1.3465575643651448e-09,-1.8335796508483547e-08,6,False,250.0
b712773f15e0f684,20270301_h250_r0_p90_y80_TPMC_N400000_S101,101,sample,534,triangle_0534,sailWall,-0.11085000000015614,-0.3430176382397934,-0.05318927304210358,-1.0,-7.87888471121664e-16,2.934629411389531e-12,0.0011661971692998052,-8.080992028387935e-14,7484.538922892781,-1319.726150268671,1.651358298452621e-08,8.621676719674937e-08,-1.4583327551026237e-08,9.198907658747554e-09,-2.402877231790222e-09,-3.7445750102262014e-09,9.198907658747554e-09,-2.402877231790222e-09,-3.7445750102262014e-09,5,False,250.0
b712773f15e0f684,20270301_h250_r0_p90_y80_TPMC_N400000_S101,101,sample,535,triangle_0535,sailWall,-0.11085000000100687,0.053189273042428896,-0.34301763823946835,-1.0,-1.3749275789305156e-16,2.936182806975164e-12,0.0011661971692998093,-8.080992028387935e-14,7484.538922892781,-1319.726150268671,3.2000380116998435e-08,2.1869720715132847e-07,-3.0186609731362434e-08,7.384012429348698e-08,-1.425707304257763e-08,-2.5731398697356986e-08,7.384012429348698e-08,-1.425707304257763e-08,-2.5731398697356986e-08,10,False,250.0
b712773f15e0f684,20270301_h250_r0_p90_y80_TPMC_N400000_S101,101,sample,536,triangle_0536,sailWall,-0.1108500000011478,-0.12973085775832469,-0.39104224571922835,-1.0,3.2050270834861435e-16,2.9342501671082483e-12,0.0014106005412486498,-8.080992028387935e-14,7484.538922892781,-1319.726150268671,3.3811943459398566e-08,2.342865286576444e-07,-4.03697180419765e-08,9.563023778543691e-08,-1.7499308349372506e-08,-2.1732427624951694e-08,9.563023778543691e-08,-1.7499308349372506e-08,-2.1732427624951694e-08,12,False,250.0
b712773f15e0f684,20270301_h250_r0_p90_y80_TPMC_N400000_S101,101,sample,537,triangle_0537,sailWall,-0.11084999999885224,0.12973085775832555,0.3910422457198787,-1.0,3.2544708402258815e-16,2.9360651513593014e-12,0.0014106005412486428,-8.080992028387935e-14,7484.538922892781,-1319.726150268671,2.3119363026905323e-08,1.402817481431747e-07,-1.4079055837006111e-08,-5.6233907345332275e-08,7.313848476756645e-09,-1.8613278850410615e-08,-5.6233907345332275e-08,7.313848476756645e-09,-1.8613278850410615e-08,8,False,250.0
b712773f15e0f684,20270301_h250_r0_p90_y80_TPMC_N400000_S101,101,sample,538,triangle_0538,sailWall,-0.11084999999961924,-0.3910415443312927,0.12973229144552817,-1.0,-1.4318040936432704e-15,2.9351607316075327e-12,0.0014106021530823475,-8.080992028387935e-14,7484.538922892781,-1319.726150268671,2.6102669699079204e-08,1.5195096164760012e-07,-2.284205358475371e-08,-1.0442107013107116e-08,7.818376450667116e-10,-6.595285861285699e-09,-1.0442107013107116e-08,7.818376450667116e-10,-6.595285861285699e-09,8,False,250.0
b712773f15e0f684,20270301_h250_r0_p90_y80_TPMC_N400000_S101,101,sample,539,triangle_0539,sailWall,-0.1108500000003808,0.39104154433129307,-0.12973229144487708,-1.0,5.412865462012726e-16,2.9354185601775713e-12,0.0014106021530823443,-8.080992028387935e-14,7484.538922892781,-1319.726150268671,2.4576489335654204e-08,1.1635362910611204e-07,-2.1563712357247658e-08,6.037025346622936e-09,-5.488690159515456e-09,-2.2686611585018884e-08,6.037025346622936e-09,-5.488690159515456e-09,-2.2686611585018884e-08,6,False,250.0
b712773f15e0f684,20270301_h250_r0_p90_y80_TPMC_N400000_S101,101,sample,540,triangle_0540,sailWall,-0.11084999999976597,0.0006808898650318418,0.07974185154531598,-1.0,7.33873092914335e-16,2.936347754130811e-12,0.0010702049557881196,-8.080992028387935e-14,7484.538922892781,-1319.726150268671,2.3692152411337907e-08,2.899625170511008e-08,5.076364813641657e-09,-2.4900631711924456e-09,2.3403267284831526e-09,-3.234468769924786e-09,-2.4900631711924456e-09,2.3403267284831526e-09,-3.234468769924786e-09,11,False,250.0
b712773f15e0f684,20270301_h250_r0_p90_y80_TPMC_N400000_S101,101,sample,541,triangle_0541,sailWall,-0.110850000000002,0.07974185154499057,-0.0006808898647064342,-1.0,-2.0204391430571665e-17,2.9341023136243577e-12,0.0010702049557881216,-8.080992028387935e-14,7484.538922892781,-1319.726150268671,0.0,0.0,0.0,0.0,0.0,0.0,0.0,0.0,0.0,0,True,250.0
b712773f15e0f684,20270301_h250_r0_p90_y80_TPMC_N400000_S101,101,sample,542,triangle_0542,sailWall,-0.110849999999998,-0.07974185154499062,0.000680889865357173,-1.0,-1.8218442269032756e-16,2.933820833779158e-12,0.0010702049557881211,-8.080992028387935e-14,7484.538922892781,-1319.726150268671,8.305480838044848e-08,1.6895795911218902e-07,-3.508753953077316e-08,2.5959300427497737e-09,-3.805145164134721e-09,-1.2155465557952313e-08,2.5959300427497737e-09,-3.805145164134721e-09,-1.2155465557952313e-08,31,False,250.0
b712773f15e0f684,20270301_h250_r0_p90_y80_TPMC_N400000_S101,101,sample,543,triangle_0543,sailWall,-0.11085000000023408,-0.0006808898650318302,-0.07974185154466513,-1.0,9.06485150549059e-16,2.9340107621404434e-12,0.0010702049557881166,-8.080992028387935e-14,7484.538922892781,-1319.726150268671,1.5129484075243258e-08,9.160941882765182e-08,-1.9841281015424654e-08,7.2775774805527175e-09,-3.391961007913474e-09,-1.0153235473389645e-08,7.2775774805527175e-09,-3.391961007913474e-09,-1.0153235473389645e-08,6,False,250.0
b712773f15e0f684,20270301_h250_r0_p90_y80_TPMC_N400000_S101,101,sample,544,triangle_0544,sailWall,-0.11085000000036767,0.12319804292817631,-0.12525135777325322,-1.0,-7.460324558313743e-16,2.9354238915169634e-12,0.001007542383261165,-8.080992028387935e-14,7484.538922892781,-1319.726150268671,1.1622323464795265e-08,9.890696394156488e-08,-2.0108296808701158e-08,8.757718533628878e-09,-3.5562590089720116e-09,-1.24603052528886e-08,8.757718533628878e-09,-3.5562590089720116e-09,-1.24603052528886e-08,5,False,250.0
b712773f15e0f684,20270301_h250_r0_p90_y80_TPMC_N400000_S101,101,sample,545,triangle_0545,sailWall,-0.11084999999963845,0.12525135777357868,0.12319804292850138,-1.0,1.7476033457292445e-16,2.9348823565098713e-12,0.0010075423832611727,-8.080992028387935e-14,7484.538922892781,-1319.726150268671,1.1902871969175735e-08,1.0648303365587574e-07,-9.70879809704236e-09,-1.488403868638787e-08,4.522684052741649e-10,-1.3224207793564737e-08,-1.488403868638787e-08,4.522684052741649e-10,-1.3224207793564737e-08,5,False,250.0
b712773f15e0f684,20270301_h250_r0_p90_y80_TPMC_N400000_S101,101,sample,546,triangle_0546,sailWall,-0.11084999999963237,-0.12319804292817617,0.12525135777390392,-1.0,3.0439177208233545e-16,2.9331454556188554e-12,0.0010075423832611686,-8.080992028387935e-14,7484.538922892781,-1319.726150268671,1.8942599976913853e-08,1.540774819750194e-07,-2.3468734748395247e-08,-1.7184528485283195e-08,-1.033653878836655e-10,-1.4694609316279205e-08,-1.7184528485283195e-08,-1.033653878836655e-10,-1.4694609316279205e-08,9,False,250.0
b712773f15e0f684,20270301_h250_r0_p90_y80_TPMC_N400000_S101,101,sample,547,triangle_0547,sailWall,-0.11085000000036165,-0.12525135777357863,-0.12319804292785065,-1.0,-1.8178712354864648e-15,2.9340056441779723e-12,0.001007542383261166,-8.080992028387935e-14,7484.538922892781,-1319.726150268671,2.469059796271722e-08,1.7110914508676214e-07,-3.662251095481808e-08,2.6838398441131857e-08,-7.271155323508154e-09,-1.5723396964948684e-08,2.6838398441131857e-08,-7.271155323508154e-09,-1.5723396964948684e-08,9,False,250.0
b712773f15e0f684,20270301_h250_r0_p90_y80_TPMC_N400000_S101,101,sample,548,triangle_0548,sailWall,-0.11084999999903715,-0.027233032619434373,0.3280508259902686,-1.0,-7.987280194084788e-16,2.9346974123913632e-12,0.0011463479902729494,-8.080992028387935e-14,7484.538922892781,-1319.726150268671,3.640870980995794e-08,2.1831972298412037e-07,-4.1835462265599236e-08,-6.951996310960906e-08,7.128304538610073e-09,-2.3322610282123022e-08,-6.951996310960906e-08,7.128304538610073e-09,-2.3322610282123022e-08,11,False,250.0
b712773f15e0f684,20270301_h250_r0_p90_y80_TPMC_N400000_S101,101,sample,549,triangle_0549,sailWall,-0.11085000000096294,0.027233035447713213,-0.32805082466482227,-1.0,8.246846528132907e-16,2.9356383870124377e-12,0.0011463478888053772,-8.080992028387935e-14,7484.538922892781,-1319.726150268671,1.763357032416639e-08,1.2759774279979738e-07,-1.982825075730317e-08,4.1037000085903447e-08,-7.943731707829139e-09,-1.4654938866728149e-08,4.1037000085903447e-08,-7.943731707829139e-09,-1.4654938866728149e-08,7,False,250.0
b712773f15e0f684,20270301_h250_r0_p90_y80_TPMC_N400000_S101,101,sample,550,triangle_0550,sailWall,-0.11085000000007995,-0.3280508246651476,-0.027233035447387866,-1.0,-5.962599590111854e-16,2.934968084910384e-12,0.0011463478888053694,-8.080992028387935e-14,7484.538922892781,-1319.726150268671,1.7744861577811244e-08,1.0338782555774555e-07,-2.336925486960889e-08,1.0280845216830387e-08,-3.010504133786472e-09,-5.654105837352697e-09,1.0280845216830387e-08,-3.010504133786472e-09,-5.654105837352697e-09,6,False,250.0
b712773f15e0f684,20270301_h250_r0_p90_y80_TPMC_N400000_S101,101,sample,551,triangle_0551,sailWall,-0.11084999999992011,0.3280508246651475,0.027233035448038827,-1.0,1.7283132658453393e-15,2.9352427639883935e-12,0.0011463478888053735,-8.080992028387935e-14,7484.538922892781,-1319.726150268671,1.554896635077779e-08,1.0604611177460546e-07,-1.2983878591083544e-08,-7.590706628860177e-09,-9.406698782196235e-10,-1.6823762119271728e-08,-7.590706628860177e-09,-9.406698782196235e-10,-1.6823762119271728e-08,6,False,250.0
b712773f15e0f684,20270301_h250_r0_p90_y80_TPMC_N400000_S101,101,sample,552,triangle_0552,sailWall,-0.11085000000000463,-0.3429622314078649,-0.001569278600596671,-1.0,-6.65624451816992e-16,2.9350877888967576e-12,0.001153744925396247,-8.080992028387935e-14,7484.538922892781,-1319.726150268671,3.081261536067054e-08,1.9816066287670357e-07,-4.265946347901453e-08,1.587417285628911e-08,-4.9579762234964395e-09,-1.1440529844056098e-08,1.587417285628911e-08,-4.9579762234964395e-09,-1.1440529844056098e-08,12,False,250.0
b712773f15e0f684,20270301_h250_r0_p90_y80_TPMC_N400000_S101,101,sample,553,triangle_0553,sailWall,-0.1108500000010067,0.0015692786009219525,-0.3429622314075396,-1.0,-9.039771835888786e-16,2.9346366847705336e-12,0.001153744925396254,-8.080992028387935e-14,7484.538922892781,-1319.726150268671,1.1206036377920915e-08,8.390241377051012e-08,-1.79450345265893e-08,2.964045150901605e-08,-5.97498689929545e-09,-9.407828372255757e-09,2.964045150901605e-08,-5.97498689929545e-09,-9.407828372255757e-09,4,False,250.0
b712773f15e0f684,20270301_h250_r0_p90_y80_TPMC_N400000_S101,101,sample,554,triangle_0554,sailWall,-0.11084999999899336,-0.00156927577264308,0.3429622327329858,-1.0,7.092535587847816e-16,2.935571237373608e-12,0.0011537447871439593,-8.080992028387935e-14,7484.538922892781,-1319.726150268671,2.0066406572997602e-08,1.1236910183804168e-07,-2.0510489372453394e-08,-3.902238878991047e-08,4.746647598267868e-09,-1.2145338831706994e-08,-3.902238878991047e-08,4.746647598267868e-09,-1.2145338831706994e-08,6,False,250.0
b712773f15e0f684,20270301_h250_r0_p90_y80_TPMC_N400000_S101,101,sample,555,triangle_0555,sailWall,-0.1108499999999954,0.34296223140786486,0.001569278601247669,-1.0,1.8195184391862706e-15,2.9350853690102837e-12,0.0011537449253962474,-8.080992028387935e-14,7484.538922892781,-1319.726150268671,5.3440171742475476e-09,3.604473279956812e-08,-8.671419870330549e-09,-3.523690455649361e-09,-8.782719558490959e-10,-5.836751120421847e-09,-3.523690455649361e-09,-8.782719558490959e-10,-5.836751120421847e-09,2,False,250.0
b712773f15e0f684,20270301_h250_r0_p90_y80_TPMC_N400000_S101,101,sample,556,triangle_0556,sailWall,-0.11084999999899427,-0.15584572031981572,0.3426444256030912,-1.0,3.947674774857781e-16,2.9353013204268122e-12,0.0011479104305855711,-8.080992028387935e-14,7484.538922892781,-1319.726150268671,1.2004133242419636e-08,8.996374330219498e-08,-1.3038145276777687e-08,-2.9567859210474246e-08,2.7959949155826863e-09,-8.172388811526959e-09,-2.9567859210474246e-08,2.7959949155826863e-09,-8.172388811526959e-09,5,False,250.0
b712773f15e0f684,20270301_h250_r0_p90_y80_TPMC_N400000_S101,101,sample,557,triangle_0557,sailWall,-0.11085000000100574,0.15584572031981644,-0.3426444256024395,-1.0,3.9476747747630303e-16,2.93530132042681e-12,0.0011479104305855683,-8.080992028387935e-14,7484.538922892781,-1319.726150268671,1.640448969792188e-08,8.941232995442893e-08,-1.458797169620657e-08,2.8403052760514854e-08,-7.214550500481488e-09,-1.2309987251254165e-08,2.8403052760514854e-08,-7.214550500481488e-09,-1.2309987251254165e-08,5,False,250.0
b712773f15e0f684,20270301_h250_r0_p90_y80_TPMC_N400000_S101,101,sample,558,triangle_0558,sailWall,-0.11085000000045743,-0.3426444256027645,-0.15584572031949098,-0.9999999999999999,-7.407710984055946e-16,2.934947822592673e-12,0.0011479104305855735,-8.080992028387935e-14,7484.538922892781,-1319.726150268671,1.3945989979314759e-08,8.716719828192007e-08,-1.0654490599425756e-08,1.6834856604248577e-08,-3.2887895318863605e-09,-4.73124895881267e-09,1.6834856604248577e-08,-3.2887895318863605e-09,-4.73124895881267e-09,5,False,250.0
b712773f15e0f684,20270301_h250_r0_p90_y80_TPMC_N400000_S101,101,sample,559,triangle_0559,sailWall,-0.11084999999954255,0.3426444256027645,0.15584572032014166,-1.0,-7.407710984028566e-16,2.9349478225926904e-12,0.0011479104305855566,-8.080992028387935e-14,7484.538922892781,-1319.726150268671,1.3807481686176881e-08,9.012070444016887e-08,-1.858638426472814e-08,-2.1186860809297988e-08,2.057276312788381e-10,-1.4721218390373725e-08,-2.1186860809297988e-08,2.057276312788381e-10,-1.4721218390373725e-08,5,False,250.0
b712773f15e0f684,20270301_h250_r0_p90_y80_TPMC_N400000_S101,101,sample,560,triangle_0560,sailWall,-0.11085000000108862,-0.20511745307837792,-0.3708736677718039,-1.0,9.563700162551047e-16,2.933946172381534e-12,0.001003197978094086,-8.080992028387935e-14,7484.538922892781,-1319.726150268671,1.4437849682373913e-08,9.617994041580962e-08,-2.2459098546963374e-08,3.98345816068615e-08,-7.787863693940564e-09,-7.71842904697254e-09,3.98345816068615e-08,-7.787863693940564e-09,-7.71842904697254e-09,5,False,250.0
b712773f15e0f684,20270301_h250_r0_p90_y80_TPMC_N400000_S101,101,sample,561,triangle_0561,sailWall,-0.11085000000060206,0.3708735592359827,-0.20511758953560336,-1.0,1.280819187590427e-15,2.9337990184926757e-12,0.001003189552641697,-8.080992028387935e-14,7484.538922892781,-1319.726150268671,1.882262259999055e-08,1.2943255116924328e-07,-1.8629791827364334e-08,1.924290104755729e-08,-5.874889392481178e-09,-2.1298530597201377e-08,1.924290104755729e-08,-5.874889392481178e-09,-2.1298530597201377e-08,7,False,250.0
b712773f15e0f684,20270301_h250_r0_p90_y80_TPMC_N400000_S101,101,sample,562,triangle_0562,sailWall,-0.11084999999939797,-0.3708735592359819,0.2051175895362544,-1.0,-1.385013207553751e-16,2.9359438754330467e-12,0.0010031895526416946,-8.080992028387935e-14,7484.538922892781,-1319.726150268671,8.75811864539196e-09,4.8211016240262496e-08,-8.446705039965246e-09,-6.516222377133309e-09,8.336947186017026e-10,-2.0304467152097065e-09,-6.516222377133309e-09,8.336947186017026e-10,-2.0304467152097065e-09,3,False,250.0
b712773f15e0f684,20270301_h250_r0_p90_y80_TPMC_N400000_S101,101,sample,563,triangle_0563,sailWall,-0.11084999999891143,0.2051174530783786,0.370873667772454,-1.0,-9.195626986449608e-16,2.935210985631985e-12,0.0010031979780940736,-8.080992028387935e-14,7484.538922892781,-1319.726150268671,1.645552107752332e-08,8.256701168632028e-08,-1.4557772833568327e-08,-3.3899361231556795e-08,4.565252906868225e-09,-1.2486788461912285e-08,-3.3899361231556795e-08,4.565252906868225e-09,-1.2486788461912285e-08,4,False,250.0
b712773f15e0f684,20270301_h250_r0_p90_y80_TPMC_N400000_S101,101,sample,564,triangle_0564,sailWall,-0.11084999999899336,-0.10455724562560322,0.3429585401406823,-1.0,-1.046246632839007e-15,2.9358601648730783e-12,0.0011234075487827158,-8.080992028387935e-14,7484.538922892781,-1319.726150268671,2.757185559244218e-08,1.5551888623817859e-07,-2.681510276076623e-08,-5.020419211806456e-08,6.47121736685527e-09,-1.4198203791166257e-08,-5.020419211806456e-08,6.47121736685527e-09,-1.4198203791166257e-08,8,False,250.0
b712773f15e0f684,20270301_h250_r0_p90_y80_TPMC_N400000_S101,101,sample,565,triangle_0565,sailWall,-0.11085000000100666,0.10455726259527225,-0.3429585321912596,-1.0,8.560619208269559e-16,2.936979672807524e-12,0.001123406121151018,-8.080992028387935e-14,7484.538922892781,-1319.726150268671,1.3296096539148537e-08,8.549602311957391e-08,-1.1988561219960556e-08,2.7967594351286886e-08,-5.831798180744932e-09,-1.0806353967535597e-08,2.7967594351286886e-08,-5.831798180744932e-09,-1.0806353967535597e-08,4,False,250.0
b712773f15e0f684,20270301_h250_r0_p90_y80_TPMC_N400000_S101,101,sample,566,triangle_0566,sailWall,-0.11085000000030691,-0.3429585321915847,-0.10455726259494678,-1.0,-1.142369865761003e-15,2.9352995329456392e-12,0.0011234061211510024,-8.080992028387935e-14,7484.538922892781,-1319.726150268671,4.2344249001129136e-08,2.436385663535623e-07,-3.586604934378064e-08,3.788309536237326e-08,-8.409110943218241e-09,-1.233958397426551e-08,3.788309536237326e-08,-8.409110943218241e-09,-1.233958397426551e-08,15,False,250.0
b712773f15e0f684,20270301_h250_r0_p90_y80_TPMC_N400000_S101,101,sample,567,triangle_0567,sailWall,-0.11084999999969314,0.3429585321915844,0.10455726259559765,-0.9999999999999999,1.049389099958577e-15,2.9353297435714734e-12,0.0011234061211510035,-8.080992028387935e-14,7484.538922892781,-1319.726150268671,1.93365099993722e-08,1.5199705373861388e-07,-3.869845533117817e-08,-2.968373478439774e-08,-2.1486585050913474e-09,-2.3539847059761174e-08,-2.968373478439774e-08,-2.1486585050913474e-09,-2.3539847059761174e-08,7,False,250.0
b712773f15e0f684,20270301_h250_r0_p90_y80_TPMC_N400000_S101,101,sample,568,triangle_0568,sailWall,-0.11084999999903745,-0.13001417790202768,0.32793004779877893,-1.0,-8.107674225673748e-16,2.9359987443079373e-12,0.0011387212767606924,-8.080992028387935e-14,7484.538922892781,-1319.726150268671,2.7002530820201216e-08,1.417361997269173e-07,-2.8640328148576318e-08,-4.219025707277034e-08,5.669885812112562e-09,-1.196984851954017e-08,-4.219025707277034e-08,5.669885812112562e-09,-1.196984851954017e-08,8,False,250.0
b712773f15e0f684,20270301_h250_r0_p90_y80_TPMC_N400000_S101,101,sample,569,triangle_0569,sailWall,-0.11085000000096253,0.13001417790202838,-0.32793004779812734,-1.0,-8.107674225831995e-16,2.9359987443079393e-12,0.0011387212767606893,-8.080992028387935e-14,7484.538922892781,-1319.726150268671,1.8830756543685878e-08,1.3169014990195768e-07,-2.8853875941495357e-08,3.851922585913907e-08,-9.24597180116603e-09,-1.7091822065348295e-08,3.851922585913907e-08,-9.24597180116603e-09,-1.7091822065348295e-08,6,False,250.0
b712773f15e0f684,20270301_h250_r0_p90_y80_TPMC_N400000_S101,101,sample,570,triangle_0570,sailWall,-0.11085000000038163,-0.32793004779845236,-0.1300141779017029,-1.0,-8.372474934921479e-16,2.934781057925652e-12,0.0011387212767606854,-8.080992028387935e-14,7484.538922892781,-1319.726150268671,2.8831636737825055e-08,2.325389863705385e-07,-4.177938991463606e-08,4.2808352909761827e-08,-8.186693371090859e-09,-1.61665969803722e-08,4.2808352909761827e-08,-8.186693371090859e-09,-1.61665969803722e-08,11,False,250.0
b712773f15e0f684,20270301_h250_r0_p90_y80_TPMC_N400000_S101,101,sample,571,triangle_0571,sailWall,-0.1108499999996184,0.3279300477984523,0.13001417790235373,-1.0,2.5807241526545207e-16,2.9366743776304638e-12,0.0011387212767606711,-8.080992028387935e-14,7484.538922892781,-1319.726150268671,1.910208427759837e-08,1.2698193011283935e-07,-1.9840415104950586e-08,-2.3795929139183604e-08,4.0569738409586366e-10,-2.0247696315435125e-08,-2.3795929139183604e-08,4.0569738409586366e-10,-2.0247696315435125e-08,6,False,250.0
b712773f15e0f684,20270301_h250_r0_p90_y80_TPMC_N400000_S101,101,sample,572,triangle_0572,sailWall,-0.11085000000014543,0.2835491108651846,-0.04954340051391176,-1.0,4.928672348901861e-16,2.935611484514459e-12,0.0011572500907060638,-8.080992028387935e-14,7484.538922892781,-1319.726150268671,0.0,0.0,0.0,0.0,0.0,0.0,0.0,0.0,0.0,0,True,250.0
b712773f15e0f684,20270301_h250_r0_p90_y80_TPMC_N400000_S101,101,sample,573,triangle_0573,sailWall,-0.11084999999985456,-0.2835491108651845,0.0495434005145625,-1.0,4.928672349033071e-16,2.9356114845144563e-12,0.0011572500907060664,-8.080992028387935e-14,7484.538922892781,-1319.726150268671,1.0220901277655518e-08,8.820133253991385e-08,-1.971400120521044e-08,3.347068457954187e-10,-1.5912506722889226e-09,-6.924517690920511e-09,3.347068457954187e-10,-1.5912506722889226e-09,-6.924517690920511e-09,5,False,250.0
b712773f15e0f684,20270301_h250_r0_p90_y80_TPMC_N400000_S101,101,sample,574,triangle_0574,sailWall,-0.1108500000008323,-0.04954340051423733,-0.2835491108648591,-1.0,-5.625719585466776e-16,2.9339379485172678e-12,0.001157250090706068,-8.080992028387935e-14,7484.538922892781,-1319.726150268671,2.4266735457330062e-08,1.5738315817537374e-07,-3.0190333080066e-08,4.644582040222719e-08,-1.0274376106780488e-08,-1.64374871544608e-08,4.644582040222719e-08,-1.0274376106780488e-08,-1.64374871544608e-08,8,False,250.0
b712773f15e0f684,20270301_h250_r0_p90_y80_TPMC_N400000_S101,101,sample,575,triangle_0575,sailWall,-0.11084999999916771,0.04954337894975782,0.2835491309615397,-1.0,-5.678913156524377e-16,2.9342516499112797e-12,0.0011572478513112597,-8.080992028387935e-14,7484.538922892781,-1319.726150268671,2.5071230010995408e-08,1.5315977479495048e-07,-2.977588963289432e-08,-4.580910398148369e-08,3.974548011806277e-09,-1.8217622404226354e-08,-4.580910398148369e-08,3.974548011806277e-09,-1.8217622404226354e-08,8,False,250.0
b712773f15e0f684,20270301_h250_r0_p90_y80_TPMC_N400000_S101,101,sample,576,triangle_0576,sailWall,-0.11084999999962693,0.24037664007000648,0.12710729130272092,-0.9999999999999999,-1.1846905895508634e-15,2.935062910642071e-12,0.0011596402288394229,-8.080992028387935e-14,7484.538922892781,-1319.726150268671,2.82185423249055e-08,1.6678110015582493e-07,-3.6323145481770434e-08,-2.9506627661965408e-08,-4.896114168206197e-10,-2.512769513933562e-08,-2.9506627661965408e-08,-4.896114168206197e-10,-2.512769513933562e-08,9,False,250.0
b712773f15e0f684,20270301_h250_r0_p90_y80_TPMC_N400000_S101,101,sample,577,triangle_0577,sailWall,-0.11084999999929446,-0.1271072913023954,0.2403766400703324,-1.0,1.1138409688148586e-15,2.936829433566773e-12,0.00115964022883944,-8.080992028387935e-14,7484.538922892781,-1319.726150268671,1.0944489225801805e-08,8.664969687182148e-08,-1.558386521257152e-08,-1.9203749235579037e-08,9.648203347254914e-10,-8.240549578243976e-09,-1.9203749235579037e-08,9.648203347254914e-10,-8.240549578243976e-09,5,False,250.0
b712773f15e0f684,20270301_h250_r0_p90_y80_TPMC_N400000_S101,101,sample,578,triangle_0578,sailWall,-0.11085000000070555,0.12710729130239565,-0.2403766400696811,-1.0,-7.283606136184893e-16,2.9358501124313884e-12,0.0011596402288394365,-8.080992028387935e-14,7484.538922892781,-1319.726150268671,1.1749143355962184e-08,8.734202938766635e-08,-1.4139149927250223e-08,1.897736087180448e-08,-4.379311056424017e-09,-1.1272788018700434e-08,1.897736087180448e-08,-4.379311056424017e-09,-1.1272788018700434e-08,4,False,250.0
b712773f15e0f684,20270301_h250_r0_p90_y80_TPMC_N400000_S101,101,sample,579,triangle_0579,sailWall,-0.11085000000037311,-0.24037664007000636,-0.12710729130207007,-1.0,1.2722059335846078e-15,2.9346809114898767e-12,0.0011596402288394279,-8.080992028387935e-14,7484.538922892781,-1319.726150268671,2.460200092637305e-08,1.4167756167687607e-07,-2.992324401618887e-08,2.386556774316789e-08,-6.22438734820763e-09,-9.808281917546876e-09,2.386556774316789e-08,-6.22438734820763e-09,-9.808281917546876e-09,8,False,250.0
b712773f15e0f684,20270301_h250_r0_p90_y80_TPMC_N400000_S101,101,sample,580,triangle_0580,sailWall,-0.11085000000122569,0.027733419866264142,-0.4175836757550329,-1.0,-1.186370947505308e-15,2.935013186530099e-12,0.0011594562265844846,-8.080992028387935e-14,7484.538922892781,-1319.726150268671,1.979084627701642e-08,1.3311085402950367e-07,-1.2094541920904286e-08,5.554197362319576e-08,-9.617574276936011e-09,-1.5238163463682097e-08,5.554197362319576e-08,-9.617574276936011e-09,-1.5238163463682097e-08,8,False,250.0
b712773f15e0f684,20270301_h250_r0_p90_y80_TPMC_N400000_S101,101,sample,581,triangle_0581,sailWall,-0.11084999999877433,-0.02773312361860632,0.4175835612735394,-1.0,4.1264932621795655e-16,2.9362568236108964e-12,0.0011594447579707603,-8.080992028387935e-14,7484.538922892781,-1319.726150268671,1.3375782857939134e-08,6.957718293581951e-08,-1.618217596196514e-08,-2.9020467674806235e-08,3.909634100915882e-09,-7.2953643705665916e-09,-2.9020467674806235e-08,3.909634100915882e-09,-7.2953643705665916e-09,4,False,250.0
b712773f15e0f684,20270301_h250_r0_p90_y80_TPMC_N400000_S101,101,sample,582,triangle_0582,sailWall,-0.11085000000008143,-0.417583587026833,-0.027733265104077493,-1.0,6.228584663647963e-16,2.936514936225686e-12,0.001159449275361108,-8.080992028387935e-14,7484.538922892781,-1319.726150268671,2.9718103912927324e-08,2.122188998835109e-07,-3.415106214137711e-08,1.9903741821855972e-08,-4.707629511708255e-09,-1.1176455689755773e-08,1.9903741821855972e-08,-4.707629511708255e-09,-1.1176455689755773e-08,11,False,250.0
b712773f15e0f684,20270301_h250_r0_p90_y80_TPMC_N400000_S101,101,sample,583,triangle_0583,sailWall,-0.11084999999991862,0.4175836757553577,0.02773341986659041,-1.0,-7.492195512946898e-16,2.934619699566717e-12,0.001159456226584478,-8.080992028387935e-14,7484.538922892781,-1319.726150268671,1.948743375783409e-08,1.321413274710738e-07,-1.9422595853445875e-08,-1.257032118048311e-08,-1.4992778304544318e-09,-2.289689266800163e-08,-1.257032118048311e-08,-1.4992778304544318e-09,-2.289689266800163e-08,6,False,250.0
b712773f15e0f684,20270301_h250_r0_p90_y80_TPMC_N400000_S101,101,sample,584,triangle_0584,sailWall,-0.11085000000044458,-0.025336938425290823,-0.15145198425447637,-1.0,-1.3809974452072395e-15,2.935840468280639e-12,0.0010762221629831278,-8.080992028387935e-14,7484.538922892781,-1319.726150268671,1.2366801495842344e-08,6.611370491060242e-08,-1.659661755632652e-08,1.0411906185469094e-08,-3.6973395261505444e-09,-7.03681215509408e-09,1.0411906185469094e-08,-3.6973395261505444e-09,-7.03681215509408e-09,4,False,250.0
b712773f15e0f684,20270301_h250_r0_p90_y80_TPMC_N400000_S101,101,sample,585,triangle_0585,sailWall,-0.11084999999955551,0.02533693842529076,0.1514519842551272,-1.0,8.392724509963929e-16,2.9348026315526084e-12,0.0010762221629831224,-8.080992028387935e-14,7484.538922892781,-1319.726150268671,1.373827091369047e-08,7.327206647734438e-08,-9.087789796514722e-09,-1.2243540133350386e-08,1.2165866893650261e-09,-8.504179872497048e-09,-1.2243540133350386e-08,1.2165866893650261e-09,-8.504179872497048e-09,5,False,250.0
b712773f15e0f684,20270301_h250_r0_p90_y80_TPMC_N400000_S101,101,sample,586,triangle_0586,sailWall,-0.11084999999992563,-0.15145198425480186,0.025336938425616056,-1.0,-2.316160567251813e-16,2.9358788043595225e-12,0.0010762221629831202,-8.080992028387935e-14,7484.538922892781,-1319.726150268671,4.1780443623550854e-08,2.054754525020568e-07,-3.7060294785190215e-08,6.74892329104303e-10,-3.1265812022327414e-09,-1.6385697029570444e-08,6.74892329104303e-10,-3.1265812022327414e-09,-1.6385697029570444e-08,13,False,250.0
b712773f15e0f684,20270301_h250_r0_p90_y80_TPMC_N400000_S101,101,sample,587,triangle_0587,sailWall,-0.11085000000007438,0.15145198425480175,-0.025336938424965334,-1.0,-6.142463177396873e-17,2.936156684760171e-12,0.0010762221629831263,-8.080992028387935e-14,7484.538922892781,-1319.726150268671,0.0,0.0,0.0,0.0,0.0,0.0,0.0,0.0,0.0,0,True,250.0
b712773f15e0f684,20270301_h250_r0_p90_y80_TPMC_N400000_S101,101,sample,588,triangle_0588,sailWall,-0.11085000000014571,0.2540025732187356,-0.04963481874218493,-1.0,-5.017928066012028e-16,2.9356054107695612e-12,0.0011466460733592302,-8.080992028387935e-14,7484.538922892781,-1319.726150268671,0.0,0.0,0.0,0.0,0.0,0.0,0.0,0.0,0.0,0,True,250.0
b712773f15e0f684,20270301_h250_r0_p90_y80_TPMC_N400000_S101,101,sample,589,triangle_0589,sailWall,-0.11085000000074557,-0.04963481874251043,-0.2540025732184102,-1.0,-5.807547093006595e-16,2.936915626362409e-12,0.0011466460733592229,-8.080992028387935e-14,7484.538922892781,-1319.726150268671,2.412756024563843e-08,1.6526443029614973e-07,-3.574262410228577e-08,4.33013045945813e-08,-1.0034146668621588e-08,-1.7182739675508777e-08,4.33013045945813e-08,-1.0034146668621588e-08,-1.7182739675508777e-08,8,False,250.0
b712773f15e0f684,20270301_h250_r0_p90_y80_TPMC_N400000_S101,101,sample,590,triangle_0590,sailWall,-0.1108499999998543,-0.25400257321873554,0.04963481874283562,-1.0,-5.017928066025789e-16,2.935605410769558e-12,0.0011466460733592298,-8.080992028387935e-14,7484.538922892781,-1319.726150268671,1.810715046376867e-08,1.0488366167696598e-07,-1.4243370990233837e-08,-1.7716687622902865e-09,-6.16804408319595e-10,-6.9618893998035835e-09,-1.7716687622902865e-09,-6.16804408319595e-10,-6.9618893998035835e-09,6,False,250.0
b712773f15e0f684,20270301_h250_r0_p90_y80_TPMC_N400000_S101,101,sample,591,triangle_0591,sailWall,-0.11084999999925443,0.049634797178030744,0.25400259331509073,-0.9999999999999999,-5.822278097970464e-16,2.936599001090221e-12,0.0011466454538204514,-8.080992028387935e-14,7484.538922892781,-1319.726150268671,2.5416261273794048e-08,1.3089381018217421e-07,-2.9254819916877376e-08,-3.450952272041704e-08,3.2259605274444648e-09,-1.5661758656547748e-08,-3.450952272041704e-08,3.2259605274444648e-09,-1.5661758656547748e-08,7,False,250.0
b712773f15e0f684,20270301_h250_r0_p90_y80_TPMC_N400000_S101,101,sample,592,triangle_0592,sailWall,-0.11085000000070266,-0.0753642158594559,-0.23938710376879668,-1.0,1.7042973335818643e-15,2.935606213000101e-12,0.00111814749624301,-8.080992028387935e-14,7484.538922892781,-1319.726150268671,1.806201662447795e-08,8.59817640931828e-08,-1.8963563343809962e-08,2.1316078383279942e-08,-6.240488157248118e-09,-8.085816797454343e-09,2.1316078383279942e-08,-6.240488157248118e-09,-8.085816797454343e-09,5,False,250.0
b712773f15e0f684,20270301_h250_r0_p90_y80_TPMC_N400000_S101,101,sample,593,triangle_0593,sailWall,-0.11085000000022123,0.23938710376912206,-0.07536421585913036,-1.0,-6.700392082867915e-17,2.9363641591222635e-12,0.001118147496243013,-8.080992028387935e-14,7484.538922892781,-1319.726150268671,9.344392952077493e-09,3.8477716604055377e-08,-1.2911747718844251e-09,2.7542090685819597e-09,-8.864035800013364e-10,-6.5283635692389404e-09,2.7542090685819597e-09,-8.864035800013364e-10,-6.5283635692389404e-09,2,False,250.0
b712773f15e0f684,20270301_h250_r0_p90_y80_TPMC_N400000_S101,101,sample,594,triangle_0594,sailWall,-0.1108499999997788,-0.23938710376912198,0.07536421585978102,-1.0,-1.3264705948227222e-15,2.9341662688462093e-12,0.0011181474962430043,-8.080992028387935e-14,7484.538922892781,-1319.726150268671,2.3910973887766755e-08,1.7808988261009406e-07,-3.4665683363297535e-08,-5.423142062652849e-09,-2.0105993038642506e-09,-1.3966043217706171e-08,-5.423142062652849e-09,-2.0105993038642506e-09,-1.3966043217706171e-08,9,False,250.0
b712773f15e0f684,20270301_h250_r0_p90_y80_TPMC_N400000_S101,101,sample,595,triangle_0595,sailWall,-0.11084999999929736,0.07536419429497611,0.23938712386547714,-1.0,-4.929158537772391e-16,2.9365478224697983e-12,0.0011181490242585927,-8.080992028387935e-14,7484.538922892781,-1319.726150268671,2.8463882485287173e-08,1.9090976098053078e-07,-3.0248640610990216e-08,-4.818095527038748e-08,3.5177826919705188e-09,-2.3290135804462357e-08,-4.818095527038748e-08,3.5177826919705188e-09,-2.3290135804462357e-08,11,False,250.0
b712773f15e0f684,20270301_h250_r0_p90_y80_TPMC_N400000_S101,101,sample,596,triangle_0596,sailWall,-0.11084999999970442,-0.19536776769664313,0.10070600237279005,-1.0,8.266281750065506e-16,2.9345247085255036e-12,0.0011260553027458006,-8.080992028387935e-14,7484.538922892781,-1319.726150268671,1.470000994574385e-08,8.07920511211488e-08,-1.7284159263406397e-08,-4.308425760002426e-09,-4.943113708880246e-10,-6.106584711775876e-09,-4.308425760002426e-09,-4.943113708880246e-10,-6.106584711775876e-09,5,False,250.0
b712773f15e0f684,20270301_h250_r0_p90_y80_TPMC_N400000_S101,101,sample,597,triangle_0597,sailWall,-0.1108500000002956,0.1953677676966431,-0.1007060023721394,-1.0,-1.381165406731966e-15,2.9345288823880616e-12,0.0011260553027458004,-8.080992028387935e-14,7484.538922892781,-1319.726150268671,6.64266086462412e-09,5.5084353195625636e-08,-8.298770901102557e-09,3.783092518976011e-09,-1.605942985258754e-09,-7.427028523492172e-09,3.783092518976011e-09,-1.605942985258754e-09,-7.427028523492172e-09,3,False,250.0
b712773f15e0f684,20270301_h250_r0_p90_y80_TPMC_N400000_S101,101,sample,598,triangle_0598,sailWall,-0.11084999999942662,0.10070598130948465,0.19536778732564886,-1.0,-4.195882162433171e-16,2.9350892308397406e-12,0.0011260531641926505,-8.080992028387935e-14,7484.538922892781,-1319.726150268671,1.662226860313622e-08,1.2870443312208648e-07,-2.221336665502025e-08,-2.7029201962870686e-08,7.450531587153156e-10,-1.5914680232277522e-08,-2.7029201962870686e-08,7.450531587153156e-10,-1.5914680232277522e-08,6,False,250.0
b712773f15e0f684,20270301_h250_r0_p90_y80_TPMC_N400000_S101,101,sample,599,triangle_0599,sailWall,-0.1108500000005735,-0.10070600237246496,-0.1953677676963177,-1.0,-1.447770754561131e-16,2.935245729620504e-12,0.0011260553027458047,-8.080992028387935e-14,7484.538922892781,-1319.726150268671,2.5303768724670324e-08,1.367594147922421e-07,-2.8353638122408368e-08,2.899157598744968e-08,-7.943757417923494e-09,-1.272633462410183e-08,2.899157598744968e-08,-7.943757417923494e-09,-1.272633462410183e-08,9,False,250.0
b712773f15e0f684,20270301_h250_r0_p90_y80_TPMC_N400000_S101,101,sample,600,triangle_0600,sailWall,-0.11084999999970459,-0.16627329595256454,0.10063873816914505,-1.0,1.298270086800882e-15,2.9345238168803172e-12,0.0011076893862143476,-8.080992028387935e-14,7484.538922892781,-1319.726150268671,2.864200590638928e-08,1.9550366415414967e-07,-3.871499440014135e-08,-1.1870930743193744e-08,-1.5563723279382952e-09,-1.6806374801067006e-08,-1.1870930743193744e-08,-1.5563723279382952e-09,-1.6806374801067006e-08,9,False,250.0
b712773f15e0f684,20270301_h250_r0_p90_y80_TPMC_N400000_S101,101,sample,601,triangle_0601,sailWall,-0.1108500000004881,-0.10063873816881985,-0.16627329595223903,-1.0,-1.4479462925300933e-16,2.935236444417864e-12,0.0011076893862143502,-8.080992028387935e-14,7484.538922892781,-1319.726150268671,2.0026658125172406e-08,1.3722336412136985e-07,-1.950898398790213e-08,2.6111936284434615e-08,-5.687540422731693e-09,-1.3030269740025193e-08,2.6111936284434615e-08,-5.687540422731693e-09,-1.3030269740025193e-08,6,False,250.0
b712773f15e0f684,20270301_h250_r0_p90_y80_TPMC_N400000_S101,101,sample,602,triangle_0602,sailWall,-0.110849999999512,0.10063871710583956,0.16627331558157024,-1.0,-4.190070725497227e-16,2.9353968176366397e-12,0.0011076887611528293,-8.080992028387935e-14,7484.538922892781,-1319.726150268671,1.3427148878433674e-08,9.092283034022527e-08,-2.2431455421674564e-08,-1.7353955087664366e-08,-2.716857959629755e-10,-1.1454010879565052e-08,-1.7353955087664366e-08,-2.716857959629755e-10,-1.1454010879565052e-08,4,False,250.0
b712773f15e0f684,20270301_h250_r0_p90_y80_TPMC_N400000_S101,101,sample,603,triangle_0603,sailWall,-0.11085000000029539,0.16627329595256457,-0.1006387381684944,-1.0,9.776415654503037e-16,2.934524423032714e-12,0.0011076893862143474,-8.080992028387935e-14,7484.538922892781,-1319.726150268671,8.500029325913895e-09,5.6982448530550605e-08,-5.181005576650291e-09,4.650621849394491e-09,-1.4086299194852579e-09,-7.75515902964134e-09,4.650621849394491e-09,-1.4086299194852579e-09,-7.75515902964134e-09,3,False,250.0
b712773f15e0f684,20270301_h250_r0_p90_y80_TPMC_N400000_S101,101,sample,604,triangle_0604,sailWall,-0.11084999999917226,-0.20694434845841422,0.2820065619001139,-0.9999999999999999,3.931970360592837e-17,2.9346056540951774e-12,0.0011449459929167552,-8.080992028387935e-14,7484.538922892781,-1319.726150268671,2.7923077163529643e-08,1.5623014688815242e-07,-2.0345584680663152e-08,-4.029899962740272e-08,5.6758919409655666e-09,-1.1768316223994961e-08,-4.029899962740272e-08,5.6758919409655666e-09,-1.1768316223994961e-08,8,False,250.0
b712773f15e0f684,20270301_h250_r0_p90_y80_TPMC_N400000_S101,101,sample,605,triangle_0605,sailWall,-0.11085000000082773,0.20694434845841447,-0.2820065618994623,-1.0,3.9319703610105325e-17,2.934605654095161e-12,0.0011449459929167574,-8.080992028387935e-14,7484.538922892781,-1319.726150268671,1.9372085788889393e-08,1.450433213124172e-07,-1.2014195716766212e-08,3.7617817947040894e-08,-6.719888964520063e-09,-2.021526283359181e-08,3.7617817947040894e-08,-6.719888964520063e-09,-2.021526283359181e-08,7,False,250.0
b712773f15e0f684,20270301_h250_r0_p90_y80_TPMC_N400000_S101,101,sample,606,triangle_0606,sailWall,-0.11085000000060746,-0.28200656189978757,-0.20694434845808862,-1.0,-4.086412231150615e-16,2.934934684563858e-12,0.0011449459929167548,-8.080992028387935e-14,7484.538922892781,-1319.726150268671,2.0936542239197582e-08,1.1161133174865373e-07,-1.6426064621409752e-08,2.7499030148106083e-08,-6.1311826207905675e-09,-6.509358822402387e-09,2.7499030148106083e-08,-6.1311826207905675e-09,-6.509358822402387e-09,7,False,250.0
b712773f15e0f684,20270301_h250_r0_p90_y80_TPMC_N400000_S101,101,sample,607,triangle_0607,sailWall,-0.11084999999939256,0.28200273651233126,0.20694868256466883,-1.0,4.644722961505409e-17,2.9366013547636934e-12,0.0011447770000920015,-8.080992028387935e-14,7484.538922892781,-1319.726150268671,1.591402175515289e-08,1.0289839116137299e-07,-1.4201918938067248e-08,-2.4858863941381896e-08,1.6072111959907377e-09,-1.5958023025662918e-08,-2.4858863941381896e-08,1.6072111959907377e-09,-1.5958023025662918e-08,6,False,250.0
b712773f15e0f684,20270301_h250_r0_p90_y80_TPMC_N400000_S101,101,sample,608,triangle_0608,sailWall,-0.11084999999955554,0.1254821971252158,0.15144255747151367,-1.0,1.7844599412444424e-16,2.935038686050052e-12,0.0010799686877031131,-8.080992028387935e-14,7484.538922892781,-1319.726150268671,4.674983533719816e-09,3.273180206586816e-08,-6.687431136090615e-09,-5.6455761941428436e-09,-6.043750769455837e-11,-4.228316814592212e-09,-5.6455761941428436e-09,-6.043750769455837e-11,-4.228316814592212e-09,2,False,250.0
b712773f15e0f684,20270301_h250_r0_p90_y80_TPMC_N400000_S101,101,sample,609,triangle_0609,sailWall,-0.1108499999996317,-0.15144253784250797,0.12548221818852134,-1.0,4.696989948000748e-16,2.93314155829949e-12,0.0010799672739501534,-8.080992028387935e-14,7484.538922892781,-1319.726150268671,1.4422701484011358e-08,9.55050863583461e-08,-1.6182376703446393e-08,-9.406330476319855e-09,-2.523514948383052e-13,-8.368005487314033e-09,-9.406330476319855e-09,-2.523514948383052e-13,-8.368005487314033e-09,6,False,250.0
b712773f15e0f684,20270301_h250_r0_p90_y80_TPMC_N400000_S101,101,sample,610,triangle_0610,sailWall,-0.11085000000044454,-0.12548221818819602,-0.15144253784218253,-1.0,-1.7659429692224586e-15,2.9362082138602644e-12,0.0010799672739501525,-8.080992028387935e-14,7484.538922892781,-1319.726150268671,2.1496072807500986e-08,1.4007670557150057e-07,-1.9580762054180137e-08,2.3119218601001253e-08,-5.328007963185012e-09,-1.2662211920267372e-08,2.3119218601001253e-08,-5.328007963185012e-09,-1.2662211920267372e-08,8,False,250.0
b712773f15e0f684,20270301_h250_r0_p90_y80_TPMC_N400000_S101,101,sample,611,triangle_0611,sailWall,-0.11085000000036833,0.15144253784250813,-0.12548221818787067,-1.0,1.485278761573175e-15,2.9353712856339595e-12,0.001079967273950148,-8.080992028387935e-14,7484.538922892781,-1319.726150268671,4.201476667633214e-09,3.575393852457032e-08,-5.138603634694142e-09,3.416546012536347e-09,-1.0601329816953207e-09,-4.58640660009609e-09,3.416546012536347e-09,-1.0601329816953207e-09,-4.58640660009609e-09,2,False,250.0
b712773f15e0f684,20270301_h250_r0_p90_y80_TPMC_N400000_S101,101,sample,612,triangle_0612,sailWall,-0.1108499999994681,-0.21028778245658605,0.18121615085399334,-1.0,1.160591653917093e-15,2.9364059010293815e-12,0.0012989638959893146,-8.080992028387935e-14,7484.538922892781,-1319.726150268671,1.7249252422979496e-08,1.1801135242335291e-07,-1.3766763066550641e-08,-1.882767334767807e-08,1.6532773634622405e-09,-9.487050718603807e-09,-1.882767334767807e-08,1.6532773634622405e-09,-9.487050718603807e-09,5,False,250.0
b712773f15e0f684,20270301_h250_r0_p90_y80_TPMC_N400000_S101,101,sample,613,triangle_0613,sailWall,-0.11085000000053193,0.21028778245658644,-0.18121615085334233,-1.0,4.5397533830734e-16,2.934302303580918e-12,0.0012989638959893133,-8.080992028387935e-14,7484.538922892781,-1319.726150268671,2.0839892051258323e-08,1.15255452763547e-07,-1.8831013938164775e-08,1.610908750688397e-08,-5.728274974392525e-09,-1.7151974602165114e-08,1.610908750688397e-08,-5.728274974392525e-09,-1.7151974602165114e-08,6,False,250.0
b712773f15e0f684,20270301_h250_r0_p90_y80_TPMC_N400000_S101,101,sample,614,triangle_0614,sailWall,-0.11085000000061725,-0.18121615085366782,-0.21028778245626042,-1.0,1.2271369387434132e-15,2.9345107537255793e-12,0.0012989638959893096,-8.080992028387935e-14,7484.538922892781,-1319.726150268671,2.867291974675919e-08,1.5689160266364318e-07,-3.086150059566596e-08,3.882714963615254e-08,-9.508934920339198e-09,-1.209728379058074e-08,3.882714963615254e-08,-9.508934920339198e-09,-1.209728379058074e-08,9,False,250.0
b712773f15e0f684,20270301_h250_r0_p90_y80_TPMC_N400000_S101,101,sample,615,triangle_0615,sailWall,-0.11084999999938276,0.1812158796140629,0.2102880352262437,-1.0,1.1121112407814147e-15,2.9367924840378435e-12,0.0012989715131537989,-8.080992028387935e-14,7484.538922892781,-1319.726150268671,1.7455240411329036e-08,1.1658045395559941e-07,-2.271465174026506e-08,-2.839342622175711e-08,1.087699008035581e-09,-1.6071847480538004e-08,-2.839342622175711e-08,1.087699008035581e-09,-1.6071847480538004e-08,5,False,250.0
b712773f15e0f684,20270301_h250_r0_p90_y80_TPMC_N400000_S101,101,sample,616,triangle_0616,sailWall,-0.11084999999986649,0.6392023268869937,0.045494994929728645,-1.0,-5.087521219030476e-16,2.9343579395526007e-12,0.001130004325219284,-8.080992028387935e-14,7484.538922892781,-1319.726150268671,6.6985879543201934e-09,6.823951946498272e-08,-1.2938421824395002e-08,-1.0991496926327305e-08,-1.163883180722314e-09,-1.1868487366214517e-08,-1.0991496926327305e-08,-1.163883180722314e-09,-1.1868487366214517e-08,4,False,250.0
b712773f15e0f684,20270301_h250_r0_p90_y80_TPMC_N400000_S101,101,sample,617,triangle_0617,sailWall,-0.11085000000013352,-0.6392023746778955,-0.0454948660081974,-1.0,-5.273862551577439e-16,2.9343393054193237e-12,0.0011300088407430937,-8.080992028387935e-14,7484.538922892781,-1319.726150268671,2.945027270857765e-08,1.4361192935839262e-07,-2.3826959634251484e-08,2.1727665097761e-08,-3.9062346661706794e-09,2.931492566378447e-09,2.1727665097761e-08,-3.9062346661706794e-09,2.931492566378447e-09,8,False,250.0
b712773f15e0f684,20270301_h250_r0_p90_y80_TPMC_N400000_S101,101,sample,618,triangle_0618,sailWall,-0.11085000000187621,0.04549523172991888,-0.6392024112189816,-0.9999999999999999,5.719605357834248e-16,2.934294731138639e-12,0.001129986451642112,-8.080992028387935e-14,7484.538922892781,-1319.726150268671,1.0258025314348448e-08,8.02643395432366e-08,-8.27320872032162e-09,5.106006035633463e-08,-7.476020112829015e-09,-9.437156997562991e-09,5.106006035633463e-08,-7.476020112829015e-09,-9.437156997562991e-09,4,False,250.0
b712773f15e0f684,20270301_h250_r0_p90_y80_TPMC_N400000_S101,101,sample,619,triangle_0619,sailWall,-0.11084999999925148,-0.10225015575691083,0.2550178883864302,-1.0,-4.971453418852317e-16,2.9356995643372298e-12,0.001178626323365119,-8.080992028387935e-14,7484.538922892781,-1319.726150268671,2.566740809418723e-08,1.8632449094474968e-07,-3.5808625939136997e-08,-4.3216897243770066e-08,2.558027614112512e-09,-1.789559766814377e-08,-4.3216897243770066e-08,2.558027614112512e-09,-1.789559766814377e-08,8,False,250.0
b712773f15e0f684,20270301_h250_r0_p90_y80_TPMC_N400000_S101,101,sample,620,triangle_0620,sailWall,-0.11085000000074853,0.10225015575691114,-0.2550178883857788,-1.0,-5.108336717019886e-16,2.9360026754895822e-12,0.0011786263233651117,-8.080992028387935e-14,7484.538922892781,-1319.726150268671,1.776855851995705e-08,1.5671427903641534e-07,-2.156781883045414e-08,3.767803390710653e-08,-6.995345563129962e-09,-1.9256010711851294e-08,3.767803390710653e-08,-6.995345563129962e-09,-1.9256010711851294e-08,6,False,250.0
b712773f15e0f684,20270301_h250_r0_p90_y80_TPMC_N400000_S101,101,sample,621,triangle_0621,sailWall,-0.11085000000030014,-0.2550178883861041,-0.10225015575658573,-1.0,-1.398801116239026e-16,2.9366942872229972e-12,0.0011786263233651089,-8.080992028387935e-14,7484.538922892781,-1319.726150268671,3.2971117862516444e-08,1.9573376680401537e-07,-3.1006609720990374e-08,2.79861776847068e-08,-6.765393299132357e-09,-1.3156392518218974e-08,2.79861776847068e-08,-6.765393299132357e-09,-1.3156392518218974e-08,10,False,250.0
b712773f15e0f684,20270301_h250_r0_p90_y80_TPMC_N400000_S101,101,sample,622,triangle_0622,sailWall,-0.11084999999969991,0.255017888386104,0.10225015575723655,-1.0,-9.789588199378682e-16,2.9347695748684643e-12,0.00117862632336511,-8.080992028387935e-14,7484.538922892781,-1319.726150268671,2.00597876239481e-08,1.4498151816202313e-07,-2.4846183094866342e-08,-2.112255153190148e-08,-7.293973166991667e-10,-2.1200768986140915e-08,-2.112255153190148e-08,-7.293973166991667e-10,-2.1200768986140915e-08,7,False,250.0
b712773f15e0f684,20270301_h250_r0_p90_y80_TPMC_N400000_S101,101,sample,623,triangle_0623,sailWall,-0.11084999999812457,0.045441453375977235,0.6389480364513845,-1.0,4.723840926322708e-16,2.935339075767089e-12,0.001147137605679088,-8.080992028387935e-14,7484.538922892781,-1319.726150268671,2.5444366842097224e-08,1.595016166084117e-07,-2.388556335481355e-08,-1.0305718475130589e-07,1.3580695663475875e-08,-1.8988835935629734e-08,-1.0305718475130589e-07,1.3580695663475875e-08,-1.8988835935629734e-08,6,False,250.0
b712773f15e0f684,20270301_h250_r0_p90_y80_TPMC_N400000_S101,101,sample,624,triangle_0624,sailWall,-0.11084999999962236,-0.4222241004487864,0.12865778749681303,-0.9999999999999999,3.913353150635512e-16,2.935398965684185e-12,0.001281660361148948,-8.080992028387935e-14,7484.538922892781,-1319.726150268671,1.455638531007215e-08,8.801254387773816e-08,-1.9783904703936627e-08,-3.0909828153182902e-09,-3.413481208470228e-10,-3.5793566346352224e-09,-3.0909828153182902e-09,-3.413481208470228e-10,-3.5793566346352224e-09,5,False,250.0
b712773f15e0f684,20270301_h250_r0_p90_y80_TPMC_N400000_S101,101,sample,625,triangle_0625,sailWall,-0.11085000000037763,0.42222410044878655,-0.12865778749616189,-1.0,8.110760585380207e-17,2.9353584274721807e-12,0.0012816603611489415,-8.080992028387935e-14,7484.538922892781,-1319.726150268671,2.2992126373313366e-08,1.4918011625327856e-07,-2.4583002166157986e-08,8.63169378530979e-09,-5.59962385825675e-09,-2.599112830270783e-08,8.63169378530979e-09,-5.59962385825675e-09,-2.599112830270783e-08,7,False,250.0
b712773f15e0f684,20270301_h250_r0_p90_y80_TPMC_N400000_S101,101,sample,626,triangle_0626,sailWall,-0.1108500000012393,-0.12865318195393052,-0.42222467794396895,-1.0,2.8395236096210795e-16,2.9345297781604038e-12,0.0012816240228074498,-8.080992028387935e-14,7484.538922892781,-1319.726150268671,2.9860325748046796e-08,1.8075710287904805e-07,-3.2867742495447654e-08,8.215777667738983e-08,-1.650500738776334e-08,-1.6231977417485568e-08,8.215777667738983e-08,-1.650500738776334e-08,-1.6231977417485568e-08,8,False,250.0
b712773f15e0f684,20270301_h250_r0_p90_y80_TPMC_N400000_S101,101,sample,627,triangle_0627,sailWall,-0.1108499999987607,0.1286531787646772,0.422224675479868,-1.0,5.01056743360901e-16,2.934721733166947e-12,0.0012816238467950364,-8.080992028387935e-14,7484.538922892781,-1319.726150268671,1.641507427258288e-08,1.077735736248151e-07,-1.095826889451917e-08,-4.6537178615984044e-08,5.698998438310788e-09,-1.399583688129686e-08,-4.6537178615984044e-08,5.698998438310788e-09,-1.399583688129686e-08,6,False,250.0
b712773f15e0f684,20270301_h250_r0_p90_y80_TPMC_N400000_S101,101,sample,628,triangle_0628,sailWall,-0.11084999999967143,0.5128572763740398,0.11195674975512314,-1.0,1.68906677458668e-16,2.9353120876388257e-12,0.00105120770850116,-8.080992028387935e-14,7484.538922892781,-1319.726150268671,8.835959905197552e-09,6.948436975468906e-08,-1.2005444849537724e-08,-1.411478056952347e-08,-3.284210298736264e-10,-1.2148586493258058e-08,-1.411478056952347e-08,-3.284210298736264e-10,-1.2148586493258058e-08,3,False,250.0
b712773f15e0f684,20270301_h250_r0_p90_y80_TPMC_N400000_S101,101,sample,629,triangle_0629,sailWall,-0.11085000000150537,0.11195674909862385,-0.5128572770821025,-1.0,1.066686991388598e-16,2.9348164997676594e-12,0.0010512077068074524,-8.080992028387935e-14,7484.538922892781,-1319.726150268671,1.3536036257771344e-08,8.430960546672282e-08,-1.8172937717933542e-08,4.1212837593205037e-08,-8.994760940634207e-09,-1.0910629613819172e-08,4.1212837593205037e-08,-8.994760940634207e-09,-1.0910629613819172e-08,5,False,250.0
b712773f15e0f684,20270301_h250_r0_p90_y80_TPMC_N400000_S101,101,sample,630,triangle_0630,sailWall,-0.11085000000032856,-0.5128586500373653,-0.11194014155298598,-1.0,4.3542593289525304e-16,2.934706323970301e-12,0.0010516066982450374,-8.080992028387935e-14,7484.538922892781,-1319.726150268671,6.406591858222831e-09,6.777725467955219e-08,-1.316329345514111e-08,1.395376361472848e-08,-2.164154089491809e-09,-4.268392717319639e-09,1.395376361472848e-08,-2.164154089491809e-09,-4.268392717319639e-09,3,False,250.0
b712773f15e0f684,20270301_h250_r0_p90_y80_TPMC_N400000_S101,101,sample,631,triangle_0631,sailWall,-0.11084999999849467,-0.11193990832101465,0.5128586915048684,-1.0,-1.7337153288251593e-15,2.935981714432726e-12,0.0010516072839907927,-8.080992028387935e-14,7484.538922892781,-1319.726150268671,1.393755830653467e-08,1.207022985757914e-07,-2.543334971439729e-08,-5.9001856428956326e-08,4.262663545541858e-09,-1.1893758464706375e-08,-5.9001856428956326e-08,4.262663545541858e-09,-1.1893758464706375e-08,6,False,250.0
b712773f15e0f684,20270301_h250_r0_p90_y80_TPMC_N400000_S101,101,sample,632,triangle_0632,sailWall,-0.11084999999892275,-0.20730487146350693,0.3670086348075697,-1.0,-1.232221324865248e-17,2.9344503899182893e-12,0.0008859337216509956,-8.080992028387935e-14,7484.538922892781,-1319.726150268671,2.4573011116509496e-08,1.5966815229780206e-07,-2.971074786183155e-08,-5.1897746789289875e-08,5.617780814128197e-09,-1.2614848990220608e-08,-5.1897746789289875e-08,5.617780814128197e-09,-1.2614848990220608e-08,9,False,250.0
b712773f15e0f684,20270301_h250_r0_p90_y80_TPMC_N400000_S101,101,sample,633,triangle_0633,sailWall,-0.11085000000107721,0.20730526883759756,-0.3670083796031956,-1.0,-1.7593470140758245e-17,2.9345153515539525e-12,0.0008859165874394139,-8.080992028387935e-14,7484.538922892781,-1319.726150268671,1.1610168621231354e-08,9.771546448581703e-08,-1.6634378048618864e-08,3.256327100430447e-08,-6.0995939239327575e-09,-1.3239610363443427e-08,3.256327100430447e-08,-6.0995939239327575e-09,-1.3239610363443427e-08,5,False,250.0
b712773f15e0f684,20270301_h250_r0_p90_y80_TPMC_N400000_S101,101,sample,634,triangle_0634,sailWall,-0.11085000000060846,-0.367008632523788,-0.20730487785309695,-1.0,3.139501009460351e-16,2.9355230605681647e-12,0.000885933586016036,-8.080992028387935e-14,7484.538922892781,-1319.726150268671,3.536034661134483e-08,2.1014628022806494e-07,-4.125787979952052e-08,5.7912050173777735e-08,-1.1750234685518086e-08,-1.0524910233622494e-08,5.7912050173777735e-08,-1.1750234685518086e-08,-1.0524910233622494e-08,9,False,250.0
b712773f15e0f684,20270301_h250_r0_p90_y80_TPMC_N400000_S101,101,sample,635,triangle_0635,sailWall,-0.11084999999939153,0.3670017023104073,0.2073119887270417,-1.0,1.4967191808269243e-16,2.934588088558211e-12,0.0008862852127066272,-8.080992028387935e-14,7484.538922892781,-1319.726150268671,7.330524132739517e-09,7.426945637471954e-08,-7.94042706259856e-09,-1.8541233335426422e-08,6.640768784669064e-10,-1.093525797779353e-08,-1.8541233335426422e-08,6.640768784669064e-10,-1.093525797779353e-08,4,False,250.0
b712773f15e0f684,20270301_h250_r0_p90_y80_TPMC_N400000_S101,101,sample,636,triangle_0636,sailWall,-0.11085000000029427,0.43399752578133294,-0.10025606300840846,-1.0,-1.0250469808582469e-16,2.934960112939134e-12,0.0011338057559454606,-8.080992028387935e-14,7484.538922892781,-1319.726150268671,1.654255353937542e-08,8.327344552814538e-08,-9.6570129668161e-09,4.422011507745948e-09,-2.775749216558819e-09,-1.6325551212984085e-08,4.422011507745948e-09,-2.775749216558819e-09,-1.6325551212984085e-08,5,False,250.0
b712773f15e0f684,20270301_h250_r0_p90_y80_TPMC_N400000_S101,101,sample,637,triangle_0637,sailWall,-0.11084999999970574,-0.4339975257813329,0.10025606300905965,-1.0,2.025594578078349e-16,2.9349894497322575e-12,0.0011338057559454624,-8.080992028387935e-14,7484.538922892781,-1319.726150268671,2.440182834973877e-08,1.6971669075890023e-07,-2.5606374763701973e-08,-5.695320966144171e-09,-4.441248448278945e-10,-8.257365880344989e-09,-5.695320966144171e-09,-4.441248448278945e-10,-8.257365880344989e-09,9,False,250.0
b712773f15e0f684,20270301_h250_r0_p90_y80_TPMC_N400000_S101,101,sample,638,triangle_0638,sailWall,-0.11084999999872613,0.10025049377853805,0.4339962311177225,-1.0,-1.573220497020253e-15,2.93567757085614e-12,0.0011336977794305504,-8.080992028387935e-14,7484.538922892781,-1319.726150268671,1.445845862410136e-08,1.0499843032358733e-07,-1.708002515931772e-08,-4.622842935801279e-08,4.264764704930751e-09,-1.3032478218725365e-08,-4.622842935801279e-08,4.264764704930751e-09,-1.3032478218725365e-08,6,False,250.0
b712773f15e0f684,20270301_h250_r0_p90_y80_TPMC_N400000_S101,101,sample,639,triangle_0639,sailWall,-0.11085000000127387,-0.10025049696779138,-0.43399623358182343,-1.0,-1.544272324111675e-15,2.935372233795104e-12,0.001133698087384325,-8.080992028387935e-14,7484.538922892781,-1319.726150268671,2.99285150420425e-08,2.2156307066905846e-07,-4.100624044223402e-08,1.012710699995271e-07,-1.7632814338611135e-08,-2.1616083864851546e-08,1.012710699995271e-07,-1.7632814338611135e-08,-2.1616083864851546e-08,12,False,250.0
b712773f15e0f684,20270301_h250_r0_p90_y80_TPMC_N400000_S101,101,sample,640,triangle_0640,sailWall,-0.1108499999996752,-0.5126471217442558,0.11066089178638927,-1.0,-3.4579624542390506e-16,2.9365509384894657e-12,0.0010901710635034987,-8.080992028387935e-14,7484.538922892781,-1319.726150268671,2.3566768408522535e-08,1.3073170296859863e-07,-2.9514091077160362e-08,3.308667358491114e-10,-6.084239180000687e-10,-2.3039691934187513e-09,3.308667358491114e-10,-6.084239180000687e-10,-2.3039691934187513e-09,7,False,250.0
b712773f15e0f684,20270301_h250_r0_p90_y80_TPMC_N400000_S101,101,sample,641,triangle_0641,sailWall,-0.11085000000032484,0.5126471217442559,-0.11066089178573817,-1.0,1.2626669334554774e-15,2.934817166238832e-12,0.0010901710635035041,-8.080992028387935e-14,7484.538922892781,-1319.726150268671,1.3515368145942755e-08,6.043232424735454e-08,-9.268363162144325e-09,1.630655267210984e-09,-2.4189506679860027e-09,-1.3536254436614238e-08,1.630655267210984e-09,-2.4189506679860027e-09,-1.3536254436614238e-08,2,False,250.0
b712773f15e0f684,20270301_h250_r0_p90_y80_TPMC_N400000_S101,101,sample,642,triangle_0642,sailWall,-0.11084999999849521,0.11065895119786973,0.512664727663242,-1.0,-1.3272099038907974e-15,2.934916936006038e-12,0.0010888148121626206,-8.080992028387935e-14,7484.538922892781,-1319.726150268671,2.7871397740357994e-08,1.755519482913201e-07,-2.4825993581043397e-08,-9.107650229834873e-08,1.1269700008728431e-08,-2.2563757227874853e-08,-9.107650229834873e-08,1.1269700008728431e-08,-2.2563757227874853e-08,9,False,250.0
b712773f15e0f684,20270301_h250_r0_p90_y80_TPMC_N400000_S101,101,sample,643,triangle_0643,sailWall,-0.11085000000150476,-0.11065938528226753,-0.5126647208657017,-1.0,6.348859809756798e-16,2.9367142516317135e-12,0.0010888162282818397,-8.080992028387935e-14,7484.538922892781,-1319.726150268671,1.431072018122812e-08,9.63108073624104e-08,-2.4292203992411894e-08,5.1378425356084325e-08,-9.967358421924006e-09,-9.063446896911518e-09,5.1378425356084325e-08,-9.967358421924006e-09,-9.063446896911518e-09,5,False,250.0
b712773f15e0f684,20270301_h250_r0_p90_y80_TPMC_N400000_S101,101,sample,644,triangle_0644,sailWall,-0.11084999999860423,-0.14578920472313664,0.47552360205651834,-1.0,-2.4169704059658197e-17,2.935870936179828e-12,0.001105530348142951,-8.080992028387935e-14,7484.538922892781,-1319.726150268671,2.340395917220473e-08,1.4410974826979696e-07,-2.831229059399851e-08,-6.40336580575215e-08,8.006097369048849e-09,-1.251382684609691e-08,-6.40336580575215e-08,8.006097369048849e-09,-1.251382684609691e-08,8,False,250.0
b712773f15e0f684,20270301_h250_r0_p90_y80_TPMC_N400000_S101,101,sample,645,triangle_0645,sailWall,-0.11085000000042793,-0.4755234894047217,-0.14578938606956093,-1.0,-5.965887998713217e-16,2.9366871125837254e-12,0.0011055243965213996,-8.080992028387935e-14,7484.538922892781,-1319.726150268671,1.697935066912819e-08,1.2416748863458287e-07,-2.5518098013342836e-08,3.2001431968098306e-08,-5.506986087647757e-09,-5.7519929804966555e-09,3.2001431968098306e-08,-5.506986087647757e-09,-5.7519929804966555e-09,6,False,250.0
b712773f15e0f684,20270301_h250_r0_p90_y80_TPMC_N400000_S101,101,sample,646,triangle_0646,sailWall,-0.11084999999957207,0.47551998701383463,0.1458031139549928,-1.0,-5.026191735691243e-16,2.9362932057610654e-12,0.0011057188802800198,-8.080992028387935e-14,7484.538922892781,-1319.726150268671,3.2690553779704606e-08,1.8079610546331155e-07,-3.5665369095294446e-08,-4.1948770810433104e-08,5.98904144292571e-10,-3.552362048274526e-08,-4.1948770810433104e-08,5.98904144292571e-10,-3.552362048274526e-08,9,False,250.0
b712773f15e0f684,20270301_h250_r0_p90_y80_TPMC_N400000_S101,101,sample,647,triangle_0647,sailWall,-0.11085000000139576,0.14580310844280894,-0.4755199929639657,-1.0,-8.341186883041426e-16,2.935749586971373e-12,0.0011057188729471563,-8.080992028387935e-14,7484.538922892781,-1319.726150268671,1.9988831097505503e-08,1.513900992291771e-07,-1.961361538266753e-08,6.946387112049249e-08,-1.1740596847214456e-08,-1.9687744854653284e-08,6.946387112049249e-08,-1.1740596847214456e-08,-1.9687744854653284e-08,6,False,250.0
b712773f15e0f684,20270301_h250_r0_p90_y80_TPMC_N400000_S101,101,sample,648,triangle_0648,sailWall,-0.1108499999992311,0.33945932528127315,0.26197548473366566,-1.0,-1.5039294783747115e-16,2.9351721191331007e-12,0.0012815126864912476,-8.080992028387935e-14,7484.538922892781,-1319.726150268671,2.0693991465561777e-08,1.4020710516259477e-07,-2.338655906325711e-08,-4.4370027461539304e-08,2.7246133969597564e-09,-2.257561496594618e-08,-4.4370027461539304e-08,2.7246133969597564e-09,-2.257561496594618e-08,7,False,250.0
b712773f15e0f684,20270301_h250_r0_p90_y80_TPMC_N400000_S101,101,sample,649,triangle_0649,sailWall,-0.11084999999900354,-0.26194230651773887,0.33949176312923823,-0.9999999999999999,-1.070615035350159e-16,2.9362658791272298e-12,0.0012805463423746053,-8.080992028387935e-14,7484.538922892781,-1319.726150268671,2.1877304726372762e-08,1.1312008148726629e-07,-2.839663632636068e-08,-3.1710393165737964e-08,4.3756832315054315e-09,-7.070972555342489e-09,-3.1710393165737964e-08,4.3756832315054315e-09,-7.070972555342489e-09,6,False,250.0
b712773f15e0f684,20270301_h250_r0_p90_y80_TPMC_N400000_S101,101,sample,650,triangle_0650,sailWall,-0.11085000000076888,-0.3394917631289132,-0.26194230651741285,-1.0,3.6639217152574596e-16,2.936192081379057e-12,0.0012805463423745925,-8.080992028387935e-14,7484.538922892781,-1319.726150268671,2.1484648404431578e-08,1.4522269889222448e-07,-2.5137019605089598e-08,4.676431112319238e-08,-8.428982006733998e-09,-8.94058881155376e-09,4.676431112319238e-08,-8.428982006733998e-09,-8.94058881155376e-09,8,False,250.0
b712773f15e0f684,20270301_h250_r0_p90_y80_TPMC_N400000_S101,101,sample,651,triangle_0651,sailWall,-0.1108500000009965,0.2619423065177389,-0.3394917631285872,-0.9999999999999999,-5.721018983099359e-16,2.9342425461885085e-12,0.001280546342374596,-8.080992028387935e-14,7484.538922892781,-1319.726150268671,3.269404628344035e-08,1.706336834938888e-07,-3.6679486275355035e-08,4.85180031339806e-08,-1.5183779132527557e-08,-2.736284234452955e-08,4.85180031339806e-08,-1.5183779132527557e-08,-2.736284234452955e-08,10,False,250.0
b712773f15e0f684,20270301_h250_r0_p90_y80_TPMC_N400000_S101,101,sample,652,triangle_0652,sailWall,-0.1108499999987221,-0.10275725192063241,0.4353731876316463,-1.0,7.56984034574533e-16,2.9363664503115477e-12,0.0011078562348173608,-8.080992028387935e-14,7484.538922892781,-1319.726150268671,3.841969502873987e-08,2.1061264400018837e-07,-3.77576781661106e-08,-8.812478755872947e-08,1.2618929379999414e-08,-1.9213587022923405e-08,-8.812478755872947e-08,1.2618929379999414e-08,-1.9213587022923405e-08,9,False,250.0
b712773f15e0f684,20270301_h250_r0_p90_y80_TPMC_N400000_S101,101,sample,653,triangle_0653,sailWall,-0.11084999999969837,0.43537463595701836,0.10276377365915446,-1.0,-8.785021248420575e-16,2.934219238450258e-12,0.0011080158613558885,-8.080992028387935e-14,7484.538922892781,-1319.726150268671,3.1256462936722904e-08,1.784450433063723e-07,-2.9047404142324145e-08,-3.042658763892689e-08,-1.0716507711680873e-10,-3.322693159821346e-08,-3.042658763892689e-08,-1.0716507711680873e-10,-3.322693159821346e-08,10,False,250.0
b712773f15e0f684,20270301_h250_r0_p90_y80_TPMC_N400000_S101,101,sample,654,triangle_0654,sailWall,-0.11085000000127793,0.10276376342251985,-0.4353746470075417,-1.0,6.284621766332262e-16,2.933985728636489e-12,0.001108015342613303,-8.080992028387935e-14,7484.538922892781,-1319.726150268671,1.6862285830090747e-08,1.3466589122418265e-07,-2.6324934240466636e-08,5.565442876063906e-08,-1.0237809938036375e-08,-1.6591891232080306e-08,5.565442876063906e-08,-1.0237809938036375e-08,-1.6591891232080306e-08,8,False,250.0
b712773f15e0f684,20270301_h250_r0_p90_y80_TPMC_N400000_S101,101,sample,655,triangle_0655,sailWall,-0.11085000000030164,-0.435373105931759,-0.1027575504456411,-1.0,-2.7109325860988054e-16,2.9342380840575477e-12,0.0011078500945914194,-8.080992028387935e-14,7484.538922892781,-1319.726150268671,2.4223927833372902e-08,1.5492736671381867e-07,-2.8712095486478934e-08,2.8472777597443514e-08,-5.674709266970095e-09,-6.4630193623300056e-09,2.8472777597443514e-08,-5.674709266970095e-09,-6.4630193623300056e-09,9,False,250.0
b712773f15e0f684,20270301_h250_r0_p90_y80_TPMC_N400000_S101,101,sample,656,triangle_0656,sailWall,-0.11084999999875955,-0.13102659758486798,0.4226112493528385,-1.0,-8.493802244094536e-16,2.9356895009288747e-12,0.0013538608203877726,-8.080992028387935e-14,7484.538922892781,-1319.726150268671,3.8309530358860026e-08,2.326919522032748e-07,-4.072194862753423e-08,-9.359021849384852e-08,1.176165548248481e-08,-2.075708670391581e-08,-9.359021849384852e-08,1.176165548248481e-08,-2.075708670391581e-08,11,False,250.0
b712773f15e0f684,20270301_h250_r0_p90_y80_TPMC_N400000_S101,101,sample,657,triangle_0657,sailWall,-0.11084999999961541,0.42261099200367314,0.13103218720558352,-1.0,-1.19135924606181e-15,2.9349612698923954e-12,0.0013539195638942701,-8.080992028387935e-14,7484.538922892781,-1319.726150268671,1.2094477939396069e-08,1.1587245157871406e-07,-1.6734609581550046e-08,-2.2802801990006294e-08,-2.1531072465633368e-10,-1.7939880258339314e-08,-2.2802801990006294e-08,-2.1531072465633368e-10,-1.7939880258339314e-08,5,False,250.0
b712773f15e0f684,20270301_h250_r0_p90_y80_TPMC_N400000_S101,101,sample,658,triangle_0658,sailWall,-0.11085000000124046,0.13103214862224777,-0.4226110336565447,-1.0,8.44726170836679e-16,2.9340769103782573e-12,0.0013539171276067932,-8.080992028387935e-14,7484.538922892781,-1319.726150268671,1.016852647585207e-08,6.77161854479785e-08,-1.4497192396948173e-08,2.6228263927151957e-08,-5.823056344426041e-09,-8.867185759567378e-09,2.6228263927151957e-08,-5.823056344426041e-09,-8.867185759567378e-09,4,False,250.0
b712773f15e0f684,20270301_h250_r0_p90_y80_TPMC_N400000_S101,101,sample,659,triangle_0659,sailWall,-0.1108500000003846,-0.4226111683288803,-0.13102677818442576,-0.9999999999999999,-5.884900731426178e-16,2.934991242037555e-12,0.001353854449884101,-8.080992028387935e-14,7484.538922892781,-1319.726150268671,1.519518890328584e-08,8.586565331693791e-08,-1.542677821873931e-08,1.7716637775032353e-08,-3.6606062808525314e-09,-3.14828582990574e-09,1.7716637775032353e-08,-3.6606062808525314e-09,-3.14828582990574e-09,4,False,250.0
b712773f15e0f684,20270301_h250_r0_p90_y80_TPMC_N400000_S101,101,sample,660,triangle_0660,sailWall,-0.1108500000007479,0.3718294666101806,-0.25479615004387157,-1.0,2.4588390755702814e-16,2.937024345308118e-12,0.0011068362047308624,-8.080992028387935e-14,7484.538922892781,-1319.726150268671,2.126563804609294e-08,1.2771161824590183e-07,-1.2709360505737947e-08,2.7902643306635208e-08,-6.866083354982699e-09,-2.194453456689918e-08,2.7902643306635208e-08,-6.866083354982699e-09,-2.194453456689918e-08,6,False,250.0
b712773f15e0f684,20270301_h250_r0_p90_y80_TPMC_N400000_S101,101,sample,661,triangle_0661,sailWall,-0.11085000000109142,-0.2547961441240276,-0.37182947131866256,-1.0,-8.044255543049545e-17,2.934236545300919e-12,0.0011068365701574344,-8.080992028387935e-14,7484.538922892781,-1319.726150268671,1.79905887585811e-08,8.27475541032584e-08,-1.2768566458015208e-08,3.415574225469543e-08,-8.094921855425077e-09,-4.458140018364438e-09,3.415574225469543e-08,-8.094921855425077e-09,-4.458140018364438e-09,5,False,250.0
b712773f15e0f684,20270301_h250_r0_p90_y80_TPMC_N400000_S101,101,sample,662,triangle_0662,sailWall,-0.11084999999925214,-0.37182946661017996,0.2547961500445226,-1.0,-3.9283269485213357e-16,2.9349087950289157e-12,0.0011068362047308524,-8.080992028387935e-14,7484.538922892781,-1319.726150268671,1.824740496910344e-08,1.1092101364748743e-07,-2.126431839326841e-08,-2.0209517325488194e-08,2.317874890406377e-09,-5.395958710660412e-09,-2.0209517325488194e-08,2.317874890406377e-09,-5.395958710660412e-09,7,False,250.0
b712773f15e0f684,20270301_h250_r0_p90_y80_TPMC_N400000_S101,101,sample,663,triangle_0663,sailWall,-0.11084999999890777,0.2548516596384214,0.37211984054379105,-1.0,8.252130321010748e-16,2.936238998328799e-12,0.001103100702782439,-8.080992028387935e-14,7484.538922892781,-1319.726150268671,8.111207203294203e-09,7.314042210019545e-08,-1.2993358911682367e-08,-3.095641948823164e-08,1.6473337690269457e-09,-1.0144815654139262e-08,-3.095641948823164e-08,1.6473337690269457e-09,-1.0144815654139262e-08,3,False,250.0
b712773f15e0f684,20270301_h250_r0_p90_y80_TPMC_N400000_S101,101,sample,664,triangle_0664,sailWall,-0.11085000000081241,0.3885662921071186,-0.27676843023705294,-1.0,1.5514572763369325e-15,2.9353419832637757e-12,0.0011270793684694958,-8.080992028387935e-14,7484.538922892781,-1319.726150268671,8.863331577268932e-09,6.520663690351412e-08,-8.157781117217843e-09,1.5077103108617377e-08,-3.40314485136245e-09,-1.0709152461347897e-08,1.5077103108617377e-08,-3.40314485136245e-09,-1.0709152461347897e-08,4,False,250.0
b712773f15e0f684,20270301_h250_r0_p90_y80_TPMC_N400000_S101,101,sample,665,triangle_0665,sailWall,-0.11084999999918764,-0.3885662921071182,0.276768430237704,-1.0,-6.620293267172876e-16,2.93525568185025e-12,0.001127079368469479,-8.080992028387935e-14,7484.538922892781,-1319.726150268671,9.254680828488297e-09,5.223929139171014e-08,-1.0637343335872585e-08,-1.0686488639996743e-08,1.4456651823632522e-09,-2.1942295653643985e-09,-1.0686488639996743e-08,1.4456651823632522e-09,-2.1942295653643985e-09,2,False,250.0
b712773f15e0f684,20270301_h250_r0_p90_y80_TPMC_N400000_S101,101,sample,666,triangle_0666,sailWall,-0.11085000000114054,-0.276768424317209,-0.3885662968156007,-1.0,-5.580423138904929e-16,2.9338659106590473e-12,0.0011270799145093957,-8.080992028387935e-14,7484.538922892781,-1319.726150268671,1.3547323282038763e-08,9.987847755843126e-08,-2.0641806411442163e-08,4.4709414366889714e-08,-7.567686318604734e-09,-7.3404815300996065e-09,4.4709414366889714e-08,-7.567686318604734e-09,-7.3404815300996065e-09,5,False,250.0
b712773f15e0f684,20270301_h250_r0_p90_y80_TPMC_N400000_S101,101,sample,667,triangle_0667,sailWall,-0.11084999999885864,0.27682393983160253,0.3888566660407294,-1.0,-8.4120928917363265e-16,2.9349149980063135e-12,0.0011083265191414084,-8.080992028387935e-14,7484.538922892781,-1319.726150268671,3.6967265542108213e-09,3.781455802883074e-08,-4.161027862030452e-09,-1.5495816723933033e-08,9.380114050835429e-10,-5.218286373544099e-09,-1.5495816723933033e-08,9.380114050835429e-10,-5.218286373544099e-09,2,False,250.0
b712773f15e0f684,20270301_h250_r0_p90_y80_TPMC_N400000_S101,101,sample,668,triangle_0668,sailWall,-0.11084999999821528,0.051997453530961496,0.6080331968052884,-1.0,6.148158514541363e-16,2.9347841939787877e-12,0.001258667490729617,-8.080992028387935e-14,7484.538922892781,-1319.726150268671,3.288775247011021e-08,2.2123478676573038e-07,-4.546407923771635e-08,-1.3757465974348038e-07,1.511070430790121e-08,-2.622318176239805e-08,-1.3757465974348038e-07,1.511070430790121e-08,-2.622318176239805e-08,12,False,250.0
b712773f15e0f684,20270301_h250_r0_p90_y80_TPMC_N400000_S101,101,sample,669,triangle_0669,sailWall,-0.1108500000017853,0.0525865262657692,-0.6082264833791711,-1.0,6.131815877896631e-16,2.9344650858679833e-12,0.0012748543796787526,-8.080992028387935e-14,7484.538922892781,-1319.726150268671,1.2833374874670072e-08,9.72564399676015e-08,-1.5290960614574507e-08,5.925429039682714e-08,-9.622614489348293e-09,-1.1478658133520735e-08,5.925429039682714e-08,-9.622614489348293e-09,-1.1478658133520735e-08,5,False,250.0
b712773f15e0f684,20270301_h250_r0_p90_y80_TPMC_N400000_S101,101,sample,670,triangle_0670,sailWall,-0.11084999999984564,0.608226399047183,0.05258628946557923,-1.0,-1.1451956565594084e-15,2.9345119420357638e-12,0.001274872205235862,-8.080992028387935e-14,7484.538922892781,-1319.726150268671,2.1433811598158813e-08,1.2419293133723097e-07,-2.0045040416095848e-08,-1.780949662863064e-08,-1.2505740939441386e-09,-2.677406177607065e-08,-1.780949662863064e-08,-1.2505740939441386e-09,-2.677406177607065e-08,6,False,250.0
b712773f15e0f684,20270301_h250_r0_p90_y80_TPMC_N400000_S101,101,sample,671,triangle_0671,sailWall,-0.11085000000015437,-0.6082268482816607,-0.05258507760865311,-1.0,-1.0546152956535766e-15,2.934466878339305e-12,0.0012748353278615617,-8.080992028387935e-14,7484.538922892781,-1319.726150268671,1.434363630558175e-08,1.1684513020950991e-07,-1.4131936652611776e-08,1.4792604203521859e-08,-2.318133582539991e-09,-4.140057291863086e-09,1.4792604203521859e-08,-2.318133582539991e-09,-4.140057291863086e-09,6,False,250.0
b712773f15e0f684,20270301_h250_r0_p90_y80_TPMC_N400000_S101,101,sample,672,triangle_0672,sailWall,-0.11085000000064443,0.03746044198679634,-0.21955693106117036,-1.0,7.117354970903256e-16,2.935207063542301e-12,0.0009556382357978807,-8.080992028387935e-14,7484.538922892781,-1319.726150268671,1.4737586561998242e-08,8.885471095315478e-08,-1.3784269794514811e-08,1.8818201558203846e-08,-4.708160957859532e-09,-1.042626210721886e-08,1.8818201558203846e-08,-4.708160957859532e-09,-1.042626210721886e-08,5,False,250.0
b712773f15e0f684,20270301_h250_r0_p90_y80_TPMC_N400000_S101,101,sample,673,triangle_0673,sailWall,-0.11084999999935556,-0.03746044198679622,0.21955693106182128,-1.0,8.959377287248737e-16,2.9348644159531176e-12,0.0009556382357978846,-8.080992028387935e-14,7484.538922892781,-1319.726150268671,1.9745771546029384e-08,1.1577716156246493e-07,-1.2730790895277288e-08,-2.4727680597264973e-08,2.8665360606542504e-09,-1.2096687379398642e-08,-2.4727680597264973e-08,2.8665360606542504e-09,-1.2096687379398642e-08,6,False,250.0
b712773f15e0f684,20270301_h250_r0_p90_y80_TPMC_N400000_S101,101,sample,674,triangle_0674,sailWall,-0.11085000000010997,-0.21955693106149565,-0.03746044198647094,-0.9999999999999999,1.0339618799623512e-15,2.9354999352855754e-12,0.0009556382357978792,-8.080992028387935e-14,7484.538922892781,-1319.726150268671,1.2360359598304487e-08,6.355024348505823e-08,-7.659939512567273e-09,4.008063618113056e-09,-1.3401767826364595e-09,-4.320725521802363e-09,4.008063618113056e-09,-1.3401767826364595e-09,-4.320725521802363e-09,4,False,250.0
b712773f15e0f684,20270301_h250_r0_p90_y80_TPMC_N400000_S101,101,sample,675,triangle_0675,sailWall,-0.11084999999989008,0.21955693106149568,0.03746044198712175,-1.0,-1.021923655063331e-15,2.934394721895777e-12,0.0009556382357978785,-8.080992028387935e-14,7484.538922892781,-1319.726150268671,2.0047347563885505e-08,1.3425160569715902e-07,-2.916137086707419e-08,-1.2362889205406066e-08,-2.347017101306303e-09,-1.9261544596033207e-08,-1.2362889205406066e-08,-2.347017101306303e-09,-1.9261544596033207e-08,6,False,250.0
b712773f15e0f684,20270301_h250_r0_p90_y80_TPMC_N400000_S101,101,sample,676,triangle_0676,sailWall,-0.1108499999984716,-0.08695461322017532,0.5207228964438477,-1.0,-1.660930851902251e-16,2.9362422293045252e-12,0.0009027816607093071,-8.080992028387935e-14,7484.538922892781,-1319.726150268671,1.307350067501545e-08,8.331239647926832e-08,-1.8214447184263988e-08,-4.2101109900549745e-08,4.814750552341471e-09,-8.13521394792815e-09,-4.2101109900549745e-08,4.814750552341471e-09,-8.13521394792815e-09,5,False,250.0
b712773f15e0f684,20270301_h250_r0_p90_y80_TPMC_N400000_S101,101,sample,677,triangle_0677,sailWall,-0.11085000000025608,-0.5206869666423607,-0.08724197244011889,-1.0,1.6763538752887775e-16,2.9363177985557294e-12,0.0008809955768332838,-8.080992028387935e-14,7484.538922892781,-1319.726150268671,1.5299100562695398e-08,9.609054442152401e-08,-1.2026350352347649e-08,1.5037286481542402e-08,-2.7328594133587963e-09,-2.637104799595418e-09,1.5037286481542402e-08,-2.7328594133587963e-09,-2.637104799595418e-09,6,False,250.0
b712773f15e0f684,20270301_h250_r0_p90_y80_TPMC_N400000_S101,101,sample,678,triangle_0678,sailWall,-0.11084999999974393,0.5206856422689549,0.08725537156434733,-1.0,2.0738119675659258e-16,2.9350808333351857e-12,0.000881237093624112,-8.080992028387935e-14,7484.538922892781,-1319.726150268671,9.975123956740093e-09,4.8844660846253805e-08,-1.083802454273e-08,-9.950960717837748e-09,-3.0123137468687913e-10,-1.0503342617761333e-08,-9.950960717837748e-09,-3.0123137468687913e-10,-1.0503342617761333e-08,3,False,250.0
b712773f15e0f684,20270301_h250_r0_p90_y80_TPMC_N400000_S101,101,sample,679,triangle_0679,sailWall,-0.11085000000152834,0.08725537087368611,-0.5206856430138979,-1.0,-7.12465622372789e-16,2.9346802177281768e-12,0.0008812370426862468,-8.080992028387935e-14,7484.538922892781,-1319.726150268671,7.828662311355512e-09,4.2018023816404914e-08,-1.3181867123182277e-08,2.0588584381058196e-08,-5.52358775163771e-09,-5.298611612370911e-09,2.0588584381058196e-08,-5.52358775163771e-09,-5.298611612370911e-09,2,False,250.0
b712773f15e0f684,20270301_h250_r0_p90_y80_TPMC_N400000_S101,101,sample,680,triangle_0680,sailWall,-0.11084999999941664,-0.025416197273123452,0.198752107593123,-1.0,1.8013354229885266e-16,2.936195933908267e-12,0.0009753546845823219,-8.080992028387935e-14,7484.538922892781,-1319.726150268671,5.974405895349622e-09,3.371265187160238e-08,-7.65981660757609e-09,-6.696941020050649e-09,3.6032848073666326e-10,-3.631061861961936e-09,-6.696941020050649e-09,3.6032848073666326e-10,-3.631061861961936e-09,2,False,250.0
b712773f15e0f684,20270301_h250_r0_p90_y80_TPMC_N400000_S101,101,sample,681,triangle_0681,sailWall,-0.11085000000058337,0.02541619727312358,-0.19875210759247217,-1.0,3.606121911957583e-16,2.935860212818508e-12,0.000975354684582319,-8.080992028387935e-14,7484.538922892781,-1319.726150268671,1.414873298743331e-08,1.0653751303994592e-07,-2.213687643183308e-08,2.0705492742366122e-08,-5.274756209491338e-09,-1.2194252501825246e-08,2.0705492742366122e-08,-5.274756209491338e-09,-1.2194252501825246e-08,6,False,250.0
b712773f15e0f684,20270301_h250_r0_p90_y80_TPMC_N400000_S101,101,sample,682,triangle_0682,sailWall,-0.11085000000007461,-0.19875210759279746,-0.025416197272798185,-1.0,1.5134095239667015e-16,2.93502545144363e-12,0.0009753546845823143,-8.080992028387935e-14,7484.538922892781,-1319.726150268671,1.4377554862328971e-08,9.94065747572793e-08,-1.8889104866667645e-08,6.34381864483384e-09,-2.470239030857253e-09,-8.26467760977552e-09,6.34381864483384e-09,-2.470239030857253e-09,-8.26467760977552e-09,8,False,250.0
b712773f15e0f684,20270301_h250_r0_p90_y80_TPMC_N400000_S101,101,sample,683,triangle_0683,sailWall,-0.1108499999999254,0.19875210759279757,0.025416197273448887,-1.0,-1.8438013738479493e-16,2.934844972794723e-12,0.0009753546845823143,-8.080992028387935e-14,7484.538922892781,-1319.726150268671,2.9012079372540723e-09,3.404868820948154e-08,-7.878950387585211e-09,-2.560949456395482e-09,-7.936719918431654e-10,-4.356125994038988e-09,-2.560949456395482e-09,-7.936719918431654e-10,-4.356125994038988e-09,2,False,250.0
b712773f15e0f684,20270301_h250_r0_p90_y80_TPMC_N400000_S101,101,sample,684,triangle_0684,sailWall,-0.11084999999943157,0.4110171861275919,0.19367006882461002,-1.0,-4.136125728534597e-16,2.934159248214436e-12,0.0010134255881357225,-8.080992028387935e-14,7484.538922892781,-1319.726150268671,1.7598919308904692e-08,9.85651653500627e-08,-1.3236221065161516e-08,-2.4903578748130763e-08,1.992571123330891e-09,-1.8163127077152723e-08,-2.4903578748130763e-08,1.992571123330891e-09,-1.8163127077152723e-08,5,False,250.0
b712773f15e0f684,20270301_h250_r0_p90_y80_TPMC_N400000_S101,101,sample,685,triangle_0685,sailWall,-0.11085000000120643,0.19366848584664156,-0.4110187988478106,-1.0,9.13109434999378e-17,2.936762559217231e-12,0.0010132870064129937,-8.080992028387935e-14,7484.538922892781,-1319.726150268671,1.324406237999241e-08,1.0083228250425293e-07,-1.8299996234754566e-08,3.8451582419590534e-08,-7.525351094528727e-09,-1.3805048586145237e-08,3.8451582419590534e-08,-7.525351094528727e-09,-1.3805048586145237e-08,5,False,250.0
b712773f15e0f684,20270301_h250_r0_p90_y80_TPMC_N400000_S101,101,sample,686,triangle_0686,sailWall,-0.11085000000056844,-0.41102031636973707,-0.1936661399412661,-1.0,-8.715449133508364e-16,2.9344169610916626e-12,0.0010133360298372864,-8.080992028387935e-14,7484.538922892781,-1319.726150268671,1.0624003864514217e-08,5.09743599055666e-08,-1.0336919588482052e-08,1.4176403374310986e-08,-3.225190677756373e-09,-1.362400361489906e-09,1.4176403374310986e-08,-3.225190677756373e-09,-1.362400361489906e-09,3,False,250.0
b712773f15e0f684,20270301_h250_r0_p90_y80_TPMC_N400000_S101,101,sample,687,triangle_0687,sailWall,-0.11084999999879357,-0.19366610160209988,0.4110203300707973,-1.0,4.969108938755081e-17,2.9366822934629924e-12,0.0010133375942575447,-8.080992028387935e-14,7484.538922892781,-1319.726150268671,3.2548680494176776e-08,2.5186588095639075e-07,-3.385712055080491e-08,-9.758471603598369e-08,9.716910227817794e-09,-2.1495489121278566e-08,-9.758471603598369e-08,9.716910227817794e-09,-2.1495489121278566e-08,13,False,250.0
b712773f15e0f684,20270301_h250_r0_p90_y80_TPMC_N400000_S101,101,sample,688,triangle_0688,sailWall,-0.1108499999986629,0.23032514981254748,0.4555462989655121,-1.0,-1.2046905884488764e-15,2.9336620010860217e-12,0.0010646548903970375,-8.080992028387935e-14,7484.538922892781,-1319.726150268671,1.6094898188444654e-08,1.0158496590779593e-07,-1.9206756173423358e-08,-5.1426372446823405e-08,5.322877942296497e-09,-1.4926011010333184e-08,-5.1426372446823405e-08,5.322877942296497e-09,-1.4926011010333184e-08,4,False,250.0
b712773f15e0f684,20270301_h250_r0_p90_y80_TPMC_N400000_S101,101,sample,689,triangle_0689,sailWall,-0.11085000000067606,0.4555447458159992,-0.23032561542657662,-1.0,-5.782902485445421e-16,2.9354449819229665e-12,0.00106471542029628,-8.080992028387935e-14,7484.538922892781,-1319.726150268671,1.6013667954657675e-08,1.0172024407221604e-07,-1.8517114435773973e-08,1.5175082597718346e-08,-5.772902671321664e-09,-1.863289840839898e-08,1.5175082597718346e-08,-5.772902671321664e-09,-1.863289840839898e-08,5,False,250.0
b712773f15e0f684,20270301_h250_r0_p90_y80_TPMC_N400000_S101,101,sample,690,triangle_0690,sailWall,-0.11084999999932393,-0.45554474581599896,0.2303256154272276,-1.0,-8.201102498516301e-16,2.9356868019242686e-12,0.0010647154202962886,-8.080992028387935e-14,7484.538922892781,-1319.726150268671,5.796070820708632e-09,5.684461020396174e-08,-7.709852955035882e-09,-9.35913535569885e-09,4.6005794409655645e-10,-3.688361427330551e-09,-9.35913535569885e-09,4.6005794409655645e-10,-3.688361427330551e-09,3,False,250.0
b712773f15e0f684,20270301_h250_r0_p90_y80_TPMC_N400000_S101,101,sample,691,triangle_0691,sailWall,-0.11085000000133716,-0.23032495352208912,-0.455545272284144,-1.0,5.724206347091828e-16,2.9354391123091836e-12,0.001064722958397993,-8.080992028387935e-14,7484.538922892781,-1319.726150268671,1.70715382614909e-08,1.3699890623249492e-07,-2.669874617393334e-08,6.853819457111665e-08,-1.0753950033995067e-08,-1.1193999242561072e-08,6.853819457111665e-08,-1.0753950033995067e-08,-1.1193999242561072e-08,7,False,250.0
b712773f15e0f684,20270301_h250_r0_p90_y80_TPMC_N400000_S101,101,sample,692,triangle_0692,sailWall,-0.11084999999839347,0.04750918202224391,0.5473326994380897,-1.0,1.7294706470513935e-15,2.9353718014579685e-12,0.0008443012997964936,-8.080992028387935e-14,7484.538922892781,-1319.726150268671,2.535911192995934e-08,1.432655964334137e-07,-2.0006698643036793e-08,-7.911704078029004e-08,1.1565802756686557e-08,-1.7143721748453885e-08,-7.911704078029004e-08,1.1565802756686557e-08,-1.7143721748453885e-08,8,False,250.0
b712773f15e0f684,20270301_h250_r0_p90_y80_TPMC_N400000_S101,101,sample,693,triangle_0693,sailWall,-0.11085000000013906,0.5474659551320361,-0.04738954662236644,-1.0,5.375638051064362e-16,2.9352619960181344e-12,0.0008501393798584191,-8.080992028387935e-14,7484.538922892781,-1319.726150268671,1.133165144770337e-08,6.859616856179883e-08,-1.218069090099e-08,-2.9890161251777777e-09,-1.9458791770058944e-09,-1.3774537521623336e-08,-2.9890161251777777e-09,-1.9458791770058944e-09,-1.3774537521623336e-08,4,False,250.0
b712773f15e0f684,20270301_h250_r0_p90_y80_TPMC_N400000_S101,101,sample,694,triangle_0694,sailWall,-0.11084999999986093,-0.547465955132036,0.047389546623017975,-1.0,5.375638050993548e-16,2.9352619960181655e-12,0.0008501393798584286,-8.080992028387935e-14,7484.538922892781,-1319.726150268671,1.469160458122755e-08,1.130000047288605e-07,-3.033330995747475e-08,1.1479274875381386e-08,-2.6662938402789204e-09,-4.4418536726745565e-09,1.1479274875381386e-08,-2.6662938402789204e-09,-4.4418536726745565e-09,6,False,250.0
b712773f15e0f684,20270301_h250_r0_p90_y80_TPMC_N400000_S101,101,sample,695,triangle_0695,sailWall,-0.11085000000160698,-0.04738747663279502,-0.5474668558700254,-1.0,-9.328753447365033e-17,2.9352364737014693e-12,0.0008501639059770178,-8.080992028387935e-14,7484.538922892781,-1319.726150268671,7.341047486604271e-09,3.3277499475758333e-08,-9.864319543652742e-09,1.8697565305445656e-08,-5.148969051069056e-09,-3.3411557091166338e-09,1.8697565305445656e-08,-5.148969051069056e-09,-3.3411557091166338e-09,2,False,250.0
b712773f15e0f684,20270301_h250_r0_p90_y80_TPMC_N400000_S101,101,sample,696,triangle_0696,sailWall,-0.11084999999963784,-0.06944811871985966,0.12338771607640808,-1.0,-5.883590003026879e-17,2.9347557319862607e-12,0.0008992018361056522,-8.080992028387935e-14,7484.538922892781,-1319.726150268671,1.3781069886559384e-08,6.716146691759495e-08,-1.7426797296696847e-08,-7.143135356408258e-09,-1.9373866892444586e-10,-6.389753854106015e-09,-7.143135356408258e-09,-1.9373866892444586e-10,-6.389753854106015e-09,4,False,250.0
b712773f15e0f684,20270301_h250_r0_p90_y80_TPMC_N400000_S101,101,sample,697,triangle_0697,sailWall,-0.11085000000020385,-0.12338771607608284,-0.06944811871953421,-1.0,2.1185443947571755e-15,2.936243400478505e-12,0.0008992018361056475,-8.080992028387935e-14,7484.538922892781,-1319.726150268671,1.4409436443733807e-08,8.105307299029992e-08,-1.3506714695612452e-08,6.936995259548221e-09,-2.4632424111467247e-09,-7.292016099579046e-09,6.936995259548221e-09,-2.4632424111467247e-09,-7.292016099579046e-09,5,False,250.0
b712773f15e0f684,20270301_h250_r0_p90_y80_TPMC_N400000_S101,101,sample,698,triangle_0698,sailWall,-0.11084999999979621,0.1233877160760828,0.06944811872018496,-1.0,-3.0543763389688957e-16,2.935576412662618e-12,0.0008992018361056443,-8.080992028387935e-14,7484.538922892781,-1319.726150268671,1.5403710366981664e-08,9.556263021396109e-08,-1.2258893112694799e-08,-7.874133601719685e-09,-3.450479583842976e-10,-1.2512369342867355e-08,-7.874133601719685e-09,-3.450479583842976e-10,-1.2512369342867355e-08,5,False,250.0
b712773f15e0f684,20270301_h250_r0_p90_y80_TPMC_N400000_S101,101,sample,699,triangle_0699,sailWall,-0.11085000000036217,0.06944811871985972,-0.12338771607575734,-1.0,-3.9882132593742456e-16,2.934867399679925e-12,0.0008992018361056528,-8.080992028387935e-14,7484.538922892781,-1319.726150268671,1.968032180855427e-08,1.3422911007437577e-07,-1.2139808740439398e-08,1.5905650967572344e-08,-3.784282660707183e-09,-1.6200980427328318e-08,1.5905650967572344e-08,-3.784282660707183e-09,-1.6200980427328318e-08,7,False,250.0
b712773f15e0f684,20270301_h250_r0_p90_y80_TPMC_N400000_S101,101,sample,700,triangle_0700,sailWall,-0.1108499999984699,0.08524011504154684,0.5212804491430166,-1.0,3.446602038013989e-16,2.9345935711207446e-12,0.0009379238905126409,-8.080992028387935e-14,7484.538922892781,-1319.726150268671,2.0658188156372638e-08,1.228101586815426e-07,-2.5048961207061855e-08,-6.638221984404365e-08,8.031718966034578e-09,-1.5354601261502324e-08,-6.638221984404365e-08,8.031718966034578e-09,-1.5354601261502324e-08,7,False,250.0
b712773f15e0f684,20270301_h250_r0_p90_y80_TPMC_N400000_S101,101,sample,701,triangle_0701,sailWall,-0.11085000000153007,-0.08524208224238182,-0.5212789446367888,-0.9999999999999999,-7.878358684875323e-16,2.9369894155786686e-12,0.0009378143136325456,-8.080992028387935e-14,7484.538922892781,-1319.726150268671,1.672902458963149e-08,8.71020853423079e-08,-1.5306538408651602e-08,4.67584155500495e-08,-1.0410992269674494e-08,-8.223131025579221e-09,4.67584155500495e-08,-1.0410992269674494e-08,-8.223131025579221e-09,5,False,250.0
b712773f15e0f684,20270301_h250_r0_p90_y80_TPMC_N400000_S101,101,sample,702,triangle_0702,sailWall,-0.11085000000025019,0.5212620547483495,-0.08523847517377536,-1.0,1.4761034449925812e-15,2.9359113739709576e-12,0.0009386131322803392,-8.080992028387935e-14,7484.538922892781,-1319.726150268671,5.5309741141014236e-09,5.2498177732618944e-08,-9.706344998691038e-09,-6.421427432925169e-10,-1.5444881012003868e-09,-8.66896754497786e-09,-6.421427432925169e-10,-1.5444881012003868e-09,-8.66896754497786e-09,3,False,250.0
b712773f15e0f684,20270301_h250_r0_p90_y80_TPMC_N400000_S101,101,sample,703,triangle_0703,sailWall,-0.11084999999974983,-0.5212620547483491,0.08523847517442662,-1.0,-6.024658859284156e-16,2.935235090965444e-12,0.0009386131322803291,-8.080992028387935e-14,7484.538922892781,-1319.726150268671,1.5885905798397126e-08,8.979824343321948e-08,-2.4152341490263722e-08,5.040830961276604e-09,-1.3220868799214287e-09,-1.5499909771454377e-09,5.040830961276604e-09,-1.3220868799214287e-09,-1.5499909771454377e-09,5,False,250.0
b712773f15e0f684,20270301_h250_r0_p90_y80_TPMC_N400000_S101,101,sample,704,triangle_0704,sailWall,-0.11085000000003631,0.6745229537075068,-0.012368421052299109,-1.0,-2.817673569629187e-26,2.934866691674442e-12,0.0010078879574291428,-8.080992028387935e-14,7484.538922892781,-1319.726150268671,1.331028403995425e-08,1.1568913993593279e-07,-2.1758880440939254e-08,-1.3109666542116295e-08,-2.607424440621152e-09,-2.1852199312004126e-08,-1.3109666542116295e-08,-2.607424440621152e-09,-2.1852199312004126e-08,6,False,250.0
b712773f15e0f684,20270301_h250_r0_p90_y80_TPMC_N400000_S101,101,sample,705,triangle_0705,sailWall,-0.11085000000197986,-0.012368421052624598,-0.6745229537071813,-1.0,-9.72099796078511e-16,2.933894591878396e-12,0.001007887957429149,-8.080992028387935e-14,7484.538922892781,-1319.726150268671,1.9029084700228904e-08,1.079761178745358e-07,-2.5224539997449565e-08,7.30514821886973e-08,-1.5589801911711416e-08,-1.162353931150183e-08,7.30514821886973e-08,-1.5589801911711416e-08,-1.162353931150183e-08,5,False,250.0
b712773f15e0f684,20270301_h250_r0_p90_y80_TPMC_N400000_S101,101,sample,706,triangle_0706,sailWall,-0.1108499999999637,-0.6745229537075067,0.012368421052950176,-0.9999999999999999,-3.9134355133738853e-26,2.934866691674453e-12,0.0010078879574291389,-8.080992028387935e-14,7484.538922892781,-1319.726150268671,2.3219998127033126e-08,1.5530309430890333e-07,-1.9966541652055335e-08,1.1743184847433594e-08,-1.9854499327842063e-09,-1.4978179955356708e-09,1.1743184847433594e-08,-1.9854499327842063e-09,-1.4978179955356708e-09,8,False,250.0
b712773f15e0f684,20270301_h250_r0_p90_y80_TPMC_N400000_S101,101,sample,707,triangle_0707,sailWall,-0.1108499999999637,0.6745229537075067,0.012368421052963893,-1.0,-2.7984588715114484e-26,2.934866691674476e-12,0.001007887957429131,-8.080992028387935e-14,7484.538922892781,-1319.726150268671,8.879868066028913e-09,7.210584371081352e-08,-9.9626519754151e-09,-7.858864891613012e-09,-9.344511334776181e-10,-1.397564268646395e-08,-7.858864891613012e-09,-9.344511334776181e-10,-1.397564268646395e-08,4,False,250.0
b712773f15e0f684,20270301_h250_r0_p90_y80_TPMC_N400000_S101,101,sample,708,triangle_0708,sailWall,-0.11085000000003631,-0.6745229537075067,-0.01236842105231283,-1.0,-3.9155009365295955e-26,2.934866691674464e-12,0.0010078879574291352,-8.080992028387935e-14,7484.538922892781,-1319.726150268671,2.9991009452781105e-08,1.5972642209439955e-07,-1.9939551126910448e-08,1.561639472856442e-08,-2.5688636087080976e-09,2.4844033815978218e-09,1.561639472856442e-08,-2.5688636087080976e-09,2.4844033815978218e-09,8,False,250.0
b712773f15e0f684,20270301_h250_r0_p90_y80_TPMC_N400000_S101,101,sample,709,triangle_0709,sailWall,-0.11085000000197986,0.012368421052638509,-0.6745229537071812,-1.0,9.720997960346877e-16,2.9338945918783966e-12,0.0010078879574291415,-8.080992028387935e-14,7484.538922892781,-1319.726150268671,1.884515586690043e-08,1.1350078442216203e-07,-2.018554805080967e-08,7.682070957686164e-08,-1.4978139058261323e-08,-1.2767716876244038e-08,7.682070957686164e-08,-1.4978139058261323e-08,-1.2767716876244038e-08,6,False,250.0
b712773f15e0f684,20270301_h250_r0_p90_y80_TPMC_N400000_S101,101,sample,710,triangle_0710,sailWall,-0.11084999999802013,0.012368421052624609,0.6745229537078323,-1.0,-7.166453257212866e-16,2.934150046348762e-12,0.0010078879574291412,-8.080992028387935e-14,7484.538922892781,-1319.726150268671,2.0525995374171133e-08,8.983999006849781e-08,-1.808521083073368e-08,-6.095684773615614e-08,1.186238736845651e-08,-1.0090921738524571e-08,-6.095684773615614e-08,1.186238736845651e-08,-1.0090921738524571e-08,5,False,250.0
b712773f15e0f684,20270301_h250_r0_p90_y80_TPMC_N400000_S101,101,sample,711,triangle_0711,sailWall,-0.11084999999802013,-0.012368421052638483,0.674522953707832,-1.0,7.16645325660048e-16,2.9341500463487618e-12,0.0010078879574291317,-8.080992028387935e-14,7484.538922892781,-1319.726150268671,1.832898127005474e-08,1.2173573641008247e-07,-2.1855786554874934e-08,-8.158886155623439e-08,9.90909404271395e-09,-1.3256116534018104e-08,-8.158886155623439e-08,9.90909404271395e-09,-1.3256116534018104e-08,7,False,250.0
b712773f15e0f684,20270301_h250_r0_p90_y80_TPMC_N400000_S101,101,sample,712,triangle_0712,sailWall,-0.11085000000008394,-0.243315494548448,-0.028588753191665834,-1.0,-2.328479317534804e-16,2.9359273925351204e-12,0.000901770286621524,-8.080992028387935e-14,7484.538922892781,-1319.726150268671,1.803373147532071e-08,1.310085012592176e-07,-2.0086542801126626e-08,7.927202849074888e-09,-2.663855281552046e-09,-1.018039041904625e-08,7.927202849074888e-09,-2.663855281552046e-09,-1.018039041904625e-08,8,False,250.0
b712773f15e0f684,20270301_h250_r0_p90_y80_TPMC_N400000_S101,101,sample,713,triangle_0713,sailWall,-0.11084999999991609,0.24331549454844795,0.02858875319231663,-1.0,1.073236222073387e-15,2.933687756043321e-12,0.0009017702866215253,-8.080992028387935e-14,7484.538922892781,-1319.726150268671,2.5512583787020725e-09,1.9566744361959145e-08,-3.115862178894162e-09,-1.4767310381792791e-09,-2.4819457253748467e-10,-2.7677354427055086e-09,-1.4767310381792791e-09,-2.4819457253748467e-10,-2.7677354427055086e-09,1,False,250.0
b712773f15e0f684,20270301_h250_r0_p90_y80_TPMC_N400000_S101,101,sample,714,triangle_0714,sailWall,-0.11085000000071417,0.028588753191991126,-0.24331549454812265,-1.0,5.367898908181626e-16,2.934688595763879e-12,0.0009017702866215228,-8.080992028387935e-14,7484.538922892781,-1319.726150268671,2.3485597117636208e-09,1.6502237837692944e-08,-3.8793289305915535e-11,3.83983967586356e-09,-5.508854732476237e-10,-1.8753330743363775e-09,3.83983967586356e-09,-5.508854732476237e-10,-1.8753330743363775e-09,1,False,250.0
b712773f15e0f684,20270301_h250_r0_p90_y80_TPMC_N400000_S101,101,sample,715,triangle_0715,sailWall,-0.11084999999928584,-0.02858875319199096,0.24331549454877366,-1.0,7.698522023316712e-16,2.9344907496224595e-12,0.0009017702866215248,-8.080992028387935e-14,7484.538922892781,-1319.726150268671,6.740048834778048e-09,3.894419217042102e-08,-2.6984104600791136e-09,-9.053348151157018e-09,1.3032632560626763e-09,-4.146090008935948e-09,-9.053348151157018e-09,1.3032632560626763e-09,-4.146090008935948e-09,3,False,250.0
b712773f15e0f684,20270301_h250_r0_p90_y80_TPMC_N400000_S101,101,sample,716,triangle_0716,sailWall,-0.11084999999977947,-0.06969736837104877,0.0751396428005761,-1.0,-6.019882363667573e-16,2.9365015274623393e-12,0.0009769599023890154,-8.080992028387935e-14,7484.538922892781,-1319.726150268671,2.2087090866098905e-08,8.320635246027423e-08,-1.569043297040134e-08,-4.553219779785432e-09,-1.817710381233953e-10,-7.753602749290103e-09,-4.553219779785432e-09,-1.817710381233953e-10,-7.753602749290103e-09,9,False,250.0
b712773f15e0f684,20270301_h250_r0_p90_y80_TPMC_N400000_S101,101,sample,717,triangle_0717,sailWall,-0.11084999999979546,0.07513964280025082,0.06969736837137418,-1.0,3.361799561092322e-16,2.9356670998452527e-12,0.0009769599023890189,-8.080992028387935e-14,7484.538922892781,-1319.726150268671,1.5877903017909996e-08,9.720373350826446e-08,-1.5159289312046547e-08,-7.95910030834923e-09,-5.52014419717751e-10,-1.2037875181380623e-08,-7.95910030834923e-09,-5.52014419717751e-10,-1.2037875181380623e-08,5,False,250.0
b712773f15e0f684,20270301_h250_r0_p90_y80_TPMC_N400000_S101,101,sample,718,triangle_0718,sailWall,-0.1108500000002046,-0.07513964280025083,-0.06969736837072346,-1.0,-1.837619111744219e-15,2.936562706689722e-12,0.0009769599023890184,-8.080992028387935e-14,7484.538922892781,-1319.726150268671,2.6884337882811215e-08,9.202014886008073e-08,-2.5904682783377512e-08,8.394318573794681e-09,-4.7006710112837754e-09,-8.104102065460061e-09,8.394318573794681e-09,-4.7006710112837754e-09,-8.104102065460061e-09,13,False,250.0
b712773f15e0f684,20270301_h250_r0_p90_y80_TPMC_N400000_S101,101,sample,719,triangle_0719,sailWall,-0.11085000000022056,0.06969736837104884,-0.07513964279992537,-1.0,4.640358134177584e-16,2.9345766365232535e-12,0.0009769599023890193,-8.080992028387935e-14,7484.538922892781,-1319.726150268671,8.748599644007048e-09,5.030715944435381e-08,-3.594010372986767e-09,3.44587706896058e-09,-1.0466785234584682e-09,-6.165149086903211e-09,3.44587706896058e-09,-1.0466785234584682e-09,-6.165149086903211e-09,2,False,250.0
b712773f15e0f684,20270301_h250_r0_p90_y80_TPMC_N400000_S101,101,sample,720,triangle_0720,sailWall,-0.11085000000013344,-0.08201386723635588,-0.045462704833981155,-1.0,-1.5527900677365525e-15,2.9354988570779615e-12,0.0009876499254620871,-8.080992028387935e-14,7484.538922892781,-1319.726150268671,4.0981107142968116e-08,1.3579719666056087e-07,-2.612198672555455e-08,8.501947263059142e-09,-4.744892320574006e-09,-1.1837483428478476e-08,8.501947263059142e-09,-4.744892320574006e-09,-1.1837483428478476e-08,17,False,250.0
b712773f15e0f684,20270301_h250_r0_p90_y80_TPMC_N400000_S101,101,sample,721,triangle_0721,sailWall,-0.11084999999986661,0.08201386723635588,0.045462704834631905,-1.0,5.338698625633614e-16,2.9349287189299095e-12,0.000987649925462085,-8.080992028387935e-14,7484.538922892781,-1319.726150268671,1.2818623182226482e-08,8.408010054140835e-08,-1.5110879826395863e-08,-5.587406942975951e-09,-1.013398622973307e-09,-1.0355281734222218e-08,-5.587406942975951e-09,-1.013398622973307e-09,-1.0355281734222218e-08,4,False,250.0
b712773f15e0f684,20270301_h250_r0_p90_y80_TPMC_N400000_S101,101,sample,722,triangle_0722,sailWall,-0.11084999999975931,-0.04546270483430647,0.08201386723668122,-1.0,-7.949896644479006e-16,2.9364498543577535e-12,0.0009876499254620854,-8.080992028387935e-14,7484.538922892781,-1319.726150268671,2.2469146351548492e-08,1.3398243621960873e-07,-2.9039789170825733e-08,-1.0263156386015512e-08,-1.2854548081251948e-09,-1.3856358383083331e-08,-1.0263156386015512e-08,-1.2854548081251948e-09,-1.3856358383083331e-08,6,False,250.0
b712773f15e0f684,20270301_h250_r0_p90_y80_TPMC_N400000_S101,101,sample,723,triangle_0723,sailWall,-0.11085000000024074,0.045462704834306505,-0.08201386723603045,-1.0,-1.043267279082168e-15,2.9341730797666218e-12,0.0009876499254620843,-8.080992028387935e-14,7484.538922892781,-1319.726150268671,1.251137680804159e-08,6.424261529892016e-08,-8.185881998513e-09,4.399323248059689e-09,-1.8328290042470175e-09,-7.680084433483173e-09,4.399323248059689e-09,-1.8328290042470175e-09,-7.680084433483173e-09,3,False,250.0
b712773f15e0f684,20270301_h250_r0_p90_y80_TPMC_N400000_S101,101,sample,724,triangle_0724,sailWall,-0.11084999999937206,-0.17498075178040737,0.213936300579581,-1.0,-1.7876188098686766e-15,2.9338680132254495e-12,0.0009408676589957848,-8.080992028387935e-14,7484.538922892781,-1319.726150268671,1.7334579436364724e-08,9.910773946389694e-08,-1.9123591642902598e-08,-1.8318048330782146e-08,1.6883956324324853e-09,-7.909495506486061e-09,-1.8318048330782146e-08,1.6883956324324853e-09,-7.909495506486061e-09,5,False,250.0
b712773f15e0f684,20270301_h250_r0_p90_y80_TPMC_N400000_S101,101,sample,725,triangle_0725,sailWall,-0.11085000000062796,0.17498075178040753,-0.21393630057892962,-1.0,6.211037218373182e-16,2.934377983745772e-12,0.0009408676589957681,-8.080992028387935e-14,7484.538922892781,-1319.726150268671,8.037819428647749e-09,6.697245321894735e-08,-1.125044184414641e-08,1.215792159656057e-08,-2.9449513957642177e-09,-8.85781302912258e-09,1.215792159656057e-08,-2.9449513957642177e-09,-8.85781302912258e-09,4,False,250.0
b712773f15e0f684,20270301_h250_r0_p90_y80_TPMC_N400000_S101,101,sample,726,triangle_0726,sailWall,-0.11085000000051363,-0.21393630057925495,-0.17498075178008168,-1.0,-5.570110040663662e-16,2.936794001896485e-12,0.0009408676589957657,-8.080992028387935e-14,7484.538922892781,-1319.726150268671,1.5329049959633375e-08,1.1745734390209995e-07,-1.6549666607519805e-08,2.5157723180838898e-08,-4.602357826116268e-09,-9.600062077855592e-09,2.5157723180838898e-08,-4.602357826116268e-09,-9.600062077855592e-09,5,False,250.0
b712773f15e0f684,20270301_h250_r0_p90_y80_TPMC_N400000_S101,101,sample,727,triangle_0727,sailWall,-0.11084999999948643,0.2139362640414321,0.17498078583048396,-1.0,3.7818809814751417e-16,2.934012711648926e-12,0.0009408700771163805,-8.080992028387935e-14,7484.538922892781,-1319.726150268671,2.0021875771759977e-08,1.2318094386794622e-07,-2.4660755589777748e-08,-2.7306350168291152e-08,8.208938040213816e-10,-1.7956530245376676e-08,-2.7306350168291152e-08,8.208938040213816e-10,-1.7956530245376676e-08,6,False,250.0
b712773f15e0f684,20270301_h250_r0_p90_y80_TPMC_N400000_S101,101,sample,728,triangle_0728,sailWall,-0.11084999999925037,-0.20177480048904953,0.25539578027307325,-1.0,-2.92755097901034e-19,2.9352111555215455e-12,0.0010023199100634688,-8.080992028387935e-14,7484.538922892781,-1319.726150268671,2.1222654401273173e-08,1.5808281422228928e-07,-2.2282887150133773e-08,-3.6688123262254364e-08,3.0666165026543577e-09,-1.3327628749842718e-08,-3.6688123262254364e-08,3.0666165026543577e-09,-1.3327628749842718e-08,8,False,250.0
b712773f15e0f684,20270301_h250_r0_p90_y80_TPMC_N400000_S101,101,sample,729,triangle_0729,sailWall,-0.11085000000074963,0.20177480048904972,-0.25539578027242155,-1.0,-2.927550943347816e-19,2.9352111555215374e-12,0.0010023199100634684,-8.080992028387935e-14,7484.538922892781,-1319.726150268671,2.7038370802426034e-08,1.705402387323455e-07,-2.839218541069202e-08,3.8717982988685963e-08,-1.0230990594456159e-08,-2.435648616108899e-08,3.8717982988685963e-08,-1.0230990594456159e-08,-2.435648616108899e-08,9,False,250.0
b712773f15e0f684,20270301_h250_r0_p90_y80_TPMC_N400000_S101,101,sample,730,triangle_0730,sailWall,-0.11085000000059231,-0.25539578027274673,-0.20177480048872387,-1.0,1.486707780583043e-16,2.9349711444261644e-12,0.0010023199100634573,-8.080992028387935e-14,7484.538922892781,-1319.726150268671,2.1617642490710334e-08,1.3025481009887188e-07,-2.770185783566003e-08,3.330108580887375e-08,-7.423022769790973e-09,-8.997083452432125e-09,3.330108580887375e-08,-7.423022769790973e-09,-8.997083452432125e-09,7,False,250.0
b712773f15e0f684,20270301_h250_r0_p90_y80_TPMC_N400000_S101,101,sample,731,triangle_0731,sailWall,-0.11084999999940777,0.25539539747851575,0.20177595757675623,-1.0,7.88655535456614e-16,2.9366499235837056e-12,0.001002378613444946,-8.080992028387935e-14,7484.538922892781,-1319.726150268671,2.1085176026741978e-08,1.2215735177722047e-07,-2.252810559910986e-08,-3.072228458814542e-08,1.8531929615999921e-09,-1.8860541481100833e-08,-3.072228458814542e-08,1.8531929615999921e-09,-1.8860541481100833e-08,7,False,250.0
b712773f15e0f684,20270301_h250_r0_p90_y80_TPMC_N400000_S101,101,sample,732,triangle_0732,sailWall,-0.1108500000002844,0.46349362941092603,-0.09688765324261317,-1.0,-1.195396717319583e-15,2.9348550139085e-12,0.001095855711239255,-8.080992028387935e-14,7484.538922892781,-1319.726150268671,6.044132371240987e-09,3.393587203791778e-08,-4.6441595746028955e-09,9.74005771834501e-10,-1.0614171663249034e-09,-6.5135375139012e-09,9.74005771834501e-10,-1.0614171663249034e-09,-6.5135375139012e-09,2,False,250.0
b712773f15e0f684,20270301_h250_r0_p90_y80_TPMC_N400000_S101,101,sample,733,triangle_0733,sailWall,-0.11084999999971563,-0.463493629410926,0.09688765324326436,-1.0,6.983753861034244e-16,2.935037130356253e-12,0.001095855711239247,-8.080992028387935e-14,7484.538922892781,-1319.726150268671,2.2410594113419572e-08,1.640265088629106e-07,-2.7221888095272785e-08,-2.035966204092597e-09,-1.0253165067916771e-09,-7.950758432629802e-09,-2.035966204092597e-09,-1.0253165067916771e-09,-7.950758432629802e-09,7,False,250.0
b712773f15e0f684,20270301_h250_r0_p90_y80_TPMC_N400000_S101,101,sample,734,triangle_0734,sailWall,-0.1108499999986395,0.09689842381374662,0.4635038379483511,-0.9999999999999999,-1.601501433513231e-15,2.93597145229693e-12,0.0010965539151761015,-8.080992028387935e-14,7484.538922892781,-1319.726150268671,2.5761474665943014e-08,1.4735295696182376e-07,-2.3451245572794193e-08,-7.070757735334036e-08,9.363161816537234e-09,-1.8939681853898014e-08,-7.070757735334036e-08,9.363161816537234e-09,-1.8939681853898014e-08,8,False,250.0
b712773f15e0f684,20270301_h250_r0_p90_y80_TPMC_N400000_S101,101,sample,735,triangle_0735,sailWall,-0.11085000000136046,-0.09689867355925232,-0.4635036886881812,-0.9999999999999999,-1.3924116356913167e-15,2.9337941751020616e-12,0.0010965409502982706,-8.080992028387935e-14,7484.538922892781,-1319.726150268671,1.1519155095161394e-08,8.346577242533023e-08,-1.5878279535141517e-08,4.029773725205872e-08,-7.103579347339232e-09,-8.074818766551832e-09,4.029773725205872e-08,-7.103579347339232e-09,-8.074818766551832e-09,4,False,250.0
b712773f15e0f684,20270301_h250_r0_p90_y80_TPMC_N400000_S101,101,sample,736,triangle_0736,sailWall,-0.11084999999939217,-0.19993502165198165,0.20708008771779798,-1.0,2.9681214730168603e-16,2.9345641307971276e-12,0.0009852105040035887,-8.080992028387935e-14,7484.538922892781,-1319.726150268671,1.5677475351253467e-08,9.255271241124455e-08,-1.4529988892719841e-08,-1.7169351618094933e-08,1.7452955788044315e-09,-7.196971654627344e-09,-1.7169351618094933e-08,1.7452955788044315e-09,-7.196971654627344e-09,5,False,250.0
b712773f15e0f684,20270301_h250_r0_p90_y80_TPMC_N400000_S101,101,sample,737,triangle_0737,sailWall,-0.11085000000060784,0.19993502165198193,-0.20708008771714662,-1.0,4.650226090013417e-16,2.934325858821759e-12,0.0009852105040035843,-8.080992028387935e-14,7484.538922892781,-1319.726150268671,2.764379122371428e-08,1.7166276664673927e-07,-2.3926664421755286e-08,3.031305513831075e-08,-8.351974112122627e-09,-2.458610520807846e-08,3.031305513831075e-08,-8.351974112122627e-09,-2.458610520807846e-08,9,False,250.0
b712773f15e0f684,20270301_h250_r0_p90_y80_TPMC_N400000_S101,101,sample,738,triangle_0738,sailWall,-0.11085000000058691,-0.20708008771747202,-0.199935021651656,-1.0,1.5773180831840888e-17,2.935078876269215e-12,0.0009852105040035748,-8.080992028387935e-14,7484.538922892781,-1319.726150268671,7.417569481344853e-09,8.202787032141806e-08,-1.6319495939214273e-08,2.051741123561367e-08,-3.35889214205599e-09,-7.554849050072164e-09,2.051741123561367e-08,-3.35889214205599e-09,-7.554849050072164e-09,4,False,250.0
b712773f15e0f684,20270301_h250_r0_p90_y80_TPMC_N400000_S101,101,sample,739,triangle_0739,sailWall,-0.11084999999941318,0.20707994285574982,0.19993515664955708,-1.0,-8.588308527462305e-16,2.937716832089696e-12,0.0009852208326016389,-8.080992028387935e-14,7484.538922892781,-1319.726150268671,6.823864792940401e-09,4.713228250821563e-08,-1.0258817634862813e-08,-1.1818937978970356e-08,2.573033861442382e-10,-6.63570201965435e-09,-1.1818937978970356e-08,2.573033861442382e-10,-6.63570201965435e-09,2,False,250.0
b712773f15e0f684,20270301_h250_r0_p90_y80_TPMC_N400000_S101,101,sample,740,triangle_0740,sailWall,-0.11084999999999663,-0.19295315064087992,0.0011475586389983288,-1.0,2.114897000969147e-16,2.9353026503085773e-12,0.0009775857833668965,-8.080992028387935e-14,7484.538922892781,-1319.726150268671,2.042680232173745e-08,1.3676566458864104e-07,-2.304670522385166e-08,3.0915156869827257e-09,-2.4319548636259208e-09,-1.133717819267981e-08,3.0915156869827257e-09,-2.4319548636259208e-09,-1.133717819267981e-08,9,False,250.0
b712773f15e0f684,20270301_h250_r0_p90_y80_TPMC_N400000_S101,101,sample,741,triangle_0741,sailWall,-0.11085000000056637,-0.0011475586386730633,-0.19295315064055463,-1.0,1.4418067780298501e-15,2.935625606878001e-12,0.0009775857833669009,-8.080992028387935e-14,7484.538922892781,-1319.726150268671,1.869029092747983e-09,1.7307727165181818e-08,-2.216263083933686e-09,3.1594824046446525e-09,-5.852734965154306e-10,-1.9061768853256145e-09,3.1594824046446525e-09,-5.852734965154306e-10,-1.9061768853256145e-09,1,False,250.0
b712773f15e0f684,20270301_h250_r0_p90_y80_TPMC_N400000_S101,101,sample,742,triangle_0742,sailWall,-0.11084999999943367,0.0011475586386731605,0.19295315064120544,-1.0,-5.797450672476802e-16,2.9363608182297697e-12,0.0009775857833668998,-8.080992028387935e-14,7484.538922892781,-1319.726150268671,2.7600547024091795e-08,1.7102943337274767e-07,-3.5128420974266835e-08,-3.252571558453881e-08,1.3454272607587353e-09,-1.896666903077905e-08,-3.252571558453881e-08,1.3454272607587353e-09,-1.896666903077905e-08,9,False,250.0
b712773f15e0f684,20270301_h250_r0_p90_y80_TPMC_N400000_S101,101,sample,743,triangle_0743,sailWall,-0.11085000000000338,0.19295315064088,-0.0011475586383476826,-1.0,-9.127727752416676e-17,2.935274042527069e-12,0.000977585783366891,-8.080992028387935e-14,7484.538922892781,-1319.726150268671,0.0,0.0,0.0,0.0,0.0,0.0,0.0,0.0,0.0,0,True,250.0
b712773f15e0f684,20270301_h250_r0_p90_y80_TPMC_N400000_S101,101,sample,744,triangle_0744,sailWall,-0.11085000000071858,0.07651720489862605,-0.24481444437171063,-1.0,-2.3275051757280436e-16,2.9358814450869077e-12,0.0009357419923838751,-8.080992028387935e-14,7484.538922892781,-1319.726150268671,6.7545677229161375e-09,3.607660456034617e-08,-6.2301799389041294e-09,8.104283726445257e-09,-2.3063643977986115e-09,-4.547703962378061e-09,8.104283726445257e-09,-2.3063643977986115e-09,-4.547703962378061e-09,2,False,250.0
b712773f15e0f684,20270301_h250_r0_p90_y80_TPMC_N400000_S101,101,sample,745,triangle_0745,sailWall,-0.11084999999928143,-0.07651720489862583,0.24481444437236177,-1.0,-4.769794547003397e-16,2.9356907730149677e-12,0.0009357419923838796,-8.080992028387935e-14,7484.538922892781,-1319.726150268671,2.0001284956770876e-08,1.0738813079107958e-07,-2.2536752590305767e-08,-2.508016732792492e-08,2.4724447430200246e-09,-1.0373188848767413e-08,-2.508016732792492e-08,2.4724447430200246e-09,-1.0373188848767413e-08,5,False,250.0
b712773f15e0f684,20270301_h250_r0_p90_y80_TPMC_N400000_S101,101,sample,746,triangle_0746,sailWall,-0.1108500000002246,-0.24481444437203592,-0.07651720489830066,-1.0,-1.1707069077058684e-15,2.9343297354233545e-12,0.0009357419923838723,-8.080992028387935e-14,7484.538922892781,-1319.726150268671,1.656319006230807e-08,1.0372198475595203e-07,-1.596018874053997e-08,1.2939009475676804e-08,-3.1972518007429683e-09,-7.516803092501746e-09,1.2939009475676804e-08,-3.1972518007429683e-09,-7.516803092501746e-09,7,False,250.0
b712773f15e0f684,20270301_h250_r0_p90_y80_TPMC_N400000_S101,101,sample,747,triangle_0747,sailWall,-0.11084999999977542,0.24481444437203584,0.07651720489895146,-1.0,-2.6481594228709904e-16,2.9364077044096925e-12,0.0009357419923838651,-8.080992028387935e-14,7484.538922892781,-1319.726150268671,1.4263854916145609e-08,1.1248128675512214e-07,-2.0703647753332298e-08,-1.2902101678348076e-08,-1.2876329503117986e-09,-1.5951243511722226e-08,-1.2902101678348076e-08,-1.2876329503117986e-09,-1.5951243511722226e-08,5,False,250.0
b712773f15e0f684,20270301_h250_r0_p90_y80_TPMC_N400000_S101,101,sample,748,triangle_0748,sailWall,-0.11084999999869723,-0.15366762593852293,0.4438421368540222,-1.0,-2.412048782770731e-16,2.9351817896129503e-12,0.0013218235967059114,-8.080992028387935e-14,7484.538922892781,-1319.726150268671,2.2650136587823446e-08,1.1755250445036233e-07,-1.8164307422796027e-08,-4.952286691647949e-08,8.102583485513347e-09,-9.612233461240803e-09,-4.952286691647949e-08,8.102583485513347e-09,-9.612233461240803e-09,7,False,250.0
b712773f15e0f684,20270301_h250_r0_p90_y80_TPMC_N400000_S101,101,sample,749,triangle_0749,sailWall,-0.11085000000130275,0.1536785120190437,-0.4438380496267553,-1.0,-9.017998052272363e-16,2.935534475589788e-12,0.0013217223843361126,-8.080992028387935e-14,7484.538922892781,-1319.726150268671,2.5121978086847106e-08,1.7170718221858462e-07,-2.5448008131149953e-08,7.094929212292093e-08,-1.378168656248205e-08,-2.2877022544154262e-08,7.094929212292093e-08,-1.378168656248205e-08,-2.2877022544154262e-08,9,False,250.0
b712773f15e0f684,20270301_h250_r0_p90_y80_TPMC_N400000_S101,101,sample,750,triangle_0750,sailWall,-0.11084999999954893,0.44383801307427584,0.15367854587792898,-1.0,-1.6772595650032152e-16,2.9361878371754005e-12,0.0013217246104904488,-8.080992028387935e-14,7484.538922892781,-1319.726150268671,3.3501596625697456e-08,2.067927164602515e-07,-4.4054411844926774e-08,-4.98875733118876e-08,3.78579751262262e-11,-3.7747398085567257e-08,-4.98875733118876e-08,3.78579751262262e-11,-3.7747398085567257e-08,12,False,250.0
b712773f15e0f684,20270301_h250_r0_p90_y80_TPMC_N400000_S101,101,sample,751,triangle_0751,sailWall,-0.11085000000045107,-0.4438420614156445,-0.15366776885556252,-1.0,5.308253322632651e-16,2.9363320464192234e-12,0.0013218160634580482,-8.080992028387935e-14,7484.538922892781,-1319.726150268671,7.672219220759879e-09,4.4940862338834296e-08,-4.8096711347011605e-09,9.401522625554968e-09,-1.7767513909643485e-09,-1.605292155999119e-09,9.401522625554968e-09,-1.7767513909643485e-09,-1.605292155999119e-09,2,False,250.0
b712773f15e0f684,20270301_h250_r0_p90_y80_TPMC_N400000_S101,101,sample,752,triangle_0752,sailWall,-0.11084999999956409,0.17495257718483195,0.14852000418562886,-1.0,4.568908293045022e-16,2.934608344224419e-12,0.0009641229560424033,-8.080992028387935e-14,7484.538922892781,-1319.726150268671,1.6841869944115173e-08,1.0517379359004213e-07,-2.224785865102759e-08,-1.9571275636597847e-08,6.546623346145932e-11,-1.4505916331425295e-08,-1.9571275636597847e-08,6.546623346145932e-11,-1.4505916331425295e-08,6,False,250.0
b712773f15e0f684,20270301_h250_r0_p90_y80_TPMC_N400000_S101,101,sample,753,triangle_0753,sailWall,-0.11085000000051355,0.1485199676537919,-0.17495261638543624,-1.0,3.360960702000416e-16,2.9355001341730386e-12,0.0009641213919782932,-8.080992028387935e-14,7484.538922892781,-1319.726150268671,1.758088649272064e-08,8.324045475622594e-08,-1.2070227340266581e-08,1.2586112615749867e-08,-4.407515576669047e-09,-1.19361434322419e-08,1.2586112615749867e-08,-4.407515576669047e-09,-1.19361434322419e-08,5,False,250.0
b712773f15e0f684,20270301_h250_r0_p90_y80_TPMC_N400000_S101,101,sample,754,triangle_0754,sailWall,-0.11085000000043593,-0.1749526163857615,-0.14851996765346617,-1.0,7.160345297170334e-16,2.9367237085205316e-12,0.0009641213919782827,-8.080992028387935e-14,7484.538922892781,-1319.726150268671,2.099526989073466e-08,1.4723500275234304e-07,-3.988148457018789e-08,2.8732053563624616e-08,-7.536992599177333e-09,-1.2742738120264884e-08,2.8732053563624616e-08,-7.536992599177333e-09,-1.2742738120264884e-08,7,False,250.0
b712773f15e0f684,20270301_h250_r0_p90_y80_TPMC_N400000_S101,101,sample,755,triangle_0755,sailWall,-0.11084999999948651,-0.14851996765379175,0.1749526163860872,-1.0,-1.7731450771868598e-15,2.9357580074826747e-12,0.0009641213919782941,-8.080992028387935e-14,7484.538922892781,-1319.726150268671,1.907995779128769e-08,1.1737513183361155e-07,-1.6419765374243345e-08,-1.810142012725743e-08,1.4220621308263368e-09,-1.0337738558235398e-08,-1.810142012725743e-08,1.4220621308263368e-09,-1.0337738558235398e-08,5,False,250.0
b712773f15e0f684,20270301_h250_r0_p90_y80_TPMC_N400000_S101,101,sample,756,triangle_0756,sailWall,-0.11085000000074857,-0.36936093044965973,-0.2550281476660974,-1.0,-2.275815231157139e-16,2.9362489649879e-12,0.0010623616739016645,-8.080992028387935e-14,7484.538922892781,-1319.726150268671,1.0598743681690563e-08,7.329707460288528e-08,-1.0453456352131683e-08,2.2816757849421584e-08,-3.925345192714194e-09,-4.157573696691763e-09,2.2816757849421584e-08,-3.925345192714194e-09,-4.157573696691763e-09,3,False,250.0
b712773f15e0f684,20270301_h250_r0_p90_y80_TPMC_N400000_S101,101,sample,757,triangle_0757,sailWall,-0.11084999999925144,0.3693435392511155,0.2550447026295663,-1.0,7.122438238714186e-16,2.9350898061818794e-12,0.0010631245900376229,-8.080992028387935e-14,7484.538922892781,-1319.726150268671,1.4740246426367789e-08,8.73853424979633e-08,-1.2391082658277896e-08,-2.7451331406566314e-08,2.53021395045865e-09,-1.509702635980984e-08,-2.7451331406566314e-08,2.53021395045865e-09,-1.509702635980984e-08,5,False,250.0
b712773f15e0f684,20270301_h250_r0_p90_y80_TPMC_N400000_S101,101,sample,758,triangle_0758,sailWall,-0.11085000000108418,0.2550281476664234,-0.36936093044933366,-1.0,-3.883723869224271e-16,2.9361610337618877e-12,0.0010623616739016662,-8.080992028387935e-14,7484.538922892781,-1319.726150268671,8.748688639846615e-09,6.7642590347624e-08,-9.612697358748499e-09,2.198133794595432e-08,-4.242763425494844e-09,-9.761711294720337e-09,2.198133794595432e-08,-4.242763425494844e-09,-9.761711294720337e-09,2,False,250.0
b712773f15e0f684,20270301_h250_r0_p90_y80_TPMC_N400000_S101,101,sample,759,triangle_0759,sailWall,-0.11084999999891583,-0.2550281476664233,0.3693609304499847,-1.0,-1.396401719658985e-16,2.9359256955058287e-12,0.0010623616739016588,-8.080992028387935e-14,7484.538922892781,-1319.726150268671,3.0616600272236787e-08,2.0844773365370588e-07,-3.879585343782249e-08,-6.764111897954266e-08,7.086432573187578e-09,-1.5580698993880087e-08,-6.764111897954266e-08,7.086432573187578e-09,-1.5580698993880087e-08,11,False,250.0
b712773f15e0f684,20270301_h250_r0_p90_y80_TPMC_N400000_S101,101,sample,760,triangle_0760,sailWall,-0.11084999999839462,-0.05000845833746406,0.5469355120869334,-0.9999999999999999,6.9498846396119035e-16,2.935914700716694e-12,0.0008149359696463401,-8.080992028387935e-14,7484.538922892781,-1319.726150268671,9.912716935880347e-09,7.435462354695423e-08,-1.0272264126659757e-08,-4.0031359134734766e-08,4.268493576779529e-09,-7.861601621265422e-09,-4.0031359134734766e-08,4.268493576779529e-09,-7.861601621265422e-09,4,False,250.0
b712773f15e0f684,20270301_h250_r0_p90_y80_TPMC_N400000_S101,101,sample,761,triangle_0761,sailWall,-0.11084999999985203,0.5468274529255194,0.050415379543305196,-0.9999999999999999,1.9745870572364654e-15,2.9357203860596146e-12,0.0008305077042568724,-8.080992028387935e-14,7484.538922892781,-1319.726150268671,5.213362078519091e-09,3.8807042207929864e-08,-8.072281970080154e-09,-6.816399002734627e-09,-5.75406923642315e-10,-7.141794445279852e-09,-6.816399002734627e-09,-5.75406923642315e-10,-7.141794445279852e-09,2,False,250.0
b712773f15e0f684,20270301_h250_r0_p90_y80_TPMC_N400000_S101,101,sample,762,triangle_0762,sailWall,-0.11085000000014796,-0.5468279220317095,-0.0504135490149637,-0.9999999999999999,1.8121152605605417e-15,2.9362363497185033e-12,0.0008304690978271139,-8.080992028387935e-14,7484.538922892781,-1319.726150268671,1.1231910683722191e-08,7.10528653189791e-08,-1.2649735312336781e-08,1.075350975176588e-08,-2.000640568894243e-09,-1.6959637162963553e-09,1.075350975176588e-08,-2.000640568894243e-09,-1.6959637162963553e-09,5,False,250.0
b712773f15e0f684,20270301_h250_r0_p90_y80_TPMC_N400000_S101,101,sample,763,triangle_0763,sailWall,-0.11085000000160505,0.05041537950881705,-0.5468274529620748,-1.0,-3.4539120297170313e-16,2.9364495767131317e-12,0.0008305077006671587,-8.080992028387935e-14,7484.538922892781,-1319.726150268671,1.3083593170108835e-08,8.880065136555046e-08,-1.692196002441507e-08,4.7688449751604896e-08,-9.009293392714723e-09,-1.0460894707421823e-08,4.7688449751604896e-08,-9.009293392714723e-09,-1.0460894707421823e-08,4,False,250.0
b712773f15e0f684,20270301_h250_r0_p90_y80_TPMC_N400000_S101,101,sample,764,triangle_0764,sailWall,-0.11085000000058964,0.15405858743282516,-0.2008698366170377,-1.0,5.150498659694377e-16,2.9344391998209922e-12,0.0009299692219040055,-8.080992028387935e-14,7484.538922892781,-1319.726150268671,5.8234641462920655e-09,3.7449099448419555e-08,-9.429351685694541e-09,5.754272468816314e-09,-2.1614014869530763e-09,-5.055277624701703e-09,5.754272468816314e-09,-2.1614014869530763e-09,-5.055277624701703e-09,2,False,250.0
b712773f15e0f684,20270301_h250_r0_p90_y80_TPMC_N400000_S101,101,sample,765,triangle_0765,sailWall,-0.11084999999941043,-0.154058587432825,0.20086983661768884,-0.9999999999999999,-1.4184011274526213e-15,2.9336548945487692e-12,0.0009299692219040075,-8.080992028387935e-14,7484.538922892781,-1319.726150268671,2.7226083553908962e-08,1.3586886608921983e-07,-1.7901833198676806e-08,-2.4617835284433627e-08,3.5115510366612526e-09,-1.0992358185617372e-08,-2.4617835284433627e-08,3.5115510366612526e-09,-1.0992358185617372e-08,8,False,250.0
b712773f15e0f684,20270301_h250_r0_p90_y80_TPMC_N400000_S101,101,sample,766,triangle_0766,sailWall,-0.1108500000004522,-0.200869836617363,-0.1540585874324994,-1.0,-7.392783287742269e-16,2.9364782326722317e-12,0.0009299692219040005,-8.080992028387935e-14,7484.538922892781,-1319.726150268671,2.130702341115201e-08,1.3362855500751947e-07,-2.450510297202172e-08,2.598153953042812e-08,-6.084844017395829e-09,-1.0531280510228788e-08,2.598153953042812e-08,-6.084844017395829e-09,-1.0531280510228788e-08,6,False,250.0
b712773f15e0f684,20270301_h250_r0_p90_y80_TPMC_N400000_S101,101,sample,767,triangle_0767,sailWall,-0.11084999999954782,0.20086979741643343,0.1540586239646621,-1.0,7.505937878661024e-16,2.934657885297985e-12,0.0009299721838217908,-8.080992028387935e-14,7484.538922892781,-1319.726150268671,8.418469446836156e-09,5.5087912855534506e-08,-8.289470558483739e-09,-1.0438074680759077e-08,4.241328376872627e-10,-7.799498780013135e-09,-1.0438074680759077e-08,4.241328376872627e-10,-7.799498780013135e-09,3,False,250.0
b712773f15e0f684,20270301_h250_r0_p90_y80_TPMC_N400000_S101,101,sample,768,triangle_0768,sailWall,-0.1108500000016166,0.001849660111191487,-0.5507543079062472,-1.0,9.610220215762084e-16,2.9355774041717057e-12,0.0010279768511519492,-8.080992028387935e-14,7484.538922892781,-1319.726150268671,1.6505830114661114e-08,1.1747715061012114e-07,-1.6481888976222372e-08,6.498280919994111e-08,-1.0944949026592583e-08,-1.3038980571270666e-08,6.498280919994111e-08,-1.0944949026592583e-08,-1.3038980571270666e-08,7,False,250.0
b712773f15e0f684,20270301_h250_r0_p90_y80_TPMC_N400000_S101,101,sample,769,triangle_0769,sailWall,-0.11085000000000543,-0.550754159784241,-0.0018490044238410434,-1.0,1.1747892434133517e-15,2.9337953719119648e-12,0.0010279651710369262,-8.080992028387935e-14,7484.538922892781,-1319.726150268671,1.338265682801399e-08,9.433513687141255e-08,-1.7495935568565078e-08,9.997582179340559e-09,-1.9678069949341287e-09,-3.0747181508788766e-09,9.997582179340559e-09,-1.9678069949341287e-09,-3.0747181508788766e-09,5,False,250.0
b712773f15e0f684,20270301_h250_r0_p90_y80_TPMC_N400000_S101,101,sample,770,triangle_0770,sailWall,-0.11084999999999456,0.5507541063039457,0.0018491486930968433,-1.0,7.903078169659514e-16,2.9337947315135183e-12,0.0010279610035498275,-8.080992028387935e-14,7484.538922892781,-1319.726150268671,0.0,0.0,0.0,0.0,0.0,0.0,0.0,0.0,0.0,0,True,250.0
b712773f15e0f684,20270301_h250_r0_p90_y80_TPMC_N400000_S101,101,sample,771,triangle_0771,sailWall,-0.11084999999921064,-0.4178302905223467,0.26892716549503753,-1.0,-4.2934202863920446e-16,2.9352960337030616e-12,0.0010153415927346616,-8.080992028387935e-14,7484.538922892781,-1319.726150268671,1.6803625501990515e-08,8.857369189611268e-08,-1.9017041159988014e-08,-1.5640800555623415e-08,2.3539263713139186e-09,-2.795425204846683e-09,-1.5640800555623415e-08,2.3539263713139186e-09,-2.795425204846683e-09,5,False,250.0
b712773f15e0f684,20270301_h250_r0_p90_y80_TPMC_N400000_S101,101,sample,772,triangle_0772,sailWall,-0.11085000000122643,-0.26892715957454255,-0.4178302952308293,-1.0,-1.0103929963082756e-15,2.936474377796512e-12,0.0010153416601565008,-8.080992028387935e-14,7484.538922892781,-1319.726150268671,1.0478650378526876e-08,6.158398645441968e-08,-1.0271826302367747e-08,2.8489173073881893e-08,-5.548725338966582e-09,-3.973600213727176e-09,2.8489173073881893e-08,-5.548725338966582e-09,-3.973600213727176e-09,3,False,250.0
b712773f15e0f684,20270301_h250_r0_p90_y80_TPMC_N400000_S101,101,sample,773,triangle_0773,sailWall,-0.11084999999877358,0.2689294679503325,0.41784236899671817,-1.0,-7.102354443910282e-16,2.9341564562300837e-12,0.0010145411804650714,-8.080992028387935e-14,7484.538922892781,-1319.726150268671,1.4579205801019424e-08,9.505110889861603e-08,-1.9859429319068196e-08,-4.523699532102645e-08,3.93840356418496e-09,-1.4467053266844558e-08,-4.523699532102645e-08,3.93840356418496e-09,-1.4467053266844558e-08,5,False,250.0
b712773f15e0f684,20270301_h250_r0_p90_y80_TPMC_N400000_S101,101,sample,774,triangle_0774,sailWall,-0.11085000000078937,0.41783029052234705,-0.26892716549438644,-1.0,-1.7576285274030276e-16,2.935042454527149e-12,0.0010153415927346525,-8.080992028387935e-14,7484.538922892781,-1319.726150268671,1.7333380856828846e-08,1.1275630206058221e-07,-1.3905371666614875e-08,2.504584635590122e-08,-6.2759931166092694e-09,-1.971997364195405e-08,2.504584635590122e-08,-6.2759931166092694e-09,-1.971997364195405e-08,6,False,250.0
b712773f15e0f684,20270301_h250_r0_p90_y80_TPMC_N400000_S101,101,sample,775,triangle_0775,sailWall,-0.11084999999838392,-0.0018181769105338327,0.5505873839005194,-1.0,-9.741494348623431e-16,2.9350387772573497e-12,0.0010150269690229166,-8.080992028387935e-14,7484.538922892781,-1319.726150268671,6.384727580744448e-09,5.1858219055410024e-08,-8.353577536483918e-09,-2.7846722581021762e-08,2.5202327124562772e-09,-5.680102388196493e-09,-2.7846722581021762e-08,2.5202327124562772e-09,-5.680102388196493e-09,2,False,250.0
b712773f15e0f684,20270301_h250_r0_p90_y80_TPMC_N400000_S101,101,sample,776,triangle_0776,sailWall,-0.11084999999822613,-9.967712726501304e-05,0.6043428307537336,-1.0,-1.2965506654224488e-15,2.9361925472411795e-12,0.0010209447261604796,-8.080992028387935e-14,7484.538922892781,-1319.726150268671,1.4905775655545975e-08,1.2935373698048077e-07,-2.7574300705078284e-08,-7.728466977960239e-08,5.798874808120167e-09,-1.4346887693586925e-08,-7.728466977960239e-08,5.798874808120167e-09,-1.4346887693586925e-08,6,False,250.0
b712773f15e0f684,20270301_h250_r0_p90_y80_TPMC_N400000_S101,101,sample,777,triangle_0777,sailWall,-0.11085000000067156,0.3849087340044655,-0.22880110736500733,-1.0,-2.0358256817607517e-16,2.9360422252873255e-12,0.0009138233373408173,-8.080992028387935e-14,7484.538922892781,-1319.726150268671,1.4568140272403225e-08,8.713519713704336e-08,-1.8769194289785304e-08,1.2991778183047377e-08,-5.4853694638778485e-09,-1.5406209615945756e-08,1.2991778183047377e-08,-5.4853694638778485e-09,-1.5406209615945756e-08,5,False,250.0
b712773f15e0f684,20270301_h250_r0_p90_y80_TPMC_N400000_S101,101,sample,778,triangle_0778,sailWall,-0.11084999999932843,-0.38490873400446474,0.22880110736565848,-1.0,-8.81741939946271e-18,2.935747898968085e-12,0.0009138233373408188,-8.080992028387935e-14,7484.538922892781,-1319.726150268671,4.128272488988737e-09,3.722259001008621e-08,-3.1753727190411207e-09,-7.478174739299316e-09,6.191492381500841e-10,-2.522498319417117e-09,-7.478174739299316e-09,6.191492381500841e-10,-2.522498319417117e-09,2,False,250.0
b712773f15e0f684,20270301_h250_r0_p90_y80_TPMC_N400000_S101,101,sample,779,triangle_0779,sailWall,-0.11085000000112981,-0.22880096498761196,-0.38490884724909497,-1.0,7.918842919453437e-16,2.9338373260886493e-12,0.000913834934600856,-8.080992028387935e-14,7484.538922892781,-1319.726150268671,6.074639690274114e-09,5.5863972381779065e-08,-9.201919505609917e-09,2.3576458094188084e-08,-3.3510243353468367e-09,-4.805243754571665e-09,2.3576458094188084e-08,-3.3510243353468367e-09,-4.805243754571665e-09,3,False,250.0
b712773f15e0f684,20270301_h250_r0_p90_y80_TPMC_N400000_S101,101,sample,780,triangle_0780,sailWall,-0.1108499999988702,0.22880327336340225,0.3849209210149833,-1.0,7.121189595280494e-16,2.936290729788542e-12,0.0009144336911714185,-8.080992028387935e-14,7484.538922892781,-1319.726150268671,1.6954292677785724e-08,1.0318709788760478e-07,-1.5402214859744083e-08,-4.350203107447103e-08,4.803303881407168e-09,-1.5351725855519853e-08,-4.350203107447103e-08,4.803303881407168e-09,-1.5351725855519853e-08,5,False,250.0
b712773f15e0f684,20270301_h250_r0_p90_y80_TPMC_N400000_S101,101,sample,781,triangle_0781,sailWall,-0.11084999999977913,0.5482451318008167,0.0752520368549103,-1.0,1.8085325734463118e-15,2.9344936581348646e-12,0.0009351172297869755,-8.080992028387935e-14,7484.538922892781,-1319.726150268671,1.4303439895303424e-08,1.0516773372414267e-07,-1.7605233582199877e-08,-1.777370534521747e-08,-8.813657035615064e-10,-1.956897667175508e-08,-1.777370534521747e-08,-8.813657035615064e-10,-1.956897667175508e-08,6,False,250.0
b712773f15e0f684,20270301_h250_r0_p90_y80_TPMC_N400000_S101,101,sample,782,triangle_0782,sailWall,-0.11085000000022087,-0.5482484110120368,-0.07524262577880507,-0.9999999999999999,1.7447533075764976e-15,2.935738781152856e-12,0.0009346873422972363,-8.080992028387935e-14,7484.538922892781,-1319.726150268671,1.5259987094753875e-08,6.494193091820747e-08,-1.0015845713711745e-08,1.0133224474295363e-08,-2.207639537012596e-09,1.1951378554537472e-09,1.0133224474295363e-08,-2.207639537012596e-09,1.1951378554537472e-09,3,False,250.0
b712773f15e0f684,20270301_h250_r0_p90_y80_TPMC_N400000_S101,101,sample,783,triangle_0783,sailWall,-0.11085000000160923,0.07525203682042278,-0.5482451318373718,-0.9999999999999999,-7.693174144091142e-17,2.936413237036019e-12,0.0009351172290368923,-8.080992028387935e-14,7484.538922892781,-1319.726150268671,2.8533193539428437e-09,1.905826112701067e-08,-4.3148279245933e-09,1.0649333779060914e-08,-2.111068265060321e-09,-2.2822092204294246e-09,1.0649333779060914e-08,-2.111068265060321e-09,-2.2822092204294246e-09,1,False,250.0
b712773f15e0f684,20270301_h250_r0_p90_y80_TPMC_N400000_S101,101,sample,784,triangle_0784,sailWall,-0.11084999999839047,-0.07483751204148448,0.5483567374213155,-0.9999999999999999,-2.413025391586116e-16,2.9360310758922486e-12,0.0009532184127188642,-8.080992028387935e-14,7484.538922892781,-1319.726150268671,2.2969244123751355e-08,1.2439603098110122e-07,-2.2435423256808314e-08,-6.668400328360766e-08,1.0161220769495285e-08,-1.2141374016626833e-08,-6.668400328360766e-08,1.0161220769495285e-08,-1.2141374016626833e-08,6,False,250.0
b712773f15e0f684,20270301_h250_r0_p90_y80_TPMC_N400000_S101,101,sample,785,triangle_0785,sailWall,-0.11085000000161148,-0.07331125004549773,-0.5490016869246235,-1.0,-2.1180507956025213e-16,2.9352228960668274e-12,0.0009650882860040207,-8.080992028387935e-14,7484.538922892781,-1319.726150268671,1.2416940612238116e-08,7.686114931767815e-08,-1.784188777300078e-08,4.302628813100536e-08,-8.734762644939415e-09,-7.477768727195377e-09,4.302628813100536e-08,-8.734762644939415e-09,-7.477768727195377e-09,4,False,250.0
b712773f15e0f684,20270301_h250_r0_p90_y80_TPMC_N400000_S101,101,sample,786,triangle_0786,sailWall,-0.11084999999838895,0.07343606434607651,0.5488692985471451,-1.0,1.4633320930258904e-16,2.9352020695451213e-12,0.0009545194361777636,-8.080992028387935e-14,7484.538922892781,-1319.726150268671,1.3401963768083056e-08,1.1617371744942315e-07,-2.367595946257961e-08,-6.484012541747289e-08,4.612627086459138e-09,-1.3871751599807926e-08,-6.484012541747289e-08,4.612627086459138e-09,-1.3871751599807926e-08,5,False,250.0
b712773f15e0f684,20270301_h250_r0_p90_y80_TPMC_N400000_S101,101,sample,787,triangle_0787,sailWall,-0.1108499999997848,-0.5489951894098627,0.07332582084067922,-1.0,4.996096081600862e-16,2.935593662082791e-12,0.0009658182874029461,-8.080992028387935e-14,7484.538922892781,-1319.726150268671,1.181583150580548e-08,7.271267724789081e-08,-1.2159520154640671e-08,1.315647108241129e-09,-4.56666470364581e-10,-1.6192182107522267e-09,1.315647108241129e-09,-4.56666470364581e-10,-1.6192182107522267e-09,4,False,250.0
b712773f15e0f684,20270301_h250_r0_p90_y80_TPMC_N400000_S101,101,sample,788,triangle_0788,sailWall,-0.11085000000021521,0.5489951894098629,-0.07332582084002791,-1.0,4.996096081662207e-16,2.935593662082769e-12,0.0009658182874029296,-8.080992028387935e-14,7484.538922892781,-1319.726150268671,8.093864264766388e-09,4.7189470481306055e-08,-1.0084457226646745e-08,-1.6993556146147981e-09,-1.7836574792798025e-09,-9.645836725885605e-09,-1.6993556146147981e-09,-1.7836574792798025e-09,-9.645836725885605e-09,2,False,250.0
b712773f15e0f684,20270301_h250_r0_p90_y80_TPMC_N400000_S101,101,sample,789,triangle_0789,sailWall,-0.1108499999999971,0.604922864893166,0.000977377055650836,-1.0,8.366799230005331e-17,2.9347769696414077e-12,0.0010232989691724133,-8.080992028387935e-14,7484.538922892781,-1319.726150268671,9.983145631215246e-09,6.833156608402611e-08,-1.6345211640145047e-08,-9.572693382749354e-09,-1.8799574412941534e-09,-1.3632958084465884e-08,-9.572693382749354e-09,-1.8799574412941534e-09,-1.3632958084465884e-08,4,False,250.0
b712773f15e0f684,20270301_h250_r0_p90_y80_TPMC_N400000_S101,101,sample,790,triangle_0790,sailWall,-0.11085000000000289,-0.6049229661643633,-0.000977103865515156,-1.0,-9.326954783658212e-17,2.935084362360186e-12,0.001023288748774263,-8.080992028387935e-14,7484.538922892781,-1319.726150268671,2.4307838142946064e-08,1.0725760477290001e-07,-1.7507348309381994e-08,1.1339202018345555e-08,-2.0384234368038454e-09,2.864748302224038e-09,1.1339202018345555e-08,-2.0384234368038454e-09,2.864748302224038e-09,6,False,250.0
b712773f15e0f684,20270301_h250_r0_p90_y80_TPMC_N400000_S101,101,sample,791,triangle_0791,sailWall,-0.1108500000017756,0.0009801143985926615,-0.604923859219212,-1.0,-5.80400104117293e-16,2.9349854075683326e-12,0.0010232024322052835,-8.080992028387935e-14,7484.538922892781,-1319.726150268671,2.0744299275766467e-09,1.498728751858238e-08,-3.854041963791611e-09,9.048920129960369e-09,-1.6744635433284208e-09,-1.6409566612982202e-09,9.048920129960369e-09,-1.6744635433284208e-09,-1.6409566612982202e-09,1,False,250.0
b712773f15e0f684,20270301_h250_r0_p90_y80_TPMC_N400000_S101,101,sample,792,triangle_0792,sailWall,-0.11084999999924953,-0.2817212119655822,0.25568877694010994,-1.0,7.57903579358452e-16,2.9347052634594748e-12,0.0006911748102298371,-8.080992028387935e-14,7484.538922892781,-1319.726150268671,1.1153071653378457e-08,7.102027563098788e-08,-1.3137267136460991e-08,-1.492686276576706e-08,1.4925047871879526e-09,-4.649860915473538e-09,-1.492686276576706e-08,1.4925047871879526e-09,-4.649860915473538e-09,4,False,250.0
b712773f15e0f684,20270301_h250_r0_p90_y80_TPMC_N400000_S101,101,sample,793,triangle_0793,sailWall,-0.11085000000082694,-0.25568877693978487,-0.28172121196525635,-1.0,-1.2012433905714252e-15,2.935507219028521e-12,0.0006911748102298354,-8.080992028387935e-14,7484.538922892781,-1319.726150268671,2.1689909896059953e-09,1.964894608363085e-08,-4.179108388948094e-09,6.719988791782255e-09,-1.0867155418489759e-09,-1.6216903989204951e-09,6.719988791782255e-09,-1.0867155418489759e-09,-1.6216903989204951e-09,1,False,250.0
b712773f15e0f684,20270301_h250_r0_p90_y80_TPMC_N400000_S101,101,sample,794,triangle_0794,sailWall,-0.1108500000007505,0.28172121196558264,-0.25568877693945913,-1.0,-1.4753101548221599e-15,2.934608098129369e-12,0.0006911748102298384,-8.080992028387935e-14,7484.538922892781,-1319.726150268671,7.507579060957856e-09,5.576927904448116e-08,-7.328597513858193e-09,1.2126689360342541e-08,-2.7141803187184458e-09,-8.28770644706525e-09,1.2126689360342541e-08,-2.7141803187184458e-09,-8.28770644706525e-09,3,False,250.0
b712773f15e0f684,20270301_h250_r0_p90_y80_TPMC_N400000_S101,101,sample,795,triangle_0795,sailWall,-0.110849999999173,0.2556826313902538,0.2817609237454893,-1.0,2.1227229316042482e-15,2.9334362940089913e-12,0.0006928614076259663,-8.080992028387935e-14,7484.538922892781,-1319.726150268671,6.012108223308091e-09,5.3067930355874295e-08,-1.0966046943311981e-08,-1.763561356139753e-08,4.754511491182737e-10,-7.398325032228496e-09,-1.763561356139753e-08,4.754511491182737e-10,-7.398325032228496e-09,3,False,250.0
b712773f15e0f684,20270301_h250_r0_p90_y80_TPMC_N400000_S101,101,sample,796,triangle_0796,sailWall,-0.1108500000006734,-0.3799498401636307,-0.22942502577757687,-1.0,1.2365136018748726e-16,2.935251041419458e-12,0.0008285834567142812,-8.080992028387935e-14,7484.538922892781,-1319.726150268671,4.887950207741237e-09,3.605467468909221e-08,-1.1592293363711831e-08,1.251235350958939e-08,-2.4037651243905668e-09,-2.1757425698407717e-09,1.251235350958939e-08,-2.4037651243905668e-09,-2.1757425698407717e-09,2,False,250.0
b712773f15e0f684,20270301_h250_r0_p90_y80_TPMC_N400000_S101,101,sample,797,triangle_0797,sailWall,-0.11085000000111522,0.22942541676207776,-0.3799495872430379,-1.0,-1.70674350125641e-15,2.9356970149708753e-12,0.0008285525103059351,-8.080992028387935e-14,7484.538922892781,-1319.726150268671,1.4509867309643541e-08,8.860896703748588e-08,-1.7906199365445575e-08,3.003189036937496e-08,-7.558222722912898e-09,-1.3011239777188063e-08,3.003189036937496e-08,-7.558222722912898e-09,-1.3011239777188063e-08,5,False,250.0
b712773f15e0f684,20270301_h250_r0_p90_y80_TPMC_N400000_S101,101,sample,798,triangle_0798,sailWall,-0.1108499999993266,0.379941624651613,0.22943332721298246,-1.0,6.414972741058957e-16,2.9352910344099076e-12,0.0008288256262052082,-8.080992028387935e-14,7484.538922892781,-1319.726150268671,1.4103729719538067e-08,8.651482456696005e-08,-2.0040442735723866e-08,-2.7552906073749284e-08,1.0343354984695322e-09,-1.499807427254717e-08,-2.7552906073749284e-08,1.0343354984695322e-09,-1.499807427254717e-08,4,False,250.0
b712773f15e0f684,20270301_h250_r0_p90_y80_TPMC_N400000_S101,101,sample,799,triangle_0799,sailWall,-0.11084999999888477,-0.2294250193879873,0.37994984244741165,-1.0,-1.4579288122882593e-15,2.9354617057426754e-12,0.0008285839204955306,-8.080992028387935e-14,7484.538922892781,-1319.726150268671,9.530872468486613e-09,5.748468264548297e-08,-7.037111290502487e-09,-2.027615958447307e-08,2.871498267019393e-09,-4.175687789867679e-09,-2.027615958447307e-08,2.871498267019393e-09,-4.175687789867679e-09,3,False,250.0
b712773f15e0f684,20270301_h250_r0_p90_y80_TPMC_N400000_S101,101,sample,800,triangle_0800,sailWall,-0.11084999999858099,-0.11959722872178852,0.48344555684482216,-1.0,-1.8976981900401108e-15,2.9353825383968215e-12,0.0010498936312175774,-8.080992028387935e-14,7484.538922892781,-1319.726150268671,2.474086179078036e-08,1.690514452943712e-07,-3.229660273172147e-08,-7.786358174692896e-08,8.368324637923027e-09,-1.5772742471442334e-08,-7.786358174692896e-08,8.368324637923027e-09,-1.5772742471442334e-08,9,False,250.0
b712773f15e0f684,20270301_h250_r0_p90_y80_TPMC_N400000_S101,101,sample,801,triangle_0801,sailWall,-0.11085000000035104,-0.4834454341645966,-0.11959753631474944,-1.0,-1.1984917456640222e-16,2.934858291469297e-12,0.001049890164009543,-8.080992028387935e-14,7484.538922892781,-1319.726150268671,2.4604311015701314e-08,1.5129547104547653e-07,-2.3041586723392176e-08,2.908369214638715e-08,-5.4428378807256685e-09,-4.936009849067606e-09,2.908369214638715e-08,-5.4428378807256685e-09,-4.936009849067606e-09,7,False,250.0
b712773f15e0f684,20270301_h250_r0_p90_y80_TPMC_N400000_S101,101,sample,802,triangle_0802,sailWall,-0.11085000000141904,0.11961046425271699,-0.48344728563046896,-1.0,4.538075113742516e-16,2.9360853401172992e-12,0.0010498019960955272,-8.080992028387935e-14,7484.538922892781,-1319.726150268671,3.255541417934134e-09,2.1820361362327014e-08,-4.098944909432798e-09,1.0251744057670904e-08,-2.0591763142492485e-09,-2.8212178114940733e-09,1.0251744057670904e-08,-2.0591763142492485e-09,-2.8212178114940733e-09,2,False,250.0
b712773f15e0f684,20270301_h250_r0_p90_y80_TPMC_N400000_S101,101,sample,803,triangle_0803,sailWall,-0.11084999999964897,0.4834472789719495,0.11961047042107491,-1.0,-2.7877903532765135e-16,2.9354345688640396e-12,0.0010498024293640867,-8.080992028387935e-14,7484.538922892781,-1319.726150268671,3.487300772176219e-08,1.9629082892904332e-07,-4.328379517997788e-08,-4.393321220124187e-08,-7.174568896041538e-10,-3.8583159683114036e-08,-4.393321220124187e-08,-7.174568896041538e-10,-3.8583159683114036e-08,10,False,250.0
b712773f15e0f684,20270301_h250_r0_p90_y80_TPMC_N400000_S101,101,sample,804,triangle_0804,sailWall,-0.1108500000002098,0.4767860788576022,-0.07146598923340763,-1.0,-9.459217235402737e-16,2.9354952877457234e-12,0.0010009347066514552,-8.080992028387935e-14,7484.538922892781,-1319.726150268671,0.0,0.0,0.0,0.0,0.0,0.0,0.0,0.0,0.0,0,True,250.0
b712773f15e0f684,20270301_h250_r0_p90_y80_TPMC_N400000_S101,101,sample,805,triangle_0805,sailWall,-0.11084999999979027,-0.4767860788576021,0.07146598923405889,-1.0,8.932502659776943e-16,2.9355372738184305e-12,0.0010009347066514476,-8.080992028387935e-14,7484.538922892781,-1319.726150268671,7.249001528971723e-09,5.213023093864681e-08,-6.9028163028351525e-09,-7.809267202886848e-10,-2.2165549925078752e-10,-2.399898894062462e-09,-7.809267202886848e-10,-2.2165549925078752e-10,-2.399898894062462e-09,3,False,250.0
b712773f15e0f684,20270301_h250_r0_p90_y80_TPMC_N400000_S101,101,sample,806,triangle_0806,sailWall,-0.11084999999860017,0.07166520856763964,0.476902131749042,-1.0,1.3790024580881034e-15,2.9348076147492745e-12,0.0009926471530953419,-8.080992028387935e-14,7484.538922892781,-1319.726150268671,1.0377541841759373e-08,6.855068151231356e-08,-1.221299956226394e-08,-3.355317964217021e-08,3.5499777420283263e-09,-8.339737504944556e-09,-3.355317964217021e-08,3.5499777420283263e-09,-8.339737504944556e-09,4,False,250.0
b712773f15e0f684,20270301_h250_r0_p90_y80_TPMC_N400000_S101,101,sample,807,triangle_0807,sailWall,-0.11085000000139979,-0.0716657755728372,-0.4769020351528912,-1.0,-7.810911104429218e-16,2.933555452265444e-12,0.0009926374090074828,-8.080992028387935e-14,7484.538922892781,-1319.726150268671,2.5057363254284198e-08,1.705363524355881e-07,-3.809436268428011e-08,8.4004170578411e-08,-1.6198925759830843e-08,-1.7197525310489377e-08,8.4004170578411e-08,-1.6198925759830843e-08,-1.7197525310489377e-08,8,False,250.0
b712773f15e0f684,20270301_h250_r0_p90_y80_TPMC_N400000_S101,101,sample,808,triangle_0808,sailWall,-0.1108499999993703,-0.1275576656861541,0.21454879218268727,-0.9999999999999999,1.02699287321356e-15,2.9351359999974943e-12,0.0009424607170139164,-8.080992028387935e-14,7484.538922892781,-1319.726150268671,7.172419842917822e-09,3.595361377940415e-08,-7.354309419228383e-09,-7.049497621778902e-09,7.950059202479442e-10,-2.992770825634337e-09,-7.049497621778902e-09,7.950059202479442e-10,-2.992770825634337e-09,2,False,250.0
b712773f15e0f684,20270301_h250_r0_p90_y80_TPMC_N400000_S101,101,sample,809,triangle_0809,sailWall,-0.1108499999996256,0.21454878951925493,0.12755766816823969,-0.9999999999999999,5.594583245491985e-16,2.9349734615993784e-12,0.0009424609439173848,-8.080992028387935e-14,7484.538922892781,-1319.726150268671,1.180720995442811e-08,8.66697080310837e-08,-1.2407685875854993e-08,-1.3558515780842517e-08,8.526993045433164e-11,-1.2203006515752914e-08,-1.3558515780842517e-08,8.526993045433164e-11,-1.2203006515752914e-08,4,False,250.0
b712773f15e0f684,20270301_h250_r0_p90_y80_TPMC_N400000_S101,101,sample,810,triangle_0810,sailWall,-0.11085000000062976,0.12755766568615423,-0.21454879218203615,-0.9999999999999999,-8.429001934696501e-16,2.933616728173648e-12,0.000942460717013912,-8.080992028387935e-14,7484.538922892781,-1319.726150268671,1.9152424998270347e-08,1.0527991874259076e-07,-5.3153665438905385e-09,2.234675051417688e-08,-4.762094291211383e-09,-1.4092410767132202e-08,2.234675051417688e-08,-4.762094291211383e-09,-1.4092410767132202e-08,4,False,250.0
b712773f15e0f684,20270301_h250_r0_p90_y80_TPMC_N400000_S101,101,sample,811,triangle_0811,sailWall,-0.11085000000037441,-0.21454879218236136,-0.12755766568582858,-1.0,3.197218336014806e-16,2.9347297598366176e-12,0.0009424607170139131,-8.080992028387935e-14,7484.538922892781,-1319.726150268671,1.56103093080077e-08,7.70862770492488e-08,-1.787243422378617e-08,1.4205618859617346e-08,-4.049080218868907e-09,-5.1883551399996045e-09,1.4205618859617346e-08,-4.049080218868907e-09,-5.1883551399996045e-09,6,False,250.0
b712773f15e0f684,20270301_h250_r0_p90_y80_TPMC_N400000_S101,101,sample,812,triangle_0812,sailWall,-0.11085000000044737,0.021876616582725193,-0.152413644437136,-1.0,1.1011288558653175e-15,2.933813644323867e-12,0.000893181006675775,-8.080992028387935e-14,7484.538922892781,-1319.726150268671,3.166967492631285e-09,1.818205398806948e-08,-1.881004688414291e-09,3.0112565388887342e-09,-7.398177436785532e-10,-2.081257218748059e-09,3.0112565388887342e-09,-7.398177436785532e-10,-2.081257218748059e-09,1,False,250.0
b712773f15e0f684,20270301_h250_r0_p90_y80_TPMC_N400000_S101,101,sample,813,triangle_0813,sailWall,-0.11084999999955268,-0.021876616582725165,0.15241364443778685,-1.0,-9.275384036616422e-16,2.9354559038827096e-12,0.0008931810066757711,-8.080992028387935e-14,7484.538922892781,-1319.726150268671,4.9812943185161266e-09,3.342877882897205e-08,-3.758736333860093e-09,-4.652642677593739e-09,3.020113413452564e-10,-3.6001189606754592e-09,-4.652642677593739e-09,3.020113413452564e-10,-3.6001189606754592e-09,3,False,250.0
b712773f15e0f684,20270301_h250_r0_p90_y80_TPMC_N400000_S101,101,sample,814,triangle_0814,sailWall,-0.11084999999993579,0.15241364443746142,0.02187661658305055,-1.0,1.1831217470382626e-16,2.93341652956196e-12,0.0008931810066757755,-8.080992028387935e-14,7484.538922892781,-1319.726150268671,0.0,0.0,0.0,0.0,0.0,0.0,0.0,0.0,0.0,0,True,250.0
b712773f15e0f684,20270301_h250_r0_p90_y80_TPMC_N400000_S101,101,sample,815,triangle_0815,sailWall,-0.11085000000006423,-0.15241364443746144,-0.021876616582399828,-1.0,-8.921608081947032e-16,2.935844655402651e-12,0.0008931810066757659,-8.080992028387935e-14,7484.538922892781,-1319.726150268671,1.7498653839575423e-08,8.133260907767025e-08,-9.054458116093566e-09,3.4095617220038634e-09,-1.4400739872978178e-09,-6.3467959796434425e-09,3.4095617220038634e-09,-1.4400739872978178e-09,-6.3467959796434425e-09,4,False,250.0
b712773f15e0f684,20270301_h250_r0_p90_y80_TPMC_N400000_S101,101,sample,816,triangle_0816,sailWall,-0.11085000000075428,-0.28021669902353996,-0.2569653787003379,-1.0,-5.633477014544735e-17,2.9341414321047685e-12,0.0007310080713204732,-8.080992028387935e-14,7484.538922892781,-1319.726150268671,7.855021218479691e-09,5.564083467976675e-08,-9.48814144348277e-09,1.7058594572407624e-08,-3.1011098207932297e-09,-3.882487415769826e-09,1.7058594572407624e-08,-3.1011098207932297e-09,-3.882487415769826e-09,3,False,250.0
b712773f15e0f684,20270301_h250_r0_p90_y80_TPMC_N400000_S101,101,sample,817,triangle_0817,sailWall,-0.11085000000082251,0.2569653787006641,-0.2802166990232144,-1.0,5.148802134817843e-16,2.9373417955082492e-12,0.0007310080713204665,-8.080992028387935e-14,7484.538922892781,-1319.726150268671,5.411405959208946e-09,3.106668134858961e-08,-5.203237552663839e-09,7.317965395297854e-09,-2.08793288198534e-09,-4.859365711720873e-09,7.317965395297854e-09,-2.08793288198534e-09,-4.859365711720873e-09,2,False,250.0
b712773f15e0f684,20270301_h250_r0_p90_y80_TPMC_N400000_S101,101,sample,818,triangle_0818,sailWall,-0.11084999999917754,-0.256965378700664,0.2802166990238655,-1.0,7.566600059390406e-16,2.9348367851004066e-12,0.0007310080713204695,-8.080992028387935e-14,7484.538922892781,-1319.726150268671,6.491452556726319e-09,3.544058945756954e-08,-6.666033579284471e-09,-7.844033353830644e-09,1.0113079739902013e-09,-2.2575386698149375e-09,-7.844033353830644e-09,1.0113079739902013e-09,-2.2575386698149375e-09,2,False,250.0
b712773f15e0f684,20270301_h250_r0_p90_y80_TPMC_N400000_S101,101,sample,819,triangle_0819,sailWall,-0.11084999999924566,0.2802095733501973,0.2569943732905259,-1.0,-1.798850853037245e-15,2.9351091040285076e-12,0.0007300564885220379,-8.080992028387935e-14,7484.538922892781,-1319.726150268671,6.718158985853357e-09,3.8890201662979465e-08,-3.577869186650507e-09,-1.111585676471938e-08,1.3450549727544327e-09,-6.266439094925902e-09,-1.111585676471938e-08,1.3450549727544327e-09,-6.266439094925902e-09,2,False,250.0
b712773f15e0f684,20270301_h250_r0_p90_y80_TPMC_N400000_S101,101,sample,820,triangle_0820,sailWall,-0.11085000000140056,0.07484767771602432,-0.4771520172971,-1.0,2.101487541404892e-17,2.935457382053024e-12,0.0009274739180731978,-8.080992028387935e-14,7484.538922892781,-1319.726150268671,1.4710228137403043e-08,1.2829672613687257e-07,-9.935214987340333e-09,5.999465264380584e-08,-8.0641098387146e-09,-1.533218375064231e-08,5.999465264380584e-08,-8.0641098387146e-09,-1.533218375064231e-08,6,False,250.0
b712773f15e0f684,20270301_h250_r0_p90_y80_TPMC_N400000_S101,101,sample,821,triangle_0821,sailWall,-0.1108499999997803,0.4771520165890366,0.07484767837252444,-1.0,-6.872076852104374e-16,2.9328285108735118e-12,0.0009274739343940134,-8.080992028387935e-14,7484.538922892781,-1319.726150268671,2.543792186942999e-08,1.5275876149185438e-07,-2.7198840480969854e-08,-2.4068462523672087e-08,-1.136099936996175e-09,-2.8895380145267504e-08,-2.4068462523672087e-08,-1.136099936996175e-09,-2.8895380145267504e-08,8,False,250.0
b712773f15e0f684,20270301_h250_r0_p90_y80_TPMC_N400000_S101,101,sample,822,triangle_0822,sailWall,-0.11084999999859946,-0.07483956890862337,0.47714883223328747,-1.0,2.4535209966936768e-15,2.9342906427094724e-12,0.000927182862451662,-8.080992028387935e-14,7484.538922892781,-1319.726150268671,7.179033268694496e-09,5.06717805980013e-08,-3.9552614766735956e-09,-2.4119722549743604e-08,3.027839663949534e-09,-5.092276838766761e-09,-2.4119722549743604e-08,3.027839663949534e-09,-5.092276838766761e-09,3,False,250.0
b712773f15e0f684,20270301_h250_r0_p90_y80_TPMC_N400000_S101,101,sample,823,triangle_0823,sailWall,-0.11085000000021968,-0.4771490612564682,-0.07484016210273131,-1.0,-1.2688033027265427e-15,2.9360923802096566e-12,0.0009271784696572826,-8.080992028387935e-14,7484.538922892781,-1319.726150268671,3.905715357947939e-09,3.4850742987772874e-08,-2.9817383492609828e-09,3.890767014094442e-09,-6.069894375918381e-10,-1.98424507963204e-09,3.890767014094442e-09,-6.069894375918381e-10,-1.98424507963204e-09,2,False,250.0
b712773f15e0f684,20270301_h250_r0_p90_y80_TPMC_N400000_S101,101,sample,824,triangle_0824,sailWall,-0.11085000000048235,-0.0031823849083222598,-0.16433154846164488,-1.0,1.5936485357742938e-15,2.934018608095408e-12,0.0008660110904169425,-8.080992028387935e-14,7484.538922892781,-1319.726150268671,5.5349071450296965e-09,5.180957825476208e-08,-1.0382858191918977e-08,8.250675025942898e-09,-2.0259870256958366e-09,-5.734487789145418e-09,8.250675025942898e-09,-2.0259870256958366e-09,-5.734487789145418e-09,3,False,250.0
b712773f15e0f684,20270301_h250_r0_p90_y80_TPMC_N400000_S101,101,sample,825,triangle_0825,sailWall,-0.11084999999951771,0.003182384908322291,0.1643315484622957,-0.9999999999999999,-5.106349494153785e-16,2.9356293996999052e-12,0.000866011090416934,-8.080992028387935e-14,7484.538922892781,-1319.726150268671,1.4028602129831445e-08,1.2079087748476608e-07,-2.1707586808457795e-08,-1.9731928584020798e-08,-1.260671472370132e-10,-1.34657652090436e-08,-1.9731928584020798e-08,-1.260671472370132e-10,-1.34657652090436e-08,6,False,250.0
b712773f15e0f684,20270301_h250_r0_p90_y80_TPMC_N400000_S101,101,sample,826,triangle_0826,sailWall,-0.11085000000000933,0.16433154846197026,-0.0031823849079968456,-1.0,-6.333819569847733e-16,2.9352228202559e-12,0.000866011090416937,-8.080992028387935e-14,7484.538922892781,-1319.726150268671,0.0,0.0,0.0,0.0,0.0,0.0,0.0,0.0,0.0,0,True,250.0
b712773f15e0f684,20270301_h250_r0_p90_y80_TPMC_N400000_S101,101,sample,827,triangle_0827,sailWall,-0.11084999999999066,-0.16433154846197026,0.00318238490864751,-0.9999999999999999,-6.333819570018557e-16,2.93522282025589e-12,0.0008660110904169331,-8.080992028387935e-14,7484.538922892781,-1319.726150268671,1.770910253026333e-08,1.195133231692479e-07,-1.635704081482597e-08,1.7614141482975633e-09,-1.6763144950003963e-09,-1.0407044957231557e-08,1.7614141482975633e-09,-1.6763144950003963e-09,-1.0407044957231557e-08,7,False,250.0
b712773f15e0f684,20270301_h250_r0_p90_y80_TPMC_N400000_S101,101,sample,828,triangle_0828,sailWall,-0.11084999999949346,-0.03964147812646939,0.17257901434563502,-0.9999999999999999,-5.009995015006805e-16,2.935018630210794e-12,0.0009358771008455408,-8.080992028387935e-14,7484.538922892781,-1319.726150268671,1.4534996688505559e-08,8.219238184926663e-08,-1.0515117781195954e-08,-1.3974304585608992e-08,1.3736814887959668e-09,-8.521387464650456e-09,-1.3974304585608992e-08,1.3736814887959668e-09,-8.521387464650456e-09,4,False,250.0
b712773f15e0f684,20270301_h250_r0_p90_y80_TPMC_N400000_S101,101,sample,829,triangle_0829,sailWall,-0.11085000000050653,0.03964147812646949,-0.1725790143449842,-1.0,-1.0692398074834635e-16,2.9350521004108924e-12,0.0009358771008455373,-8.080992028387935e-14,7484.538922892781,-1319.726150268671,3.005190748705664e-08,1.9595899990646002e-07,-4.076846804716433e-08,3.324247835712162e-08,-9.878598064966044e-09,-2.2927517466707676e-08,3.324247835712162e-08,-9.878598064966044e-09,-2.2927517466707676e-08,10,False,250.0
b712773f15e0f684,20270301_h250_r0_p90_y80_TPMC_N400000_S101,101,sample,830,triangle_0830,sailWall,-0.11084999999988367,0.17257901434530964,0.03964147812679477,-1.0,9.248220109218598e-16,2.9342032401329745e-12,0.0009358771008455404,-8.080992028387935e-14,7484.538922892781,-1319.726150268671,1.847455396698241e-08,1.204600182764068e-07,-1.9248643949962225e-08,-8.576028608335978e-09,-1.326163692947915e-09,-1.6535571068557486e-08,-8.576028608335978e-09,-1.326163692947915e-09,-1.6535571068557486e-08,5,False,250.0
b712773f15e0f684,20270301_h250_r0_p90_y80_TPMC_N400000_S101,101,sample,831,triangle_0831,sailWall,-0.11085000000011637,-0.17257901434530956,-0.039641478126144054,-0.9999999999999999,-1.0308235588712773e-15,2.9357093967277226e-12,0.0009358771008455289,-8.080992028387935e-14,7484.538922892781,-1319.726150268671,2.1648197686732494e-08,1.2092454156249045e-07,-1.7184528273334035e-08,7.495151410036337e-09,-2.7121369902739557e-09,-9.713375579394423e-09,7.495151410036337e-09,-2.7121369902739557e-09,-9.713375579394423e-09,6,False,250.0
b712773f15e0f684,20270301_h250_r0_p90_y80_TPMC_N400000_S101,101,sample,832,triangle_0832,sailWall,-0.11084999999993907,0.6458305437523952,0.020758152824465848,-0.9999999999999999,-7.134553635381055e-16,2.9351978074610098e-12,0.0008057856560990784,-8.080992028387935e-14,7484.538922892781,-1319.726150268671,6.763809839207119e-09,8.067218298589779e-08,-1.627943568080019e-08,-1.2363872066557018e-08,-1.6289969767883417e-09,-1.3272119500879764e-08,-1.2363872066557018e-08,-1.6289969767883417e-09,-1.3272119500879764e-08,4,False,250.0
b712773f15e0f684,20270301_h250_r0_p90_y80_TPMC_N400000_S101,101,sample,833,triangle_0833,sailWall,-0.11085000000006094,-0.6458305915432971,-0.020758023902934436,-1.0,-7.395956437513503e-16,2.9352099392072595e-12,0.0008057796660132986,-8.080992028387935e-14,7484.538922892781,-1319.726150268671,3.0314614160283905e-08,1.3568242496590305e-07,-2.9844675035379606e-08,2.2319287954264312e-08,-4.02086843573986e-09,4.427604294455531e-09,2.2319287954264312e-08,-4.02086843573986e-09,4.427604294455531e-09,8,False,250.0
b712773f15e0f684,20270301_h250_r0_p90_y80_TPMC_N400000_S101,101,sample,834,triangle_0834,sailWall,-0.11085000000189567,0.02075838962465587,-0.6458306280843832,-1.0,1.2325215034577589e-15,2.934455722671586e-12,0.0008057870791149559,-8.080992028387935e-14,7484.538922892781,-1319.726150268671,1.3913540897229946e-08,9.00176268994262e-08,-1.0931388303161177e-08,5.8432905347289984e-08,-1.0257146443937307e-08,-1.0270544755825823e-08,5.8432905347289984e-08,-1.0257146443937307e-08,-1.0270544755825823e-08,5,False,250.0
b712773f15e0f684,20270301_h250_r0_p90_y80_TPMC_N400000_S101,101,sample,835,triangle_0835,sailWall,-0.11084999999810509,0.020704611270713973,0.6455762533167858,-1.0,-1.4899895639836392e-15,2.935816371595298e-12,0.0008185558988940341,-8.080992028387935e-14,7484.538922892781,-1319.726150268671,1.5893310772871995e-08,1.0727651982824437e-07,-2.0664725588828355e-08,-6.937807611037494e-08,7.910926438835662e-09,-1.2203993743149183e-08,-6.937807611037494e-08,7.910926438835662e-09,-1.2203993743149183e-08,6,False,250.0
b712773f15e0f684,20270301_h250_r0_p90_y80_TPMC_N400000_S101,101,sample,836,triangle_0836,sailWall,-0.1108499999994203,-0.10758973232646396,0.1975070680675722,-1.0,8.915396055810151e-16,2.9352688824973304e-12,0.0008792665476804478,-8.080992028387935e-14,7484.538922892781,-1319.726150268671,1.1669815314375225e-08,1.026819752560524e-07,-1.8601462802083685e-08,-1.8367219104945647e-08,3.064113715146473e-10,-1.0129744966713867e-08,-1.8367219104945647e-08,3.064113715146473e-10,-1.0129744966713867e-08,5,False,250.0
b712773f15e0f684,20270301_h250_r0_p90_y80_TPMC_N400000_S101,101,sample,837,triangle_0837,sailWall,-0.11085000000057972,0.10758973232646396,-0.19750706806692123,-1.0,-1.89939412001145e-15,2.934653170900151e-12,0.000879266547680444,-8.080992028387935e-14,7484.538922892781,-1319.726150268671,6.17126385501016e-09,3.787598930820409e-08,-7.58561936395971e-09,6.300526820044561e-09,-2.0071892574949737e-09,-4.874731697487138e-09,6.300526820044561e-09,-2.0071892574949737e-09,-4.874731697487138e-09,2,False,250.0
b712773f15e0f684,20270301_h250_r0_p90_y80_TPMC_N400000_S101,101,sample,838,triangle_0838,sailWall,-0.1108499999996842,0.19750706540413998,0.10758973480854948,-1.0,-1.9495305050506207e-16,2.934204455242242e-12,0.0008792667503929112,-8.080992028387935e-14,7484.538922892781,-1319.726150268671,1.2608296206254708e-08,7.123259118851214e-08,-2.7879360473293374e-08,-1.3014134476261033e-08,-1.6990114644506314e-09,-1.0290961395886987e-08,-1.3014134476261033e-08,-1.6990114644506314e-09,-1.0290961395886987e-08,4,False,250.0
b712773f15e0f684,20270301_h250_r0_p90_y80_TPMC_N400000_S101,101,sample,839,triangle_0839,sailWall,-0.11085000000031581,-0.19750706806724652,-0.1075897323261384,-1.0,6.126943263197243e-17,2.9344663073708493e-12,0.0008792665476804389,-8.080992028387935e-14,7484.538922892781,-1319.726150268671,1.2415636128834929e-08,8.236345637471911e-08,-1.0579676441628532e-08,1.0697643504428834e-08,-2.4794585560899204e-09,-6.58317731697701e-09,1.0697643504428834e-08,-2.4794585560899204e-09,-6.58317731697701e-09,4,False,250.0
b712773f15e0f684,20270301_h250_r0_p90_y80_TPMC_N400000_S101,101,sample,840,triangle_0840,sailWall,-0.11085000000019742,0.504291134788203,-0.06725484522133017,-1.0,1.7686669906749462e-15,2.9355572585237457e-12,0.0008297168125074386,-8.080992028387935e-14,7484.538922892781,-1319.726150268671,3.3296961850351693e-09,1.6339579585557338e-08,-3.4280605738128035e-09,-5.821436070874071e-10,-6.120991778940617e-10,-3.482961961152262e-09,-5.821436070874071e-10,-6.120991778940617e-10,-3.482961961152262e-09,1,False,250.0
b712773f15e0f684,20270301_h250_r0_p90_y80_TPMC_N400000_S101,101,sample,841,triangle_0841,sailWall,-0.11084999999980265,-0.5042911347882025,0.06725484522198148,-0.9999999999999999,-8.198140702448281e-16,2.9354981666309726e-12,0.0008297168125074269,-8.080992028387935e-14,7484.538922892781,-1319.726150268671,2.1507773459592153e-08,1.2488270258276242e-07,-2.1032469280948007e-08,2.51092058112076e-09,-9.7555941969728e-10,-2.932342369169615e-09,2.51092058112076e-09,-9.7555941969728e-10,-2.932342369169615e-09,5,False,250.0
b712773f15e0f684,20270301_h250_r0_p90_y80_TPMC_N400000_S101,101,sample,842,triangle_0842,sailWall,-0.11084999999851942,0.0674544203506362,0.5044097746260782,-1.0,1.3684639753034407e-15,2.935441559669186e-12,0.0008154184561608841,-8.080992028387935e-14,7484.538922892781,-1319.726150268671,6.382908667068665e-09,3.2385522080567335e-08,-5.558486783556491e-09,-1.653726136958724e-08,2.583691796873319e-09,-3.960221732438182e-09,-1.653726136958724e-08,2.583691796873319e-09,-3.960221732438182e-09,2,False,250.0
b712773f15e0f684,20270301_h250_r0_p90_y80_TPMC_N400000_S101,101,sample,843,triangle_0843,sailWall,-0.11085000000148054,-0.0674565472620062,-0.5044082010251514,-1.0,-8.374452005842283e-16,2.9369483264033985e-12,0.0008153165992623207,-8.080992028387935e-14,7484.538922892781,-1319.726150268671,1.8599640555531927e-08,1.1458062183893223e-07,-1.7347040803198025e-08,5.8710155008783143e-08,-1.1273599056367872e-08,-1.139487333747816e-08,5.8710155008783143e-08,-1.1273599056367872e-08,-1.139487333747816e-08,6,False,250.0
b712773f15e0f684,20270301_h250_r0_p90_y80_TPMC_N400000_S101,101,sample,844,triangle_0844,sailWall,-0.11084999999941036,-0.46277108703021047,0.2008818695600374,-1.0,-7.404110282150537e-16,2.9359332669912755e-12,0.0010025644580934712,-8.080992028387935e-14,7484.538922892781,-1319.726150268671,1.6824923918481035e-08,7.463243912299257e-08,-1.4836082861055142e-08,-7.881448500823447e-09,1.6663432429528634e-09,-4.0453993326764635e-10,-7.881448500823447e-09,1.6663432429528634e-09,-4.0453993326764635e-10,5,False,250.0
b712773f15e0f684,20270301_h250_r0_p90_y80_TPMC_N400000_S101,101,sample,845,triangle_0845,sailWall,-0.11084999999864169,0.20087471752533323,0.46277795845094954,-1.0,-5.635953781351034e-17,2.933290589250784e-12,0.0010029811170723583,-8.080992028387935e-14,7484.538922892781,-1319.726150268671,1.9431635760876916e-08,1.3328231098102766e-07,-2.7572749404625562e-08,-6.722592670938613e-08,5.932651891025835e-09,-1.871832913116609e-08,-6.722592670938613e-08,5.932651891025835e-09,-1.871832913116609e-08,7,False,250.0
b712773f15e0f684,20270301_h250_r0_p90_y80_TPMC_N400000_S101,101,sample,846,triangle_0846,sailWall,-0.11085000000135836,-0.20087452123487481,-0.4627769317695814,-1.0,1.2600847603609744e-15,2.9352167032945087e-12,0.0010030554997065635,-8.080992028387935e-14,7484.538922892781,-1319.726150268671,9.486335928079932e-09,5.147389322335802e-08,-1.0168257940869647e-08,2.5680563750692452e-08,-5.507266565293397e-09,-3.893723038324034e-09,2.5680563750692452e-08,-5.507266565293397e-09,-3.893723038324034e-09,3,False,250.0
b712773f15e0f684,20270301_h250_r0_p90_y80_TPMC_N400000_S101,101,sample,847,triangle_0847,sailWall,-0.11085000000058963,0.4627710870302108,-0.20088186955938633,-1.0,-4.829249146408054e-16,2.935739893503383e-12,0.001002564458093469,-8.080992028387935e-14,7484.538922892781,-1319.726150268671,2.4513196276467533e-08,1.461299575998768e-07,-2.1367724278127488e-08,1.7280680641037425e-08,-6.938436290824754e-09,-2.755971273414485e-08,1.7280680641037425e-08,-6.938436290824754e-09,-2.755971273414485e-08,7,False,250.0
b712773f15e0f684,20270301_h250_r0_p90_y80_TPMC_N400000_S101,101,sample,848,triangle_0848,sailWall,-0.11085000000065216,-0.40667811782486174,-0.22219539466566052,-1.0,-9.627954020311532e-16,2.935419283882021e-12,0.0008748055366962546,-8.080992028387935e-14,7484.538922892781,-1319.726150268671,1.9340640059652602e-08,1.0072260714348537e-07,-1.5294294510835915e-08,2.8408556316599267e-08,-5.983837528630525e-09,-3.3362962452251522e-09,2.8408556316599267e-08,-5.983837528630525e-09,-3.3362962452251522e-09,6,False,250.0
b712773f15e0f684,20270301_h250_r0_p90_y80_TPMC_N400000_S101,101,sample,849,triangle_0849,sailWall,-0.11084999999934785,0.40667436518709515,0.22219950830332644,-1.0,-5.331546198912976e-16,2.935472972384264e-12,0.0008748199800493265,-8.080992028387935e-14,7484.538922892781,-1319.726150268671,1.8611412572749282e-08,1.1727292021050134e-07,-1.8947600856137053e-08,-3.332701480019486e-08,1.9457730829830454e-09,-2.0645137767644647e-08,-3.332701480019486e-08,1.9457730829830454e-09,-2.0645137767644647e-08,6,False,250.0
b712773f15e0f684,20270301_h250_r0_p90_y80_TPMC_N400000_S101,101,sample,850,triangle_0850,sailWall,-0.1108500000011937,0.22219676311059888,-0.40667723260360195,-1.0,-1.565079443256907e-15,2.936611692140711e-12,0.0008747497498581585,-8.080992028387935e-14,7484.538922892781,-1319.726150268671,2.0923731439049942e-08,1.4119706835927111e-07,-2.908072101183751e-08,5.148009830899734e-08,-1.177840884820287e-08,-2.0254624503320322e-08,5.148009830899734e-08,-1.177840884820287e-08,-2.0254624503320322e-08,7,False,250.0
b712773f15e0f684,20270301_h250_r0_p90_y80_TPMC_N400000_S101,101,sample,851,triangle_0851,sailWall,-0.11084999999880629,-0.22219538583949058,0.4066781207532089,-1.0,-1.2877695836585196e-15,2.9365605319702795e-12,0.0008748058296943908,-8.080992028387935e-14,7484.538922892781,-1319.726150268671,1.7211608948806487e-08,1.048213962928325e-07,-2.0387173116122782e-08,-3.8507262543085087e-08,4.7814302050625966e-09,-7.784752369547406e-09,-3.8507262543085087e-08,4.7814302050625966e-09,-7.784752369547406e-09,4,False,250.0
b712773f15e0f684,20270301_h250_r0_p90_y80_TPMC_N400000_S101,101,sample,852,triangle_0852,sailWall,-0.11085000000050642,0.12012138176624072,-0.17251658538034711,-1.0,-1.47290994549807e-15,2.935721301093198e-12,0.0008380186111260219,-8.080992028387935e-14,7484.538922892781,-1319.726150268671,6.245500534198553e-09,5.037441519713085e-08,-1.1106367952020687e-08,7.269858021747246e-09,-2.303065011446081e-09,-6.356608310334043e-09,7.269858021747246e-09,-2.303065011446081e-09,-6.356608310334043e-09,3,False,250.0
b712773f15e0f684,20270301_h250_r0_p90_y80_TPMC_N400000_S101,101,sample,853,triangle_0853,sailWall,-0.11085000000035257,-0.17251658538067247,-0.12012138176591514,-0.9999999999999999,4.224176761065096e-16,2.934322107711016e-12,0.0008380186111260136,-8.080992028387935e-14,7484.538922892781,-1319.726150268671,2.5525990964304162e-08,1.5705409520252552e-07,-2.3469596631706096e-08,2.2606911140748447e-08,-5.611482007842009e-09,-1.295956365058159e-08,2.2606911140748447e-08,-5.611482007842009e-09,-1.295956365058159e-08,10,False,250.0
b712773f15e0f684,20270301_h250_r0_p90_y80_TPMC_N400000_S101,101,sample,854,triangle_0854,sailWall,-0.11084999999949367,-0.1201213817662407,0.172516585380998,-1.0,9.537241221165174e-16,2.9354246237032662e-12,0.0008380186111260207,-8.080992028387935e-14,7484.538922892781,-1319.726150268671,1.3336404162418607e-08,8.562016830416775e-08,-7.938265346665773e-09,-1.38400971860579e-08,1.4307848112053806e-09,-7.905844775943693e-09,-1.38400971860579e-08,1.4307848112053806e-09,-7.905844775943693e-09,5,False,250.0
b712773f15e0f684,20270301_h250_r0_p90_y80_TPMC_N400000_S101,101,sample,855,triangle_0855,sailWall,-0.11084999999964744,0.17251658271756598,0.12012138424832619,-1.0,3.7947108611547854e-16,2.933975098718936e-12,0.0008380185373262556,-8.080992028387935e-14,7484.538922892781,-1319.726150268671,2.0362427786140087e-08,1.3025517818976326e-07,-2.545207783858258e-08,-2.084006924541572e-08,-2.2421616267114532e-10,-1.7839758724859918e-08,-2.084006924541572e-08,-2.2421616267114532e-10,-1.7839758724859918e-08,4,False,250.0
b712773f15e0f684,20270301_h250_r0_p90_y80_TPMC_N400000_S101,101,sample,856,triangle_0856,sailWall,-0.11084999999979296,0.5038987124701652,0.07053928180524148,-1.0,-1.6499131609993787e-15,2.9328473070270536e-12,0.0007590724148236783,-8.080992028387935e-14,7484.538922892781,-1319.726150268671,1.4749290588494173e-08,9.035403490096812e-08,-1.5061656137207948e-08,-1.3731789190638967e-08,-6.704440909877643e-10,-1.739298186162909e-08,-1.3731789190638967e-08,-6.704440909877643e-10,-1.739298186162909e-08,4,False,250.0
b712773f15e0f684,20270301_h250_r0_p90_y80_TPMC_N400000_S101,101,sample,857,triangle_0857,sailWall,-0.11085000000147906,0.07053928111457974,-0.5038987132151086,-0.9999999999999999,-5.6345309087461095e-18,2.934092450579507e-12,0.000759072368261595,-8.080992028387935e-14,7484.538922892781,-1319.726150268671,9.741058908734033e-09,7.390631835155085e-08,-6.2857826168695506e-09,3.74336568263736e-08,-5.684266573185284e-09,-8.842601299586763e-09,3.74336568263736e-08,-5.684266573185284e-09,-8.842601299586763e-09,4,False,250.0
b712773f15e0f684,20270301_h250_r0_p90_y80_TPMC_N400000_S101,101,sample,858,triangle_0858,sailWall,-0.11084999999852085,-0.07024519825663329,0.5039325640959552,-1.0,2.4481211760744867e-15,2.9340132156881376e-12,0.000761507268189113,-8.080992028387935e-14,7484.538922892781,-1319.726150268671,7.0905832681729016e-09,6.413345901536815e-08,-1.2964126932217683e-08,-3.128302458741821e-08,2.116557764386592e-09,-6.581500576351372e-09,-3.128302458741821e-08,2.116557764386592e-09,-6.581500576351372e-09,3,False,250.0
b712773f15e0f684,20270301_h250_r0_p90_y80_TPMC_N400000_S101,101,sample,859,triangle_0859,sailWall,-0.110850000000207,-0.5038968682476622,-0.0705328379426473,-0.9999999999999999,-3.956892221125695e-17,2.9360684778092245e-12,0.0007588781384931906,-8.080992028387935e-14,7484.538922892781,-1319.726150268671,1.2081783196550265e-08,9.87931457496504e-08,-1.5677949114160914e-08,1.5253637318922694e-08,-2.6196912781516848e-09,-4.828477648301075e-09,1.5253637318922694e-08,-2.6196912781516848e-09,-4.828477648301075e-09,5,False,250.0
b712773f15e0f684,20270301_h250_r0_p90_y80_TPMC_N400000_S101,101,sample,860,triangle_0860,sailWall,-0.11085000000005951,0.6457984674481869,-0.020277067813579377,-1.0,-8.251744457804428e-16,2.9344837268813984e-12,0.0007951440878068611,-8.080992028387935e-14,7484.538922892781,-1319.726150268671,1.2605271266062192e-08,8.159364244174251e-08,-1.7575085419972975e-08,-9.922191852756992e-09,-2.174011090394914e-09,-1.7226440580132154e-08,-9.922191852756992e-09,-2.174011090394914e-09,-1.7226440580132154e-08,5,False,250.0
b712773f15e0f684,20270301_h250_r0_p90_y80_TPMC_N400000_S101,101,sample,861,triangle_0861,sailWall,-0.1108499999981049,-0.020342236420591003,0.6456367971016781,-1.0,8.2870357058884e-16,2.9343914983094408e-12,0.0008058256839430578,-8.080992028387935e-14,7484.538922892781,-1319.726150268671,1.2025916151747899e-08,5.191434494810414e-08,-6.1949333857138824e-09,-3.3635661513550714e-08,7.128385421386882e-09,-5.65648891859947e-09,-3.3635661513550714e-08,7.128385421386882e-09,-5.65648891859947e-09,3,False,250.0
b712773f15e0f684,20270301_h250_r0_p90_y80_TPMC_N400000_S101,101,sample,862,triangle_0862,sailWall,-0.1108499999999405,-0.6457984674481869,0.020277067814230474,-1.0,-5.013721459502801e-16,2.9346340040517506e-12,0.0007951440878068514,-8.080992028387935e-14,7484.538922892781,-1319.726150268671,1.3192967059935549e-08,7.66198480388771e-08,-1.0181864154218552e-08,5.474269758282458e-09,-9.452310364393356e-10,4.157718593912374e-12,5.474269758282458e-09,-9.452310364393356e-10,4.157718593912374e-12,4,False,250.0
b712773f15e0f684,20270301_h250_r0_p90_y80_TPMC_N400000_S101,101,sample,863,triangle_0863,sailWall,-0.11085000000189556,-0.020275078689574542,-0.6457991758392929,-1.0,-1.559720925895456e-15,2.9351607394431763e-12,0.0007950532793219895,-8.080992028387935e-14,7484.538922892781,-1319.726150268671,1.388164147222062e-08,7.298589418157395e-08,-1.674987320060773e-08,4.74109894408746e-08,-1.082525623740434e-08,-7.920908900238808e-09,4.74109894408746e-08,-1.082525623740434e-08,-7.920908900238808e-09,4,False,250.0
b712773f15e0f684,20270301_h250_r0_p90_y80_TPMC_N400000_S101,101,sample,864,triangle_0864,sailWall,-0.11085000000024953,-0.10035496335790271,-0.0850036738742061,-0.9999999999999999,-5.78074108011206e-17,2.937946940015509e-12,0.0008156862834107967,-8.080992028387935e-14,7484.538922892781,-1319.726150268671,3.9168834371801295e-09,1.3845431386993304e-08,-2.8374430924585975e-09,1.4536079985043835e-09,-6.199918055200928e-10,-1.1433861276091418e-09,1.4536079985043835e-09,-6.199918055200928e-10,-1.1433861276091418e-09,3,False,250.0
b712773f15e0f684,20270301_h250_r0_p90_y80_TPMC_N400000_S101,101,sample,865,triangle_0865,sailWall,-0.11084999999975054,0.10035496335790269,0.0850036738748568,-1.0,-4.377302097241054e-17,2.935371594667469e-12,0.0008156862834107971,-8.080992028387935e-14,7484.538922892781,-1319.726150268671,2.2201054737709342e-08,1.7775169585910538e-07,-4.100397313970235e-08,-2.0439000734368885e-08,-2.5060774288052518e-09,-2.2107883847270733e-08,-2.0439000734368885e-08,-2.5060774288052518e-09,-2.2107883847270733e-08,8,False,250.0
b712773f15e0f684,20270301_h250_r0_p90_y80_TPMC_N400000_S101,101,sample,866,triangle_0866,sailWall,-0.11085000000029456,0.0850036738745316,-0.10035496335757721,-1.0,-7.944021401845488e-17,2.9352754240576904e-12,0.0008156862834108021,-8.080992028387935e-14,7484.538922892781,-1319.726150268671,9.163445700079033e-09,5.0096354033640973e-08,-1.0113528161833439e-08,4.450415352035474e-09,-2.0854575350094706e-09,-6.321290149302511e-09,4.450415352035474e-09,-2.0854575350094706e-09,-6.321290149302511e-09,3,False,250.0
b712773f15e0f684,20270301_h250_r0_p90_y80_TPMC_N400000_S101,101,sample,867,triangle_0867,sailWall,-0.11084999999970542,-0.08500367387453149,0.10035496335822791,-1.0,3.4978401065747943e-16,2.935277763122665e-12,0.0008156862834107993,-8.080992028387935e-14,7484.538922892781,-1319.726150268671,2.3510197800930886e-08,1.1235596121333795e-07,-1.611410248776022e-08,-9.81720070053811e-09,6.22086306442389e-10,-1.0408392122705159e-08,-9.81720070053811e-09,6.22086306442389e-10,-1.0408392122705159e-08,9,False,250.0
b712773f15e0f684,20270301_h250_r0_p90_y80_TPMC_N400000_S101,101,sample,868,triangle_0868,sailWall,-0.11084999999928809,-0.1753092347845794,0.24254807243281365,-1.0,-1.628967058536307e-15,2.935832039289572e-12,0.0008184986666920898,-8.080992028387935e-14,7484.538922892781,-1319.726150268671,1.0632544751907935e-08,6.969125348517324e-08,-1.8321184460289054e-08,-1.3199696706160848e-08,4.739854348153867e-10,-5.85985834625523e-09,-1.3199696706160848e-08,4.739854348153867e-10,-5.85985834625523e-09,4,False,250.0
b712773f15e0f684,20270301_h250_r0_p90_y80_TPMC_N400000_S101,101,sample,869,triangle_0869,sailWall,-0.11085000000071193,0.17530923478457963,-0.24254807243216206,-0.9999999999999999,6.678317869178793e-16,2.934956452857979e-12,0.0008184986666920822,-8.080992028387935e-14,7484.538922892781,-1319.726150268671,9.91454998009406e-09,8.815149786269944e-08,-1.5880461101019322e-08,1.8296400890988163e-08,-4.1141199171523285e-09,-1.1461702405671491e-08,1.8296400890988163e-08,-4.1141199171523285e-09,-1.1461702405671491e-08,4,False,250.0
b712773f15e0f684,20270301_h250_r0_p90_y80_TPMC_N400000_S101,101,sample,870,triangle_0870,sailWall,-0.1108500000005146,-0.2425480724324873,-0.17530923478425386,-1.0,8.017390394190681e-16,2.9366842436412562e-12,0.0008184986666920786,-8.080992028387935e-14,7484.538922892781,-1319.726150268671,2.4034736108710103e-08,1.354724864097268e-07,-2.668332575466345e-08,2.9789126891676064e-08,-7.108975091690674e-09,-9.304398989755568e-09,2.9789126891676064e-08,-7.108975091690674e-09,-9.304398989755568e-09,7,False,250.0
b712773f15e0f684,20270301_h250_r0_p90_y80_TPMC_N400000_S101,101,sample,871,triangle_0871,sailWall,-0.11084999999948547,0.24254807243248766,0.17530923478490454,-1.0,-1.9893116814255883e-16,2.9340593306750157e-12,0.0008184986666920666,-8.080992028387935e-14,7484.538922892781,-1319.726150268671,1.9205885401073727e-08,9.826114519000906e-08,-2.2154821593955158e-08,-2.312189590187318e-08,1.0244250036536915e-09,-1.5495293980132113e-08,-2.312189590187318e-08,1.0244250036536915e-09,-1.5495293980132113e-08,5,False,250.0
b712773f15e0f684,20270301_h250_r0_p90_y80_TPMC_N400000_S101,101,sample,872,triangle_0872,sailWall,-0.11084999999917237,0.28098404511969344,0.2819761391822922,-1.0,-1.8408249518865834e-15,2.933476410212056e-12,0.0007250731485598399,-8.080992028387935e-14,7484.538922892781,-1319.726150268671,1.3466992004286637e-08,8.277649924959039e-08,-2.162875151559652e-08,-2.9042543777815966e-08,1.3476929771368135e-09,-1.2949583565485083e-08,-2.9042543777815966e-08,1.3476929771368135e-09,-1.2949583565485083e-08,5,False,250.0
b712773f15e0f684,20270301_h250_r0_p90_y80_TPMC_N400000_S101,101,sample,873,triangle_0873,sailWall,-0.11085000000082484,0.2819186135881407,-0.2810065226166318,-1.0,-1.441405440969833e-15,2.93739316401755e-12,0.0007254223423042745,-8.080992028387935e-14,7484.538922892781,-1319.726150268671,9.770311515502686e-09,5.653109373301009e-08,-1.2324132668925577e-08,1.1924184404138218e-08,-4.035770251681621e-09,-9.069823266928928e-09,1.1924184404138218e-08,-4.035770251681621e-09,-9.069823266928928e-09,2,False,250.0
b712773f15e0f684,20270301_h250_r0_p90_y80_TPMC_N400000_S101,101,sample,874,triangle_0874,sailWall,-0.1108500000008275,-0.28100652261695763,-0.2819186135878145,-0.9999999999999999,-2.084901109915192e-17,2.935492849194816e-12,0.000725422342304283,-8.080992028387935e-14,7484.538922892781,-1319.726150268671,1.5027030434447966e-08,8.819492096456122e-08,-1.4834439398654511e-08,2.9614256723652955e-08,-5.9708850853286126e-09,-5.569258358655444e-09,2.9614256723652955e-08,-5.9708850853286126e-09,-5.569258358655444e-09,5,False,250.0
b712773f15e0f684,20270301_h250_r0_p90_y80_TPMC_N400000_S101,101,sample,875,triangle_0875,sailWall,-0.11084999999917523,-0.28191861358814063,0.28100652261728265,-1.0,7.595037827408753e-16,2.934836710427991e-12,0.0007254223423042734,-8.080992028387935e-14,7484.538922892781,-1319.726150268671,1.213066776622389e-08,8.649625276141041e-08,-1.2436164659164296e-08,-2.0332696142782438e-08,1.940401162107199e-09,-6.159698697905116e-09,-2.0332696142782438e-08,1.940401162107199e-09,-6.159698697905116e-09,4,False,250.0
b712773f15e0f684,20270301_h250_r0_p90_y80_TPMC_N400000_S101,101,sample,876,triangle_0876,sailWall,-0.11085000000076167,0.0525887191216163,-0.25950012799842453,-1.0,-5.638656217298372e-16,2.935622940080524e-12,0.0008128192637003777,-8.080992028387935e-14,7484.538922892781,-1319.726150268671,6.926438458252869e-09,4.923760506022267e-08,-1.2843945466801543e-08,1.2139930852339568e-08,-3.254269452420268e-09,-5.918417416017333e-09,1.2139930852339568e-08,-3.254269452420268e-09,-5.918417416017333e-09,2,False,250.0
b712773f15e0f684,20270301_h250_r0_p90_y80_TPMC_N400000_S101,101,sample,877,triangle_0877,sailWall,-0.11085000000015437,-0.2595001279987499,-0.05258871912129102,-1.0,-1.3711481036438865e-15,2.9345864774818507e-12,0.000812819263700377,-8.080992028387935e-14,7484.538922892781,-1319.726150268671,7.901285288786514e-09,6.396204577307686e-08,-1.516810867175576e-08,7.3052787361066896e-09,-2.1265433803388125e-09,-5.135934628909917e-09,7.3052787361066896e-09,-2.1265433803388125e-09,-5.135934628909917e-09,3,False,250.0
b712773f15e0f684,20270301_h250_r0_p90_y80_TPMC_N400000_S101,101,sample,878,triangle_0878,sailWall,-0.11084999999984567,0.2595001279987498,0.052588719121941796,-1.0,1.4823886969600303e-15,2.9341697367424436e-12,0.0008128192637003727,-8.080992028387935e-14,7484.538922892781,-1319.726150268671,9.244641239484328e-09,4.8402979519659944e-08,-1.0447910859196587e-08,-5.745710308919995e-09,-5.923073454555064e-10,-7.783679930579412e-09,-5.745710308919995e-09,-5.923073454555064e-10,-7.783679930579412e-09,3,False,250.0
b712773f15e0f684,20270301_h250_r0_p90_y80_TPMC_N400000_S101,101,sample,879,triangle_0879,sailWall,-0.11084999999923834,-0.05258871912161602,0.2595001279990757,-0.9999999999999999,-5.63865621714793e-16,2.935622940080508e-12,0.0008128192637003791,-8.080992028387935e-14,7484.538922892781,-1319.726150268671,1.760181928479524e-08,9.945029130206193e-08,-1.5340035455100716e-08,-2.4872309611812998e-08,2.8864015212122824e-09,-9.97964586548292e-09,-2.4872309611812998e-08,2.8864015212122824e-09,-9.97964586548292e-09,5,False,250.0
b712773f15e0f684,20270301_h250_r0_p90_y80_TPMC_N400000_S101,101,sample,880,triangle_0880,sailWall,-0.11085000000136351,0.09921748262922382,-0.4645289556442557,-0.9999999999999999,8.479611726658495e-16,2.9357674312596693e-12,0.0010191072712267507,-8.080992028387935e-14,7484.538922892781,-1319.726150268671,1.952384731837207e-08,1.6379443180433276e-07,-2.655599223048046e-08,7.271893431012357e-08,-1.1948184534926179e-08,-2.0272027717340057e-08,7.271893431012357e-08,-1.1948184534926179e-08,-2.0272027717340057e-08,8,False,250.0
b712773f15e0f684,20270301_h250_r0_p90_y80_TPMC_N400000_S101,101,sample,881,triangle_0881,sailWall,-0.11084999999970879,0.464528948985736,0.09921748879758208,-1.0,-1.2246244520360188e-15,2.9342618792627036e-12,0.0010191077323910506,-8.080992028387935e-14,7484.538922892781,-1319.726150268671,1.4489899816975203e-08,1.1641788196538315e-07,-1.9997969307732256e-08,-2.129181891354146e-08,-7.041056482216414e-10,-1.9596380422398722e-08,-2.129181891354146e-08,-7.041056482216414e-10,-1.9596380422398722e-08,6,False,250.0
b712773f15e0f684,20270301_h250_r0_p90_y80_TPMC_N400000_S101,101,sample,882,triangle_0882,sailWall,-0.11084999999863654,-0.09920630427293925,0.46452602992113384,-1.0,4.065906022743185e-16,2.9335236020545715e-12,0.0010189465317215968,-8.080992028387935e-14,7484.538922892781,-1319.726150268671,1.8392247752932245e-08,1.0325400313876355e-07,-2.1993636746888177e-08,-4.540847806661862e-08,6.053566455884647e-09,-9.486276295225269e-09,-4.540847806661862e-08,6.053566455884647e-09,-9.486276295225269e-09,5,False,250.0
b712773f15e0f684,20270301_h250_r0_p90_y80_TPMC_N400000_S101,101,sample,883,triangle_0883,sailWall,-0.1108500000002912,-0.4645259437783982,-0.09920669136196636,-1.0,-5.886135576565283e-16,2.9342772189558186e-12,0.0010189443967473413,-8.080992028387935e-14,7484.538922892781,-1319.726150268671,2.8358533929272097e-08,1.88647919582715e-07,-3.6166908424250685e-08,3.515788437253328e-08,-6.763963473599603e-09,-7.767153168185262e-09,3.515788437253328e-08,-6.763963473599603e-09,-7.767153168185262e-09,8,False,250.0
b712773f15e0f684,20270301_h250_r0_p90_y80_TPMC_N400000_S101,101,sample,884,triangle_0884,sailWall,-0.11084999999847517,0.04474373602902535,0.5195016517211228,-1.0,1.7174958856470578e-15,2.935318580429553e-12,0.0007624931156973283,-8.080992028387935e-14,7484.538922892781,-1319.726150268671,6.791832201925718e-09,3.606708237034642e-08,-5.329664903231387e-09,-1.9255452062517587e-08,2.994835683913887e-09,-4.244359081335588e-09,-1.9255452062517587e-08,2.994835683913887e-09,-4.244359081335588e-09,2,False,250.0
b712773f15e0f684,20270301_h250_r0_p90_y80_TPMC_N400000_S101,101,sample,885,triangle_0885,sailWall,-0.11085000000152488,-0.04474888603368397,-0.5195021221223932,-1.0,2.0926771468536412e-16,2.9365793746812172e-12,0.0007623929524956018,-8.080992028387935e-14,7484.538922892781,-1319.726150268671,2.285360829339317e-08,1.4030434750213852e-07,-1.9522280695532427e-08,7.468657573062263e-08,-1.418329883185734e-08,-1.4536315594189594e-08,7.468657573062263e-08,-1.418329883185734e-08,-1.4536315594189594e-08,7,False,250.0
b712773f15e0f684,20270301_h250_r0_p90_y80_TPMC_N400000_S101,101,sample,886,triangle_0886,sailWall,-0.11085000000013079,0.519396348997438,-0.04456329186624578,-1.0,1.5759090750883246e-15,2.9350280570929194e-12,0.0007707262770321207,-8.080992028387935e-14,7484.538922892781,-1319.726150268671,3.1476320949316725e-09,1.8985781861309792e-08,-3.3939316325479844e-09,-9.74797257689215e-10,-5.112109901924967e-10,-3.7637892751725235e-09,-9.74797257689215e-10,-5.112109901924967e-10,-3.7637892751725235e-09,1,False,250.0
b712773f15e0f684,20270301_h250_r0_p90_y80_TPMC_N400000_S101,101,sample,887,triangle_0887,sailWall,-0.11084999999986922,-0.5193963489974376,0.0445632918668973,-1.0,-7.963698264546025e-16,2.935562530926057e-12,0.0007707262770321129,-8.080992028387935e-14,7484.538922892781,-1319.726150268671,2.1430007575602433e-08,1.4026179948071462e-07,-2.717156408536426e-08,7.288905400616046e-09,-1.9442448341885797e-09,-4.344229569091612e-09,7.288905400616046e-09,-1.9442448341885797e-09,-4.344229569091612e-09,6,False,250.0
b712773f15e0f684,20270301_h250_r0_p90_y80_TPMC_N400000_S101,101,sample,888,triangle_0888,sailWall,-0.11084999999847651,-0.048161272322859626,0.5190298711760665,-1.0,1.2973539227652491e-15,2.933654529265823e-12,0.0007083162633670348,-8.080992028387935e-14,7484.538922892781,-1319.726150268671,1.1194593982123945e-08,8.932411389696414e-08,-1.5422962755542652e-08,-4.6201797850097166e-08,4.16019934035328e-09,-9.382643575989762e-09,-4.6201797850097166e-08,4.16019934035328e-09,-9.382643575989762e-09,5,False,250.0
b712773f15e0f684,20270301_h250_r0_p90_y80_TPMC_N400000_S101,101,sample,889,triangle_0889,sailWall,-0.1108499999998578,0.5189952368207025,0.04845014538600564,-1.0,-2.2426872195665614e-15,2.9346102379527444e-12,0.0007268817833847765,-8.080992028387935e-14,7484.538922892781,-1319.726150268671,8.01540734707161e-09,5.2419295365653965e-08,-6.346229664126521e-09,-5.3766934803534396e-09,-3.79888541306725e-10,-9.984522746653056e-09,-5.3766934803534396e-09,-3.79888541306725e-10,-9.984522746653056e-09,3,False,250.0
b712773f15e0f684,20270301_h250_r0_p90_y80_TPMC_N400000_S101,101,sample,890,triangle_0890,sailWall,-0.11085000000014217,-0.518994945992438,-0.048448772506929305,-1.0,5.91443158715479e-17,2.9357748820851502e-12,0.000726861285946144,-8.080992028387935e-14,7484.538922892781,-1319.726150268671,1.4877262782055312e-08,1.0683931653450111e-07,-2.391052041558313e-08,1.7453932117808423e-08,-3.3514094995947365e-09,-4.074439797707952e-09,1.7453932117808423e-08,-3.3514094995947365e-09,-4.074439797707952e-09,5,False,250.0
b712773f15e0f684,20270301_h250_r0_p90_y80_TPMC_N400000_S101,101,sample,891,triangle_0891,sailWall,-0.11085000000152335,0.048450145351517156,-0.5189952368572582,-1.0,2.5226722307443763e-16,2.9341791683660356e-12,0.0007268817823698109,-8.080992028387935e-14,7484.538922892781,-1319.726150268671,1.2299748360311754e-08,1.0791798992351638e-07,-1.9587250410900006e-08,5.511463581268392e-08,-8.576773715165505e-09,-1.251845014245671e-08,5.511463581268392e-08,-8.576773715165505e-09,-1.251845014245671e-08,4,False,250.0
b712773f15e0f684,20270301_h250_r0_p90_y80_TPMC_N400000_S101,101,sample,892,triangle_0892,sailWall,-0.11084999999999856,0.6294744785457068,0.00048108501055427075,-0.9999999999999999,-1.0452908697286815e-15,2.934779191508313e-12,0.0007774543853421541,-8.080992028387935e-14,7484.538922892781,-1319.726150268671,1.2074149043042129e-08,8.444363221372208e-08,-1.3553669552072225e-08,-8.22422773125934e-09,-1.522065391644391e-09,-1.6991905330709324e-08,-8.22422773125934e-09,-1.522065391644391e-09,-1.6991905330709324e-08,4,False,250.0
b712773f15e0f684,20270301_h250_r0_p90_y80_TPMC_N400000_S101,101,sample,893,triangle_0893,sailWall,-0.11085000000000143,-0.6294745263366088,-0.00048095608902282036,-1.0,-8.379753938226845e-16,2.9350858301866096e-12,0.0007774465257883582,-8.080992028387935e-14,7484.538922892781,-1319.726150268671,2.256135936309122e-08,1.2531257151198148e-07,-2.2089358751449635e-08,1.3451662351580475e-08,-2.3871143955798944e-09,2.7357523229687713e-10,1.3451662351580475e-08,-2.3871143955798944e-09,2.7357523229687713e-10,7,False,250.0
b712773f15e0f684,20270301_h250_r0_p90_y80_TPMC_N400000_S101,101,sample,894,triangle_0894,sailWall,-0.11085000000184768,0.00048331093507457515,-0.6294752712691263,-1.0,-5.786513872408622e-16,2.9358914855032655e-12,0.0007773412157831028,-8.080992028387935e-14,7484.538922892781,-1319.726150268671,1.2907022893380763e-08,1.2392557839875923e-07,-1.6680490930778147e-08,7.750501251574365e-08,-9.961819485943353e-09,-1.385463442419886e-08,7.750501251574365e-08,-9.961819485943353e-09,-1.385463442419886e-08,6,False,250.0
b712773f15e0f684,20270301_h250_r0_p90_y80_TPMC_N400000_S101,101,sample,895,triangle_0895,sailWall,-0.11084999999815355,0.0003623748501297268,0.6290585177632633,-1.0,-1.2973971708167111e-15,2.9359645055398957e-12,0.0007931896278767118,-8.080992028387935e-14,7484.538922892781,-1319.726150268671,1.0581905061176873e-08,8.942673966344851e-08,-1.9388096522064613e-08,-5.61440550961591e-08,4.496840027666552e-09,-9.806498999085751e-09,-5.61440550961591e-08,4.496840027666552e-09,-9.806498999085751e-09,4,False,250.0
b712773f15e0f684,20270301_h250_r0_p90_y80_TPMC_N400000_S101,101,sample,896,triangle_0896,sailWall,-0.11084999999924632,0.2549081596207577,0.25677915785372296,-1.0,2.057480854586642e-15,2.934909495114684e-12,0.0006955918783695433,-8.080992028387935e-14,7484.538922892781,-1319.726150268671,9.512815545131715e-09,8.059045596184589e-08,-1.3760393293881054e-08,-2.340480737338083e-08,8.432992224510928e-10,-1.1369881755251103e-08,-2.340480737338083e-08,8.432992224510928e-10,-1.1369881755251103e-08,4,False,250.0
b712773f15e0f684,20270301_h250_r0_p90_y80_TPMC_N400000_S101,101,sample,897,triangle_0897,sailWall,-0.11084999999925182,-0.25676797707810556,0.25489895334669277,-1.0,7.49934532938124e-16,2.934704916732687e-12,0.0006946116162479672,-8.080992028387935e-14,7484.538922892781,-1319.726150268671,7.744344100695586e-09,3.868476818482989e-08,-7.624212973888573e-09,-8.08175095637923e-09,1.1691910819476408e-09,-2.281656871282295e-09,-8.08175095637923e-09,1.1691910819476408e-09,-2.281656871282295e-09,2,False,250.0
b712773f15e0f684,20270301_h250_r0_p90_y80_TPMC_N400000_S101,101,sample,898,triangle_0898,sailWall,-0.11085000000074817,0.256767977078106,-0.25489895334604173,-1.0,3.7957383003193223e-16,2.934688802636938e-12,0.0006946116162479637,-8.080992028387935e-14,7484.538922892781,-1319.726150268671,3.7092683083885794e-09,2.767774360483119e-08,-6.994129267130227e-09,5.6501811601999434e-09,-1.7630092214781738e-09,-3.980206574343795e-09,5.6501811601999434e-09,-1.7630092214781738e-09,-3.980206574343795e-09,1,False,250.0
b712773f15e0f684,20270301_h250_r0_p90_y80_TPMC_N400000_S101,101,sample,899,triangle_0899,sailWall,-0.11085000000075369,-0.2548989533463672,-0.25676797707777976,-1.0,-1.1442331816312909e-15,2.934196916460272e-12,0.0006946116162479593,-8.080992028387935e-14,7484.538922892781,-1319.726150268671,1.8232001804124462e-09,1.9056514748156945e-08,-3.1034197486570466e-09,5.567241277069712e-09,-8.023345041583441e-10,-1.656077626276495e-09,5.567241277069712e-09,-8.023345041583441e-10,-1.656077626276495e-09,1,False,250.0
b712773f15e0f684,20270301_h250_r0_p90_y80_TPMC_N400000_S101,101,sample,900,triangle_0900,sailWall,-0.10985000000046401,-0.37478179275650864,-0.1580849962215852,1.0,-4.4203021830110454e-16,-2.9349437635747437e-12,0.0013399226557343667,-8.080992028387935e-14,7484.538922892781,-1319.726150268671,-3.1960560207062176e-08,1.8234096392089854e-07,-4.2276918643884856e-08,4.60414536464016e-08,4.966325426441735e-10,-3.221644755824273e-08,4.60414536464016e-08,4.966325426441735e-10,-3.221644755824273e-08,12,False,250.0
b712773f15e0f684,20270301_h250_r0_p90_y80_TPMC_N400000_S101,101,sample,901,triangle_0901,sailWall,-0.109849999999536,0.37478179275650936,0.15808499622222918,1.0,-1.7470861241004785e-16,-2.934944680942023e-12,0.001339922655734337,-8.080992028387935e-14,7484.538922892781,-1319.726150268671,-3.554411755028685e-08,1.820591352319517e-07,-1.6335244378042867e-08,-3.351719429789652e-08,-7.217807086583443e-09,-6.7914793517805915e-09,-3.351719429789652e-08,-7.217807086583443e-09,-6.7914793517805915e-09,9,False,250.0
b712773f15e0f684,20270301_h250_r0_p90_y80_TPMC_N400000_S101,101,sample,902,triangle_0902,sailWall,-0.10985000000110007,0.15808496787520512,-0.3747818233585358,1.0,-3.947451820955786e-16,-2.935294823519851e-12,0.0013399250328366924,-8.080992028387935e-14,7484.538922892781,-1319.726150268671,-4.636556370785037e-08,2.1325041791494832e-07,-5.016152747327239e-08,7.143802405193008e-08,1.1883684716220657e-08,-1.598129455715808e-08,7.143802405193008e-08,1.1883684716220657e-08,-1.598129455715808e-08,16,False,250.0
b712773f15e0f684,20270301_h250_r0_p90_y80_TPMC_N400000_S101,101,sample,903,triangle_0903,sailWall,-0.10984999999889992,-0.15808396090177254,0.3747824664325597,1.0,-3.943707862849474e-16,-2.9351857242652448e-12,0.001339975094216969,-8.080992028387935e-14,7484.538922892781,-1319.726150268671,-1.4064796353674994e-08,1.0272871867092426e-07,-1.9496340060503597e-08,-3.45266483842163e-08,-7.29125253662362e-09,-1.3487965304869938e-08,-3.45266483842163e-08,-7.29125253662362e-09,-1.3487965304869938e-08,5,False,250.0
b712773f15e0f684,20270301_h250_r0_p90_y80_TPMC_N400000_S101,101,sample,904,triangle_0904,sailWall,-0.10984999999947209,-0.4390978482223799,0.1798527448834065,1.0,-4.041465547205192e-16,-2.935073697949651e-12,0.0011998180009249392,-8.080992028387935e-14,7484.538922892781,-1319.726150268671,-5.1910056807007204e-08,2.8321338134469306e-07,-4.0418567550861316e-08,-3.3809025807249484e-08,-1.3947698309773112e-08,-5.403580845938662e-08,-3.3809025807249484e-08,-1.3947698309773112e-08,-5.403580845938662e-08,17,False,250.0
b712773f15e0f684,20270301_h250_r0_p90_y80_TPMC_N400000_S101,101,sample,905,triangle_0905,sailWall,-0.1098500000005279,0.4391044527151083,-0.17984444135506386,1.0,8.551873678904405e-16,-2.9345941365110437e-12,0.0012004198361683736,-8.080992028387935e-14,7484.538922892781,-1319.726150268671,-2.1595436289813963e-08,1.2177076540851677e-07,-1.9930967402019404e-08,1.3230562408473645e-08,1.7078253056385447e-09,-3.949504857045914e-09,1.3230562408473645e-08,1.7078253056385447e-09,-3.949504857045914e-09,6,False,250.0
b712773f15e0f684,20270301_h250_r0_p90_y80_TPMC_N400000_S101,101,sample,906,triangle_0906,sailWall,-0.10985000000128886,-0.17985294117354322,-0.4390988749027744,1.0,-1.7763148236489102e-16,-2.9356083975697124e-12,0.0011998161028231747,-8.080992028387935e-14,7484.538922892781,-1319.726150268671,-2.5470669645875044e-08,1.3260940842242107e-07,-3.228455955378347e-08,6.41629135658122e-08,7.598077385109453e-09,-1.9201508663830422e-08,6.41629135658122e-08,7.598077385109453e-09,-1.9201508663830422e-08,9,False,250.0
b712773f15e0f684,20270301_h250_r0_p90_y80_TPMC_N400000_S101,101,sample,907,triangle_0907,sailWall,-0.10984999999871115,0.17985294117354286,0.43909887490341964,1.0,-3.3758034751069226e-16,-2.935324641163599e-12,0.001199816102823179,-8.080992028387935e-14,7484.538922892781,-1319.726150268671,-4.0942425086739135e-08,2.0507213296611644e-07,-4.168226580527171e-08,-9.769416090964373e-08,-2.2615191735466382e-08,-1.5083648406191915e-08,-9.769416090964373e-08,-2.2615191735466382e-08,-1.5083648406191915e-08,12,False,250.0
b712773f15e0f684,20270301_h250_r0_p90_y80_TPMC_N400000_S101,101,sample,908,triangle_0908,sailWall,-0.10984999999930883,-0.325718451223223,0.23548673127050582,1.0,7.199451638117533e-16,-2.9349141320622762e-12,0.001461519892359936,-8.080992028387935e-14,7484.538922892781,-1319.726150268671,-4.444003689532241e-08,2.1755586718927098e-07,-2.6647596982411495e-08,-4.365021957902362e-08,-1.3640742060858566e-08,-3.827658483198239e-08,-4.365021957902362e-08,-1.3640742060858566e-08,-3.827658483198239e-08,13,False,250.0
b712773f15e0f684,20270301_h250_r0_p90_y80_TPMC_N400000_S101,101,sample,909,triangle_0909,sailWall,-0.10985000000069123,0.3257184512232222,-0.23548673126986172,1.0,-1.6031949343352465e-15,-2.934726136099562e-12,0.0014615198923598866,-8.080992028387935e-14,7484.538922892781,-1319.726150268671,-1.7834770742656753e-08,1.0408472778422112e-07,-2.227754642708303e-08,1.6764106897109007e-08,1.6319703956538827e-09,-5.713906346143982e-09,1.6764106897109007e-08,1.6319703956538827e-09,-5.713906346143982e-09,6,False,250.0
b712773f15e0f684,20270301_h250_r0_p90_y80_TPMC_N400000_S101,101,sample,910,triangle_0910,sailWall,-0.10984999999904389,0.23546709699164933,0.32575177342517686,1.0,-7.101403975635112e-17,-2.9351425067399595e-12,0.0014594730978384062,-8.080992028387935e-14,7484.538922892781,-1319.726150268671,-2.1645373023263842e-08,1.4302652647343912e-07,-2.7999590036860062e-08,-5.3110637543431754e-08,-1.007306373599131e-08,-1.0516421506823357e-08,-5.3110637543431754e-08,-1.007306373599131e-08,-1.0516421506823357e-08,7,False,250.0
b712773f15e0f684,20270301_h250_r0_p90_y80_TPMC_N400000_S101,101,sample,911,triangle_0911,sailWall,-0.1098500000009562,-0.23546709699164992,-0.32575177342453127,0.9999999999999999,1.470111740270455e-16,-2.935255431805767e-12,0.0014594730978383778,-8.080992028387935e-14,7484.538922892781,-1319.726150268671,-2.9490419327162104e-08,1.3111022033553595e-07,-3.074560149956039e-08,4.9835836848245625e-08,6.148622694905779e-09,-2.152835846567766e-08,4.9835836848245625e-08,6.148622694905779e-09,-2.152835846567766e-08,13,False,250.0
b712773f15e0f684,20270301_h250_r0_p90_y80_TPMC_N400000_S101,101,sample,912,triangle_0912,sailWall,-0.1098500000004453,0.44325707944624054,-0.15170123252177323,0.9999999999999999,6.3327369547625215e-16,-2.9356359950774646e-12,0.0012208025696703578,-8.080992028387935e-14,7484.538922892781,-1319.726150268671,-9.533322725779582e-09,8.299378695652489e-08,-1.1504475034021314e-08,7.927378196653648e-09,2.1981463613000948e-10,-4.957370948444729e-09,7.927378196653648e-09,2.1981463613000948e-10,-4.957370948444729e-09,3,False,250.0
b712773f15e0f684,20270301_h250_r0_p90_y80_TPMC_N400000_S101,101,sample,913,triangle_0913,sailWall,-0.1098499999995547,-0.4432511528632912,0.1517119686461462,0.9999999999999999,-4.575240812872811e-16,-2.9353238743532904e-12,0.00122074339888752,-8.080992028387935e-14,7484.538922892781,-1319.726150268671,-3.565801680927574e-08,1.4664721387263733e-07,-2.3141832039881288e-08,-1.2672816731024916e-08,-8.094345885883255e-09,-3.1845337606401346e-08,-1.2672816731024916e-08,-8.094345885883255e-09,-3.1845337606401346e-08,12,False,250.0
b712773f15e0f684,20270301_h250_r0_p90_y80_TPMC_N400000_S101,101,sample,914,triangle_0914,sailWall,-0.10984999999869897,0.15171188810173503,0.4432511779474179,1.0,-1.2026384476908093e-15,-2.935140072750862e-12,0.001220750561770015,-8.080992028387935e-14,7484.538922892781,-1319.726150268671,-2.8482803050683392e-08,1.3728463805043225e-07,-2.75928578947177e-08,-6.516947276501312e-08,-1.5660303049029275e-08,-1.0692184619998416e-08,-6.516947276501312e-08,-1.5660303049029275e-08,-1.0692184619998416e-08,8,False,250.0
b712773f15e0f684,20270301_h250_r0_p90_y80_TPMC_N400000_S101,101,sample,915,triangle_0915,sailWall,-0.10985000000130103,-0.15171196864582484,-0.4432511528629682,1.0,-1.4256291182652294e-15,-2.935342125347407e-12,0.00122074339888751,-8.080992028387935e-14,7484.538922892781,-1319.726150268671,-1.9280391327379733e-08,1.2579530798383088e-07,-2.3937678721246433e-08,5.864666609190238e-08,5.826339252846546e-09,-1.6834895849472248e-08,5.864666609190238e-08,5.826339252846546e-09,-1.6834895849472248e-08,7,False,250.0
b712773f15e0f684,20270301_h250_r0_p90_y80_TPMC_N400000_S101,101,sample,916,triangle_0916,sailWall,-0.1098499999988537,-0.1325260858155518,0.3905382134448048,1.0,9.566805364453558e-16,-2.934344533940493e-12,0.0014201592717909568,-8.080992028387935e-14,7484.538922892781,-1319.726150268671,-1.803209057964731e-08,1.4616758877464827e-07,-2.509249737977763e-08,-5.4630773886425636e-08,-9.96590241786131e-09,-1.8649974453974928e-08,-5.4630773886425636e-08,-9.96590241786131e-09,-1.8649974453974928e-08,6,False,250.0
b712773f15e0f684,20270301_h250_r0_p90_y80_TPMC_N400000_S101,101,sample,917,triangle_0917,sailWall,-0.10985000000038898,-0.39053760852793484,-0.132527670198781,0.9999999999999999,-5.159000464415019e-16,-2.9348251358620628e-12,0.0014201681290966282,-8.080992028387935e-14,7484.538922892781,-1319.726150268671,-3.684970111035455e-08,1.0896422862044077e-07,-2.6694377075756908e-08,2.365396699096947e-08,1.8968586754234888e-09,-2.6551833790649678e-08,2.365396699096947e-08,1.8968586754234888e-09,-2.6551833790649678e-08,12,False,250.0
b712773f15e0f684,20270301_h250_r0_p90_y80_TPMC_N400000_S101,101,sample,918,triangle_0918,sailWall,-0.109849999999611,0.3905376085279353,0.13252767019942532,1.0,-3.9350014063421893e-16,-2.9345933231657753e-12,0.0014201681290966265,-8.080992028387935e-14,7484.538922892781,-1319.726150268671,-2.131832677874671e-08,1.0481620073455027e-07,-1.872183368422663e-08,-2.084905154012699e-08,-4.783624347735797e-09,-3.122304484133106e-09,-2.084905154012699e-08,-4.783624347735797e-09,-3.122304484133106e-09,6,False,250.0
b712773f15e0f684,20270301_h250_r0_p90_y80_TPMC_N400000_S101,101,sample,919,triangle_0919,sailWall,-0.10985000000114632,0.132527637127951,-0.390537644230353,0.9999999999999999,-9.704271915169028e-16,-2.935653300839076e-12,0.0014201678782319073,-8.080992028387935e-14,7484.538922892781,-1319.726150268671,-9.404099011068981e-09,7.592570433283527e-08,-1.6442015930331038e-08,2.7808097001993116e-08,1.9518613307347083e-09,-7.025286536750028e-09,2.7808097001993116e-08,1.9518613307347083e-09,-7.025286536750028e-09,3,False,250.0
b712773f15e0f684,20270301_h250_r0_p90_y80_TPMC_N400000_S101,101,sample,920,triangle_0920,sailWall,-0.10984999999930893,-0.29580621147674774,0.2354519704601119,0.9999999999999999,-8.37760534932047e-16,-2.934788077511043e-12,0.0012830919250532834,-8.080992028387935e-14,7484.538922892781,-1319.726150268671,-2.764168755413104e-08,1.6608517314084542e-07,-2.201928672376056e-08,-3.25429311806037e-08,-8.97456266213227e-09,-2.6348802008720588e-08,-3.25429311806037e-08,-8.97456266213227e-09,-2.6348802008720588e-08,10,False,250.0
b712773f15e0f684,20270301_h250_r0_p90_y80_TPMC_N400000_S101,101,sample,921,triangle_0921,sailWall,-0.10985000000069113,0.29580621147674685,-0.23545197045946742,1.0,1.477662837950744e-15,-2.93497544901163e-12,0.0012830919250532988,-8.080992028387935e-14,7484.538922892781,-1319.726150268671,-3.2520032267539955e-08,1.9131434404840443e-07,-3.918855408316498e-08,3.3525722076343764e-08,3.300745135204382e-09,-1.1700610488651704e-08,3.3525722076343764e-08,3.300745135204382e-09,-1.1700610488651704e-08,11,False,250.0
b712773f15e0f684,20270301_h250_r0_p90_y80_TPMC_N400000_S101,101,sample,922,triangle_0922,sailWall,-0.10984999999913166,0.23543233618125517,0.29583953367870147,1.0,9.370046227133024e-17,-2.9330756069810656e-12,0.0012835415986919222,-8.080992028387935e-14,7484.538922892781,-1319.726150268671,-2.3114552167085277e-08,1.100048691699881e-07,-1.2761897031084796e-08,-3.548555585536173e-08,-8.197673089696319e-09,-6.528538550924799e-09,-3.548555585536173e-08,-8.197673089696319e-09,-6.528538550924799e-09,6,False,250.0
b712773f15e0f684,20270301_h250_r0_p90_y80_TPMC_N400000_S101,101,sample,923,triangle_0923,sailWall,-0.1098500000008684,-0.23543233618125545,-0.295839533678056,0.9999999999999999,1.4656457108839943e-16,-2.9352610359480532e-12,0.0012835415986919125,-8.080992028387935e-14,7484.538922892781,-1319.726150268671,-2.883734642859267e-08,1.4949138197408305e-07,-2.8116166235845645e-08,4.970364383935027e-08,5.3646145097128895e-09,-2.333896200005124e-08,4.970364383935027e-08,5.3646145097128895e-09,-2.333896200005124e-08,12,False,250.0
b712773f15e0f684,20270301_h250_r0_p90_y80_TPMC_N400000_S101,101,sample,924,triangle_0924,sailWall,-0.10984999999943897,-0.4156867759872251,0.19114271281439896,1.0,3.9887420602398326e-16,-2.934621093201529e-12,0.0009914693864160136,-8.080992028387935e-14,7484.538922892781,-1319.726150268671,-2.0294648087993668e-08,1.4444556209059792e-07,-2.720713349610115e-08,-1.6078312907692828e-08,-6.863631158156392e-09,-2.4211805369516796e-08,-1.6078312907692828e-08,-6.863631158156392e-09,-2.4211805369516796e-08,7,False,250.0
b712773f15e0f684,20270301_h250_r0_p90_y80_TPMC_N400000_S101,101,sample,925,triangle_0925,sailWall,-0.10985000000056104,0.4156881707448745,-0.19114095924852906,1.0,8.377026741820358e-16,-2.9346039909426974e-12,0.0009915417140066464,-8.080992028387935e-14,7484.538922892781,-1319.726150268671,-2.2336855851437482e-08,1.4606685622671233e-07,-2.7907456819162532e-08,1.6551747713409943e-08,1.2482104102478727e-09,-6.694635439670299e-09,1.6551747713409943e-08,1.2482104102478727e-09,-6.694635439670299e-09,8,False,250.0
b712773f15e0f684,20270301_h250_r0_p90_y80_TPMC_N400000_S101,101,sample,926,triangle_0926,sailWall,-0.10984999999877987,0.19114290910453535,0.41568780266826444,1.0,3.641133268712793e-16,-2.9365694769744555e-12,0.0009915441240489328,-8.080992028387935e-14,7484.538922892781,-1319.726150268671,-1.7664045889389978e-08,1.098152225577077e-07,-2.33187922490751e-08,-5.117428622289113e-08,-1.0057604141498845e-08,-8.57261741869098e-09,-5.117428622289113e-08,-1.0057604141498845e-08,-8.57261741869098e-09,6,False,250.0
b712773f15e0f684,20270301_h250_r0_p90_y80_TPMC_N400000_S101,101,sample,927,triangle_0927,sailWall,-0.10985000000122014,-0.1911429091045359,-0.4156878026676192,1.0,1.705675033702298e-16,-2.9362261180688013e-12,0.0009915441240489395,-8.080992028387935e-14,7484.538922892781,-1319.726150268671,-3.030342659019522e-08,2.014869249482972e-07,-3.6235093292864493e-08,9.0646690939738e-08,8.568145177593074e-09,-2.8020217567321454e-08,9.0646690939738e-08,8.568145177593074e-09,-2.8020217567321454e-08,12,False,250.0
b712773f15e0f684,20270301_h250_r0_p90_y80_TPMC_N400000_S101,101,sample,928,triangle_0928,sailWall,-0.1098499999992344,-0.3408492439958799,0.260845216172401,0.9999999999999999,7.181952325364386e-16,-2.9349117558510805e-12,0.0013208846393317306,-8.080992028387935e-14,7484.538922892781,-1319.726150268671,-3.83566751352068e-08,1.553147998719396e-07,-3.065876591394358e-08,-3.084072385109121e-08,-1.3559099479358321e-08,-3.0107067028654705e-08,-3.084072385109121e-08,-1.3559099479358321e-08,-3.0107067028654705e-08,11,False,250.0
b712773f15e0f684,20270301_h250_r0_p90_y80_TPMC_N400000_S101,101,sample,929,triangle_0929,sailWall,-0.10985000000076563,0.3408492439958794,-0.26084521617175654,1.0,-1.481237362789975e-15,-2.934891740858423e-12,0.0013208846393316816,-8.080992028387935e-14,7484.538922892781,-1319.726150268671,-1.9284492095024458e-08,1.2559401082879851e-07,-2.0656265037869577e-08,2.5777556106004802e-08,2.713210938752481e-09,-7.2845203103772435e-09,2.5777556106004802e-08,2.713210938752481e-09,-7.2845203103772435e-09,6,False,250.0
b712773f15e0f684,20270301_h250_r0_p90_y80_TPMC_N400000_S101,101,sample,930,triangle_0930,sailWall,-0.10984999999899865,0.26088268869252995,0.34115722754711286,1.0,-8.288891037503026e-16,-2.9357009091211795e-12,0.0013382168980285859,-8.080992028387935e-14,7484.538922892781,-1319.726150268671,-1.9213730347160823e-08,1.0603641871403357e-07,-1.442559017195607e-08,-3.933777282676067e-08,-8.018589780549083e-09,-6.515472104472678e-09,-3.933777282676067e-08,-8.018589780549083e-09,-6.515472104472678e-09,7,False,250.0
b712773f15e0f684,20270301_h250_r0_p90_y80_TPMC_N400000_S101,101,sample,931,triangle_0931,sailWall,-0.10985000000100141,-0.26088268869253034,-0.34115722754646743,1.0,1.0142503759840046e-15,-2.9346164499227804e-12,0.001338216898028544,-8.080992028387935e-14,7484.538922892781,-1319.726150268671,-2.338609141353538e-08,1.5895686889494471e-07,-3.4811286901172016e-08,6.295964720674808e-08,4.138007637272226e-09,-2.3493843553977896e-08,6.295964720674808e-08,4.138007637272226e-09,-2.3493843553977896e-08,10,False,250.0
b712773f15e0f684,20270301_h250_r0_p90_y80_TPMC_N400000_S101,101,sample,932,triangle_0932,sailWall,-0.10984999999992946,0.12568068083976572,0.024038071946678546,0.9999999999999999,-2.4757226834007063e-16,-2.9336815607049104e-12,0.0010866983689179427,-8.080992028387935e-14,7484.538922892781,-1319.726150268671,-4.275057167247402e-09,1.024356427798724e-09,6.417189293662341e-10,5.954050431859958e-11,-2.041997869473423e-12,3.9991152142784796e-10,5.954050431859958e-11,-2.041997869473423e-12,3.9991152142784796e-10,1,False,250.0
b712773f15e0f684,20270301_h250_r0_p90_y80_TPMC_N400000_S101,101,sample,933,triangle_0933,sailWall,-0.10984999999963109,-0.024038071946356116,0.1256806808400882,1.0,-1.1740983476431402e-15,-2.9361875057984957e-12,0.0010866983689179377,-8.080992028387935e-14,7484.538922892781,-1319.726150268671,-1.6059063861725123e-08,1.1197220781973153e-07,-1.5390106058698548e-08,-1.2406816849745617e-08,-3.4862285181884293e-09,-1.2656547485902085e-08,-1.2406816849745617e-08,-3.4862285181884293e-09,-1.2656547485902085e-08,6,False,250.0
b712773f15e0f684,20270301_h250_r0_p90_y80_TPMC_N400000_S101,101,sample,934,triangle_0934,sailWall,-0.10985000000036893,0.02403807194635608,-0.12568068083944328,1.0,-1.1084023729399645e-15,-2.9338619464416476e-12,0.0010866983689179453,-8.080992028387935e-14,7484.538922892781,-1319.726150268671,-4.759078375907488e-08,1.274030723963377e-07,-3.4916331828065765e-08,1.4887442489906257e-08,2.2162103264239247e-09,-1.2635580725167392e-08,1.4887442489906257e-08,2.2162103264239247e-09,-1.2635580725167392e-08,17,False,250.0
b712773f15e0f684,20270301_h250_r0_p90_y80_TPMC_N400000_S101,101,sample,935,triangle_0935,sailWall,-0.10985000000007054,-0.1256806808397657,-0.024038071946033652,1.0,-4.138283720629973e-16,-2.9333720296061456e-12,0.0010866983689179347,-8.080992028387935e-14,7484.538922892781,-1319.726150268671,-1.163211372652113e-07,6.552043997085411e-08,-4.4033463427018875e-08,6.578685144421071e-09,-2.0959541410731e-09,-2.1971799414770483e-08,6.578685144421071e-09,-2.0959541410731e-09,-2.1971799414770483e-08,42,False,250.0
b712773f15e0f684,20270301_h250_r0_p90_y80_TPMC_N400000_S101,101,sample,936,triangle_0936,sailWall,-0.10985000000068847,0.24273856812272118,-0.2345565911945232,1.0,3.910885036311727e-17,-2.935116797003453e-12,0.0011419795288712222,-8.080992028387935e-14,7484.538922892781,-1319.726150268671,-1.5846654126216557e-08,8.755455408565363e-08,-1.1415045828986001e-08,1.7599905872921455e-08,2.4464600620694786e-09,-5.752824371628486e-09,1.7599905872921455e-08,2.4464600620694786e-09,-5.752824371628486e-09,5,False,250.0
b712773f15e0f684,20270301_h250_r0_p90_y80_TPMC_N400000_S101,101,sample,937,triangle_0937,sailWall,-0.10984999999931154,-0.24273856812272232,0.23455659119516745,1.0,-3.2006592938542207e-16,-2.935144345802331e-12,0.0011419795288712324,-8.080992028387935e-14,7484.538922892781,-1319.726150268671,-3.269211942613353e-08,1.3787966517585396e-07,-2.370092695695934e-08,-2.7941875237077007e-08,-1.0433583980558945e-08,-2.3143348790968316e-08,-2.7941875237077007e-08,-1.0433583980558945e-08,-2.3143348790968316e-08,12,False,250.0
b712773f15e0f684,20270301_h250_r0_p90_y80_TPMC_N400000_S101,101,sample,938,triangle_0938,sailWall,-0.1098499999992875,0.23455610007671415,0.24273982615792436,1.0,-1.1500452674897195e-15,-2.9367248760128435e-12,0.0011419152314394675,-8.080992028387935e-14,7484.538922892781,-1319.726150268671,-2.2810684965197733e-08,9.964520220971001e-08,-1.560463473514921e-08,-2.816511958019911e-08,-7.284607765008529e-09,-5.471392916193461e-09,-2.816511958019911e-08,-7.284607765008529e-09,-5.471392916193461e-09,5,False,250.0
b712773f15e0f684,20270301_h250_r0_p90_y80_TPMC_N400000_S101,101,sample,939,triangle_0939,sailWall,-0.10985000000071254,-0.2345561000767139,-0.24273982615727893,1.0,1.6021898760264515e-16,-2.935443036667086e-12,0.0011419152314394393,-8.080992028387935e-14,7484.538922892781,-1319.726150268671,-3.211619033528802e-08,9.463249082182204e-08,-2.7035724404607134e-08,3.002736419363686e-08,4.971451591219981e-09,-1.794620373674113e-08,3.002736419363686e-08,4.971451591219981e-09,-1.794620373674113e-08,12,False,250.0
b712773f15e0f684,20270301_h250_r0_p90_y80_TPMC_N400000_S101,101,sample,940,triangle_0940,sailWall,-0.1098499999993048,0.29442601451659406,0.23685074569939976,0.9999999999999999,1.1108251539096095e-15,-2.9343427909083434e-12,0.0012812339795774041,-8.080992028387935e-14,7484.538922892781,-1319.726150268671,-3.5804282623890136e-08,1.9652956282633564e-07,-4.1271539678032566e-08,-5.952053835865201e-08,-1.3107980272859983e-08,-1.103414425627555e-08,-5.952053835865201e-08,-1.3107980272859983e-08,-1.103414425627555e-08,11,False,250.0
b712773f15e0f684,20270301_h250_r0_p90_y80_TPMC_N400000_S101,101,sample,941,triangle_0941,sailWall,-0.10985000000069518,-0.2944260145165935,-0.23685074569875483,1.0,1.2345756451998727e-15,-2.9341012761270652e-12,0.0012812339795774115,-8.080992028387935e-14,7484.538922892781,-1319.726150268671,-3.187940329516408e-08,7.747573059149617e-08,-1.7999245819304116e-08,2.381547702886937e-08,5.673200454228037e-09,-1.781510230472636e-08,2.381547702886937e-08,5.673200454228037e-09,-1.781510230472636e-08,9,False,250.0
b712773f15e0f684,20270301_h250_r0_p90_y80_TPMC_N400000_S101,101,sample,942,triangle_0942,sailWall,-0.10985000000086424,0.23682859777890372,-0.29444617185146144,1.0,-3.31432963433396e-16,-2.934455968413354e-12,0.0012809577152588193,-8.080992028387935e-14,7484.538922892781,-1319.726150268671,-2.1612927187761154e-08,1.3767240941382506e-07,-2.6564635841261608e-08,3.463658400651343e-08,3.5320887629829727e-09,-1.0079320694160454e-08,3.463658400651343e-08,3.5320887629829727e-09,-1.0079320694160454e-08,6,False,250.0
b712773f15e0f684,20270301_h250_r0_p90_y80_TPMC_N400000_S101,101,sample,943,triangle_0943,sailWall,-0.10984999999913576,-0.2368285977789041,0.2944461718521057,1.0,-3.3143296346664693e-16,-2.934455968413308e-12,0.0012809577152588358,-8.080992028387935e-14,7484.538922892781,-1319.726150268671,-5.123932716190258e-08,2.521904267513224e-07,-4.521963710588822e-08,-6.326037123352928e-08,-1.9827590265286364e-08,-3.9850462479417423e-08,-6.326037123352928e-08,-1.9827590265286364e-08,-3.9850462479417423e-08,15,False,250.0
b712773f15e0f684,20270301_h250_r0_p90_y80_TPMC_N400000_S101,101,sample,944,triangle_0944,sailWall,-0.10985000000053953,-0.38567550076920076,-0.18382094383138878,1.0,-3.9547714394339536e-16,-2.9348182092437494e-12,0.0009757582497879141,-8.080992028387935e-14,7484.538922892781,-1319.726150268671,-3.789144136275119e-08,1.7785686538225415e-07,-2.4604153069347506e-08,4.303636325321076e-08,4.509158798991854e-09,-3.407614495757085e-08,4.303636325321076e-08,4.509158798991854e-09,-3.407614495757085e-08,12,False,250.0
b712773f15e0f684,20270301_h250_r0_p90_y80_TPMC_N400000_S101,101,sample,945,triangle_0945,sailWall,-0.10984999999946048,0.3856755007692014,0.18382094383203307,1.0,-7.680994045211961e-17,-2.9346806467738714e-12,0.0009757582497879151,-8.080992028387935e-14,7484.538922892781,-1319.726150268671,-1.2724929749932932e-08,6.703212677291514e-08,-1.7612116363106967e-08,-1.9155995498079022e-08,-4.228217614275188e-09,-2.3863070415453333e-09,-1.9155995498079022e-08,-4.228217614275188e-09,-2.3863070415453333e-09,4,False,250.0
b712773f15e0f684,20270301_h250_r0_p90_y80_TPMC_N400000_S101,101,sample,946,triangle_0946,sailWall,-0.10985000000113203,0.18381955928097737,-0.38567689927298404,1.0,-4.1898874348311086e-16,-2.935285834460684e-12,0.0009756947766574784,-8.080992028387935e-14,7484.538922892781,-1319.726150268671,-1.9108966575483795e-08,6.261369454158528e-08,-1.676887182008859e-08,2.1291131179926713e-08,5.635015320616171e-09,-3.3660627596370937e-09,2.1291131179926713e-08,5.635015320616171e-09,-3.3660627596370937e-09,4,False,250.0
b712773f15e0f684,20270301_h250_r0_p90_y80_TPMC_N400000_S101,101,sample,947,triangle_0947,sailWall,-0.10984999999886796,-0.18381815493345424,0.38567779755073067,1.0,-7.530834323008592e-16,-2.935052704373915e-12,0.0009757450109893277,-8.080992028387935e-14,7484.538922892781,-1319.726150268671,-1.4335191943964036e-08,8.424919359154456e-08,-1.8080027242043856e-08,-3.0092850276314656e-08,-7.656187284094105e-09,-1.1873201617266086e-08,-3.0092850276314656e-08,-7.656187284094105e-09,-1.1873201617266086e-08,4,False,250.0
b712773f15e0f684,20270301_h250_r0_p90_y80_TPMC_N400000_S101,101,sample,948,triangle_0948,sailWall,-0.10985000000070304,0.42811240962088465,-0.2395152709910501,0.9999999999999999,1.01421244251112e-16,-2.935389372010898e-12,0.0011255392025128707,-8.080992028387935e-14,7484.538922892781,-1319.726150268671,-3.772021032371723e-08,2.2599786174317414e-07,-3.4414235205964265e-08,3.9832005580481036e-08,5.348127447415238e-09,-8.558595922446518e-09,3.9832005580481036e-08,5.348127447415238e-09,-8.558595922446518e-09,12,False,250.0
b712773f15e0f684,20270301_h250_r0_p90_y80_TPMC_N400000_S101,101,sample,949,triangle_0949,sailWall,-0.10985000000125666,-0.2395184434826048,-0.428124978889239,1.0,-5.4727148636108655e-16,-2.9363488040749835e-12,0.0011245843045532954,-8.080992028387935e-14,7484.538922892781,-1319.726150268671,-3.374399601309974e-08,1.9576341747410007e-07,-3.76972750442632e-08,9.280033679519114e-08,1.0303399446048626e-08,-2.9603784618218066e-08,9.280033679519114e-08,1.0303399446048626e-08,-2.9603784618218066e-08,14,False,250.0
b712773f15e0f684,20270301_h250_r0_p90_y80_TPMC_N400000_S101,101,sample,950,triangle_0950,sailWall,-0.10984999999874336,0.23951844348260456,0.42812497888988427,1.0,1.372875386641411e-15,-2.9342953435874607e-12,0.0011245843045532896,-8.080992028387935e-14,7484.538922892781,-1319.726150268671,-2.573405134929044e-08,1.435554963361675e-07,-1.677386440377315e-08,-6.618476304556264e-08,-1.288835659022545e-08,-9.611612081551036e-09,-6.618476304556264e-08,-1.288835659022545e-08,-9.611612081551036e-09,7,False,250.0
b712773f15e0f684,20270301_h250_r0_p90_y80_TPMC_N400000_S101,101,sample,951,triangle_0951,sailWall,-0.10984999999929697,-0.4281118784436065,0.23951593881667846,1.0,3.3435480543432623e-16,-2.9357462810134118e-12,0.001125487219448677,-8.080992028387935e-14,7484.538922892781,-1319.726150268671,-3.255629505251153e-08,1.4331958477180357e-07,-3.5066087353884736e-08,-1.8930001097295384e-08,-1.165243971327604e-08,-2.967006582302537e-08,-1.8930001097295384e-08,-1.165243971327604e-08,-2.967006582302537e-08,12,False,250.0
b712773f15e0f684,20270301_h250_r0_p90_y80_TPMC_N400000_S101,101,sample,952,triangle_0952,sailWall,-0.10984999999992277,-0.5634110001001064,0.02632472143858657,1.0,1.8235543311886408e-17,-2.9350400196655106e-12,0.0011202979688138054,-8.080992028387935e-14,7484.538922892781,-1319.726150268671,-2.251097388662148e-08,1.1155119395737686e-07,-1.953976244750964e-08,8.947126666881926e-09,-2.7011901362127495e-09,-2.5034891946305775e-08,8.947126666881926e-09,-2.7011901362127495e-09,-2.5034891946305775e-08,10,False,250.0
b712773f15e0f684,20270301_h250_r0_p90_y80_TPMC_N400000_S101,101,sample,953,triangle_0953,sailWall,-0.10985000000007723,0.563411672860275,-0.026323346268896115,1.0,1.9555461831549328e-18,-2.9349645346874563e-12,0.0011202602538137598,-8.080992028387935e-14,7484.538922892781,-1319.726150268671,-5.692323569329164e-09,4.054173771324493e-08,-1.0533068190927868e-08,-5.210027918017919e-09,-1.0626548626845415e-09,-1.2595572389526808e-09,-5.210027918017919e-09,-1.0626548626845415e-09,-1.2595572389526808e-09,3,False,250.0
b712773f15e0f684,20270301_h250_r0_p90_y80_TPMC_N400000_S101,101,sample,954,triangle_0954,sailWall,-0.10985000000165378,-0.026324721438266255,-0.5634110000997841,1.0,-2.446814529219055e-16,-2.935157374333335e-12,0.0011202979688138015,-8.080992028387935e-14,7484.538922892781,-1319.726150268671,-1.6728201489531764e-08,8.703811636544282e-08,-1.3200242221994544e-08,4.960817331655319e-08,7.9891407968417e-09,-9.920455417335603e-09,4.960817331655319e-08,7.9891407968417e-09,-9.920455417335603e-09,6,False,250.0
b712773f15e0f684,20270301_h250_r0_p90_y80_TPMC_N400000_S101,101,sample,955,triangle_0955,sailWall,-0.10984999999834717,0.026481499068009007,0.5631115373857866,1.0,-8.730790700235976e-16,-2.9362603788019176e-12,0.0011127897110418815,-8.080992028387935e-14,7484.538922892781,-1319.726150268671,-7.106831230753084e-09,5.541963536472932e-08,-5.76051758483065e-09,-3.125883954554115e-08,-4.6331338204401976e-09,-5.931659321824729e-09,-3.125883954554115e-08,-4.6331338204401976e-09,-5.931659321824729e-09,3,False,250.0
b712773f15e0f684,20270301_h250_r0_p90_y80_TPMC_N400000_S101,101,sample,956,triangle_0956,sailWall,-0.1098499999998676,0.1134431065874435,0.04512180065176935,1.0,4.817939898766136e-16,-2.9350394749966288e-12,0.0009243213003726199,-8.080992028387935e-14,7484.538922892781,-1319.726150268671,-1.1235757407822621e-08,6.887909820124696e-08,-1.9878378360245448e-08,-5.42877399948971e-09,-2.7101641154905267e-09,-6.226310106955224e-09,-5.42877399948971e-09,-2.7101641154905267e-09,-6.226310106955224e-09,4,False,250.0
b712773f15e0f684,20270301_h250_r0_p90_y80_TPMC_N400000_S101,101,sample,957,triangle_0957,sailWall,-0.10984999999966703,-0.04512180065144686,0.11344310658776603,1.0,9.478874126667916e-16,-2.935047739597179e-12,0.0009243213003726111,-8.080992028387935e-14,7484.538922892781,-1319.726150268671,-2.7423952268257243e-08,1.6526609913544754e-07,-3.498077056758297e-08,-1.7174405989532303e-08,-6.963210845325654e-09,-1.9253479464844512e-08,-1.7174405989532303e-08,-6.963210845325654e-09,-1.9253479464844512e-08,9,False,250.0
b712773f15e0f684,20270301_h250_r0_p90_y80_TPMC_N400000_S101,101,sample,958,triangle_0958,sailWall,-0.109850000000333,0.04512180065144685,-0.1134431065871211,0.9999999999999999,-1.6980801235583135e-15,-2.9341786756027925e-12,0.0009243213003726184,-8.080992028387935e-14,7484.538922892781,-1319.726150268671,-3.3565074020625014e-08,1.0100784310993322e-07,-9.761466041075078e-09,1.1176216644116386e-08,2.734948683454383e-09,-9.490574507304842e-09,1.1176216644116386e-08,2.734948683454383e-09,-9.490574507304842e-09,10,False,250.0
b712773f15e0f684,20270301_h250_r0_p90_y80_TPMC_N400000_S101,101,sample,959,triangle_0959,sailWall,-0.1098500000001324,-0.11344310658744354,-0.04512180065112439,1.0,6.772565813458034e-16,-2.9354033819411647e-12,0.0009243213003726122,-8.080992028387935e-14,7484.538922892781,-1319.726150268671,-1.058402924264425e-07,1.5513665245417944e-07,-6.082861174504913e-08,1.3570029975806479e-08,-2.046896751645157e-09,-2.8784604278575798e-08,1.3570029975806479e-08,-2.046896751645157e-09,-2.8784604278575798e-08,40,False,250.0
b712773f15e0f684,20270301_h250_r0_p90_y80_TPMC_N400000_S101,101,sample,960,triangle_0960,sailWall,-0.1098500000006884,0.21796993482859106,-0.23453348866743626,1.0,9.056198764268302e-17,-2.9351128505344665e-12,0.0010540396932054677,-8.080992028387935e-14,7484.538922892781,-1319.726150268671,-4.8464407345857224e-09,3.6075358482748136e-08,-5.600261357528422e-09,7.184740882763614e-09,4.996339405204309e-10,-2.9007269486685953e-09,7.184740882763614e-09,4.996339405204309e-10,-2.9007269486685953e-09,2,False,250.0
b712773f15e0f684,20270301_h250_r0_p90_y80_TPMC_N400000_S101,101,sample,961,triangle_0961,sailWall,-0.1098499999993602,0.23453299754962686,0.21797119286379385,1.0,-1.3927030718318523e-15,-2.933563413854446e-12,0.0010540732886919783,-8.080992028387935e-14,7484.538922892781,-1319.726150268671,-1.0467446265160576e-08,7.170551207617248e-08,-4.9404622890927774e-09,-1.6795319275704574e-08,-2.8288713528467785e-09,-5.4735184987776e-09,-1.6795319275704574e-08,-2.8288713528467785e-09,-5.4735184987776e-09,4,False,250.0
b712773f15e0f684,20270301_h250_r0_p90_y80_TPMC_N400000_S101,101,sample,962,triangle_0962,sailWall,-0.1098499999993116,-0.21796993482859164,0.2345334886680802,1.0,9.056198759758977e-17,-2.9351128505345017e-12,0.001054039693205481,-8.080992028387935e-14,7484.538922892781,-1319.726150268671,-2.251891236527234e-08,1.1015812117360648e-07,-2.1886276199039008e-08,-2.0315791419390706e-08,-7.512179215521224e-09,-1.6976605977151575e-08,-2.0315791419390706e-08,-7.512179215521224e-09,-1.6976605977151575e-08,10,False,250.0
b712773f15e0f684,20270301_h250_r0_p90_y80_TPMC_N400000_S101,101,sample,963,triangle_0963,sailWall,-0.10985000000063982,-0.23453299754962623,-0.21797119286314848,1.0,1.2274546610152067e-16,-2.9349548136713755e-12,0.0010540732886919677,-8.080992028387935e-14,7484.538922892781,-1319.726150268671,-4.559692521981532e-08,1.5438949213620325e-07,-3.971704846238179e-08,4.301306627499747e-08,5.667440287075616e-09,-2.74480229813028e-08,4.301306627499747e-08,5.667440287075616e-09,-2.74480229813028e-08,17,False,250.0
b712773f15e0f684,20270301_h250_r0_p90_y80_TPMC_N400000_S101,101,sample,964,triangle_0964,sailWall,-0.10984999999930417,0.3235612826695808,0.23707604488650444,1.0,7.717139657030384e-16,-2.9343647492566897e-12,0.001317477417594838,-8.080992028387935e-14,7484.538922892781,-1319.726150268671,-3.346942157930982e-08,1.8379742626314952e-07,-2.7949381719978267e-08,-5.293767248379043e-08,-1.106075240949523e-08,-9.161905391757088e-09,-5.293767248379043e-08,-1.106075240949523e-08,-9.161905391757088e-09,11,False,250.0
b712773f15e0f684,20270301_h250_r0_p90_y80_TPMC_N400000_S101,101,sample,965,triangle_0965,sailWall,-0.10985000000069588,-0.32356128266958045,-0.23707604488585962,1.0,-1.5433589731523401e-15,-2.934281154757296e-12,0.0013174774175948264,-8.080992028387935e-14,7484.538922892781,-1319.726150268671,-4.087485204674576e-08,2.232813344996521e-07,-4.4549518420805985e-08,6.776925253315581e-08,4.829613670369496e-09,-3.777961886894221e-08,6.776925253315581e-08,4.829613670369496e-09,-3.777961886894221e-08,17,False,250.0
b712773f15e0f684,20270301_h250_r0_p90_y80_TPMC_N400000_S101,101,sample,966,triangle_0966,sailWall,-0.10985000000094976,0.23704969036830303,-0.32358636660157386,1.0,-2.320642692859799e-16,-2.93600498745748e-12,0.0013162364452096714,-8.080992028387935e-14,7484.538922892781,-1319.726150268671,-4.0501387872773326e-08,2.6876000666119424e-07,-5.0111765673494505e-08,7.543498565690502e-08,7.718468583295326e-09,-1.9792957505555043e-08,7.543498565690502e-08,7.718468583295326e-09,-1.9792957505555043e-08,13,False,250.0
b712773f15e0f684,20270301_h250_r0_p90_y80_TPMC_N400000_S101,101,sample,967,triangle_0967,sailWall,-0.10984999999905022,-0.23704969036830317,0.32358636660221834,1.0,-2.3206426931714493e-16,-2.9360049874574697e-12,0.0013162364452096724,-8.080992028387935e-14,7484.538922892781,-1319.726150268671,-2.8319518604545907e-08,2.0756203648988986e-07,-3.173475916791054e-08,-5.823959851000181e-08,-1.2483016761105488e-08,-2.9615846114646666e-08,-5.823959851000181e-08,-1.2483016761105488e-08,-2.9615846114646666e-08,10,False,250.0
b712773f15e0f684,20270301_h250_r0_p90_y80_TPMC_N400000_S101,101,sample,968,triangle_0968,sailWall,-0.1098499999999231,-0.5904648545706711,0.026212310968851515,1.0,-2.3838714301902885e-16,-2.935033500695507e-12,0.0012286245940490298,-8.080992028387935e-14,7484.538922892781,-1319.726150268671,-7.159998183188426e-09,3.176821379716026e-08,-6.740422254774322e-09,3.3313664426332316e-09,-8.784490577423844e-10,-7.728872743751038e-09,3.3313664426332316e-09,-8.784490577423844e-10,-7.728872743751038e-09,2,False,250.0
b712773f15e0f684,20270301_h250_r0_p90_y80_TPMC_N400000_S101,101,sample,969,triangle_0969,sailWall,-0.10985000000007693,0.5904655273308401,-0.026210935799160378,1.0,2.0644676355854948e-15,-2.93501687487985e-12,0.001228530781141352,-8.080992028387935e-14,7484.538922892781,-1319.726150268671,-2.0397221489485003e-08,8.084095398690434e-08,-1.817822446627112e-08,-8.654720190077201e-09,-1.4286662025953902e-09,3.257977451847187e-09,-8.654720190077201e-09,-1.4286662025953902e-09,3.257977451847187e-09,5,False,250.0
b712773f15e0f684,20270301_h250_r0_p90_y80_TPMC_N400000_S101,101,sample,970,triangle_0970,sailWall,-0.10985000000173317,-0.02621231096853027,-0.5904648545703489,1.0,-2.306005427865655e-16,-2.934603071892592e-12,0.0012286245940489997,-8.080992028387935e-14,7484.538922892781,-1319.726150268671,-1.3042434800559306e-08,7.510865866569449e-08,-1.3322802539512652e-08,4.4273691474930084e-08,6.221369039475646e-09,-8.424414738645006e-09,4.4273691474930084e-08,6.221369039475646e-09,-8.424414738645006e-09,4,False,250.0
b712773f15e0f684,20270301_h250_r0_p90_y80_TPMC_N400000_S101,101,sample,971,triangle_0971,sailWall,-0.10985000000064975,0.4119277871360884,-0.22136135659730108,1.0,7.29535167930694e-16,-2.9359772936331014e-12,0.0009445041412037722,-8.080992028387935e-14,7484.538922892781,-1319.726150268671,-1.8950034811956736e-08,9.498206261107385e-08,-1.6793866677357364e-08,1.4643459414350924e-08,2.3848312561499298e-09,-2.684921025905883e-09,1.4643459414350924e-08,2.3848312561499298e-09,-2.684921025905883e-09,5,False,250.0
b712773f15e0f684,20270301_h250_r0_p90_y80_TPMC_N400000_S101,101,sample,972,triangle_0972,sailWall,-0.10985000000120913,-0.2213646655464072,-0.41194024786829536,1.0,-3.91153981718461e-16,-2.9361818475094702e-12,0.000944618809505973,-8.080992028387935e-14,7484.538922892781,-1319.726150268671,-3.375673389418595e-08,1.5925670142264012e-07,-3.3274859709464477e-08,7.30617774171455e-08,1.0285093816337898e-08,-2.4955869980332547e-08,7.30617774171455e-08,1.0285093816337898e-08,-2.4955869980332547e-08,11,False,250.0
b712773f15e0f684,20270301_h250_r0_p90_y80_TPMC_N400000_S101,101,sample,973,triangle_0973,sailWall,-0.10984999999879086,0.22136466554640674,0.41194024786894073,1.0,-6.768998050646356e-16,-2.9364874323405117e-12,0.0009446188095059772,-8.080992028387935e-14,7484.538922892781,-1319.726150268671,-1.6212591709635335e-08,1.062160504248414e-07,-1.3058659094938087e-08,-4.63491769914821e-08,-8.085778640715644e-09,-8.12819466834418e-09,-4.63491769914821e-08,-8.085778640715644e-09,-8.12819466834418e-09,6,False,250.0
b712773f15e0f684,20270301_h250_r0_p90_y80_TPMC_N400000_S101,101,sample,974,triangle_0974,sailWall,-0.10984999999935026,-0.4119271474226631,0.22136216088048058,1.0,3.1186376593665155e-16,-2.935725229000516e-12,0.0009444645271486897,-8.080992028387935e-14,7484.538922892781,-1319.726150268671,-1.627520863225763e-08,7.71880539244044e-08,-1.260649266734972e-08,-1.1825828686954092e-08,-4.99401421457112e-09,-1.5219147349775985e-08,-1.1825828686954092e-08,-4.99401421457112e-09,-1.5219147349775985e-08,8,False,250.0
b712773f15e0f684,20270301_h250_r0_p90_y80_TPMC_N400000_S101,101,sample,975,triangle_0975,sailWall,-0.10985000000058547,0.08170748053719801,-0.1994690741326087,1.0,4.0829032656494105e-16,-2.9351158174829264e-12,0.0010144026107616318,-8.080992028387935e-14,7484.538922892781,-1319.726150268671,-1.4233580977837579e-08,5.387673456009113e-08,-1.5784804062381597e-08,9.215185907486989e-09,1.1385143818905545e-09,-4.7350712729717505e-09,9.215185907486989e-09,1.1385143818905545e-09,-4.7350712729717505e-09,7,False,250.0
b712773f15e0f684,20270301_h250_r0_p90_y80_TPMC_N400000_S101,101,sample,976,triangle_0976,sailWall,-0.10985000000023983,-0.19946907413293083,-0.08170748053687545,0.9999999999999999,7.792485446678418e-17,-2.93564834692087e-12,0.0010144026107616131,-8.080992028387935e-14,7484.538922892781,-1319.726150268671,-3.467279873866534e-08,1.0666907171105387e-07,-2.7689731159014616e-08,1.316038190962673e-08,-4.064869342071109e-10,-1.8563919043260375e-08,1.316038190962673e-08,-4.064869342071109e-10,-1.8563919043260375e-08,13,False,250.0
b712773f15e0f684,20270301_h250_r0_p90_y80_TPMC_N400000_S101,101,sample,977,triangle_0977,sailWall,-0.10984999999941454,-0.08170748053719822,0.19946907413325335,1.0,7.759268969074019e-17,-2.935154759683991e-12,0.0010144026107616292,-8.080992028387935e-14,7484.538922892781,-1319.726150268671,-2.2424975020883663e-08,1.4239418420366571e-07,-1.9619132377091916e-08,-2.6260339298023173e-08,-6.5268678362828585e-09,-1.7461314671861876e-08,-2.6260339298023173e-08,-6.5268678362828585e-09,-1.7461314671861876e-08,7,False,250.0
b712773f15e0f684,20270301_h250_r0_p90_y80_TPMC_N400000_S101,101,sample,978,triangle_0978,sailWall,-0.10984999999976018,0.19946907413293102,0.08170748053752047,1.0,3.869072516102512e-16,-2.935834532613041e-12,0.0010144026107616352,-8.080992028387935e-14,7484.538922892781,-1319.726150268671,-1.8113132363538604e-08,1.4269138289363538e-07,-2.7519940724300575e-08,-1.7223814859756662e-08,-4.5620339532349866e-09,-1.2168007641164858e-08,-1.7223814859756662e-08,-4.5620339532349866e-09,-1.2168007641164858e-08,7,False,250.0
b712773f15e0f684,20270301_h250_r0_p90_y80_TPMC_N400000_S101,101,sample,979,triangle_0979,sailWall,-0.10984999999826839,0.026800006200751514,0.5899450188809578,1.0,-8.39355967680623e-16,-2.934837488852529e-12,0.001228933132803326,-8.080992028387935e-14,7484.538922892781,-1319.726150268671,-4.545430029061534e-08,2.7047700968807475e-07,-5.402952896765265e-08,-1.6161410813118457e-07,-3.287489023501833e-08,-2.8411316373321414e-08,-1.6161410813118457e-07,-3.287489023501833e-08,-2.8411316373321414e-08,14,False,250.0
b712773f15e0f684,20270301_h250_r0_p90_y80_TPMC_N400000_S101,101,sample,980,triangle_0980,sailWall,-0.1098500000004242,0.4739203457774006,-0.14450727204530334,1.0,6.692375690294671e-16,-2.935624190124977e-12,0.001117774938876996,-8.080992028387935e-14,7484.538922892781,-1319.726150268671,-1.1143654698630652e-08,7.063636281210705e-08,-4.95136221450349e-09,7.954687671514623e-09,1.064962539787396e-09,-2.534130944914795e-09,7.954687671514623e-09,1.064962539787396e-09,-2.534130944914795e-09,4,False,250.0
b712773f15e0f684,20270301_h250_r0_p90_y80_TPMC_N400000_S101,101,sample,981,triangle_0981,sailWall,-0.1098499999995758,-0.4739147011223445,0.14452151675827815,1.0,9.026294749405415e-16,-2.934877985645787e-12,0.0011180911708883036,-8.080992028387935e-14,7484.538922892781,-1319.726150268671,-3.189476923173698e-08,1.3688644328640907e-07,-2.0250441859104988e-08,-1.018540287852649e-08,-6.82373575092319e-09,-3.017281821493931e-08,-1.018540287852649e-08,-6.82373575092319e-09,-3.017281821493931e-08,14,False,250.0
b712773f15e0f684,20270301_h250_r0_p90_y80_TPMC_N400000_S101,101,sample,982,triangle_0982,sailWall,-0.10985000000139104,-0.14452151675795666,-0.47391470112202144,1.0,-1.3357938636649577e-15,-2.935616161758204e-12,0.0011180911708882932,-8.080992028387935e-14,7484.538922892781,-1319.726150268671,-2.3983227787079293e-08,1.5216863447623656e-07,-2.7038438084161876e-08,7.570302806791794e-08,8.350485500365383e-09,-2.034838816416323e-08,7.570302806791794e-08,8.350485500365383e-09,-2.034838816416323e-08,7,False,250.0
b712773f15e0f684,20270301_h250_r0_p90_y80_TPMC_N400000_S101,101,sample,983,triangle_0983,sailWall,-0.10984999999860896,0.1445207596435171,0.4739149369104272,1.0,-1.1263317435561349e-15,-2.9353728435497452e-12,0.001118124943894895,-8.080992028387935e-14,7484.538922892781,-1319.726150268671,-1.7359542537348564e-08,1.349905764029706e-07,-2.9639941684316605e-08,-6.767596042145874e-08,-1.1395018528635863e-08,-1.2294176263753573e-08,-6.767596042145874e-08,-1.1395018528635863e-08,-1.2294176263753573e-08,7,False,250.0
b712773f15e0f684,20270301_h250_r0_p90_y80_TPMC_N400000_S101,101,sample,984,triangle_0984,sailWall,-0.10985000000114058,0.07932903165252612,-0.38856325006931963,1.0,3.7233607311243756e-16,-2.9347240902085764e-12,0.0011765107177913567,-8.080992028387935e-14,7484.538922892781,-1319.726150268671,-3.4722170635181854e-08,1.8945016363473115e-07,-3.787693110881715e-08,7.12075277555813e-08,9.314852231854592e-09,-1.823134111263791e-08,7.12075277555813e-08,9.314852231854592e-09,-1.823134111263791e-08,10,False,250.0
b712773f15e0f684,20270301_h250_r0_p90_y80_TPMC_N400000_S101,101,sample,985,triangle_0985,sailWall,-0.10984999999976715,0.3885632449692504,0.0793290363772991,1.0,-1.30934280046542e-16,-2.936510040857937e-12,0.0011765108370992124,-8.080992028387935e-14,7484.538922892781,-1319.726150268671,-1.0915621767645428e-08,7.494682076065385e-08,-1.4845373862640313e-08,-1.1603625415815788e-08,-2.470144995445003e-09,-3.964671199971944e-09,-1.1603625415815788e-08,-2.470144995445003e-09,-3.964671199971944e-09,3,False,250.0
b712773f15e0f684,20270301_h250_r0_p90_y80_TPMC_N400000_S101,101,sample,986,triangle_0986,sailWall,-0.10985000000023283,-0.38856324496924977,-0.07932903637665492,1.0,-1.3093428004419523e-16,-2.936510040857964e-12,0.0011765108370992122,-8.080992028387935e-14,7484.538922892781,-1319.726150268671,-3.206771688324616e-08,1.068063107624088e-07,-2.6502034986533883e-08,1.8629702964037744e-08,-3.7435582714790614e-10,-2.413170960484496e-08,1.8629702964037744e-08,-3.7435582714790614e-10,-2.413170960484496e-08,10,False,250.0
b712773f15e0f684,20270301_h250_r0_p90_y80_TPMC_N400000_S101,101,sample,987,triangle_0987,sailWall,-0.10984999999885953,-0.07932828340803375,0.38856309877399403,1.0,9.399653304212007e-17,-2.934892175962842e-12,0.0011764805142631257,-8.080992028387935e-14,7484.538922892781,-1319.726150268671,-2.0206147587468548e-08,1.427364787401039e-07,-3.108380030171106e-08,-5.314563871055561e-08,-1.1237541055724382e-08,-1.7185003815286936e-08,-5.314563871055561e-08,-1.1237541055724382e-08,-1.7185003815286936e-08,7,False,250.0
b712773f15e0f684,20270301_h250_r0_p90_y80_TPMC_N400000_S101,101,sample,988,triangle_0988,sailWall,-0.10985000000064625,0.0682472742430958,-0.22017357865035034,1.0,3.393504118168258e-16,-2.9352302259525998e-12,0.0009379959900737178,-8.080992028387935e-14,7484.538922892781,-1319.726150268671,-3.082648827461508e-08,1.2747316947760548e-07,-2.1452484638646336e-08,2.6053043639513663e-08,4.28898789384211e-09,-1.2059324043871988e-08,2.6053043639513663e-08,4.28898789384211e-09,-1.2059324043871988e-08,8,False,250.0
b712773f15e0f684,20270301_h250_r0_p90_y80_TPMC_N400000_S101,101,sample,989,triangle_0989,sailWall,-0.10985000000020033,-0.22017357865067236,-0.06824727424277348,1.0,-1.0226185042712309e-15,-2.934985184783092e-12,0.0009379959900737018,-8.080992028387935e-14,7484.538922892781,-1319.726150268671,-6.167048129433555e-08,1.6702572024370246e-07,-3.748731892898029e-08,1.9442822437044854e-08,-3.034857940129418e-11,-3.2007113142621624e-08,1.9442822437044854e-08,-3.034857940129418e-11,-3.2007113142621624e-08,28,False,250.0
b712773f15e0f684,20270301_h250_r0_p90_y80_TPMC_N400000_S101,101,sample,990,triangle_0990,sailWall,-0.10984999999935376,-0.06824727424309614,0.22017357865099504,1.0,2.3749652829668537e-16,-2.9348893930449906e-12,0.0009379959900737174,-8.080992028387935e-14,7484.538922892781,-1319.726150268671,-2.4207612957436872e-08,1.0710353871989618e-07,-8.350782542528293e-09,-2.2725015884068928e-08,-6.1936752640519695e-09,-1.3621913034660524e-08,-2.2725015884068928e-08,-6.1936752640519695e-09,-1.3621913034660524e-08,6,False,250.0
b712773f15e0f684,20270301_h250_r0_p90_y80_TPMC_N400000_S101,101,sample,991,triangle_0991,sailWall,-0.1098499999997997,0.22017357865067266,0.06824727424341819,1.0,9.82289109562229e-16,-2.9361932960389238e-12,0.0009379959900737114,-8.080992028387935e-14,7484.538922892781,-1319.726150268671,-1.4645204270018856e-08,9.207083856257588e-08,-1.9630808512665772e-08,-1.0196390394626806e-08,-3.0571754195074287e-09,-6.963720627719726e-09,-1.0196390394626806e-08,-3.0571754195074287e-09,-6.963720627719726e-09,5,False,250.0
b712773f15e0f684,20270301_h250_r0_p90_y80_TPMC_N400000_S101,101,sample,992,triangle_0992,sailWall,-0.10985000000165311,0.029329921512266707,-0.5631880981410667,1.0,3.083644335890694e-16,-2.9364795410634248e-12,0.0010945812831660788,-8.080992028387935e-14,7484.538922892781,-1319.726150268671,-2.8787325068225075e-08,1.80311358470111e-07,-3.007880906708319e-08,1.0164270623503789e-07,1.3048369812052135e-08,-1.8941231524138454e-08,1.0164270623503789e-07,1.3048369812052135e-08,-1.8941231524138454e-08,9,False,250.0
b712773f15e0f684,20270301_h250_r0_p90_y80_TPMC_N400000_S101,101,sample,993,triangle_0993,sailWall,-0.10984999999991392,0.5631881697116196,0.029330067807169347,1.0,-8.381995797830175e-16,-2.933914010339921e-12,0.0010945763267711623,-8.080992028387935e-14,7484.538922892781,-1319.726150268671,-2.348268577455249e-08,1.4539869827779825e-07,-4.431591463493085e-08,-2.965104873173315e-08,-5.657207846291417e-09,-2.7883752188308088e-09,-2.965104873173315e-08,-5.657207846291417e-09,-2.7883752188308088e-09,8,False,250.0
b712773f15e0f684,20270301_h250_r0_p90_y80_TPMC_N400000_S101,101,sample,994,triangle_0994,sailWall,-0.1098500000000861,-0.5631880981413886,-0.029329921511946046,1.0,-1.869003723115642e-15,-2.935392197190954e-12,0.0010945812831660681,-8.080992028387935e-14,7484.538922892781,-1319.726150268671,-3.888271420913745e-08,2.08050867419893e-07,-3.831456552582394e-08,2.618936484109479e-08,-3.2640605330813223e-09,-4.4729150073098816e-08,2.618936484109479e-08,-3.2640605330813223e-09,-4.4729150073098816e-08,11,False,250.0
b712773f15e0f684,20270301_h250_r0_p90_y80_TPMC_N400000_S101,101,sample,995,triangle_0995,sailWall,-0.10985000000034671,0.48239517571377705,-0.11810802611618852,0.9999999999999999,5.65106750625965e-16,-2.936016144490346e-12,0.0011117698631811766,-8.080992028387935e-14,7484.538922892781,-1319.726150268671,-1.5679273716758752e-09,2.1479536685029266e-08,-1.0502774314792247e-09,2.1821702924265794e-09,8.218263047021131e-11,-1.5769544840774161e-09,2.1821702924265794e-09,8.218263047021131e-11,-1.5769544840774161e-09,1,False,250.0
b712773f15e0f684,20270301_h250_r0_p90_y80_TPMC_N400000_S101,101,sample,996,triangle_0996,sailWall,-0.10984999999858414,0.11809735621990508,0.4823843333440863,1.0,-7.390936390367457e-16,-2.935475741350959e-12,0.0011131641329123019,-8.080992028387935e-14,7484.538922892781,-1319.726150268671,-1.3321594858238745e-08,9.203076629157288e-08,-1.3235015268707533e-08,-4.626116706703844e-08,-7.924489118879258e-09,-8.44007747376612e-09,-4.626116706703844e-08,-7.924489118879258e-09,-8.44007747376612e-09,5,False,250.0
b712773f15e0f684,20270301_h250_r0_p90_y80_TPMC_N400000_S101,101,sample,997,triangle_0997,sailWall,-0.10984999999965338,-0.482383752337433,0.11809892584314641,1.0,4.656644032493447e-16,-2.9365221973035246e-12,0.0011131281859718609,-8.080992028387935e-14,7484.538922892781,-1319.726150268671,-1.9719409676774733e-08,7.804680391951963e-08,-1.275480002532395e-08,-3.545467031751626e-09,-3.865567783214985e-09,-1.8104015202196227e-08,-3.545467031751626e-09,-3.865567783214985e-09,-1.8104015202196227e-08,6,False,250.0
b712773f15e0f684,20270301_h250_r0_p90_y80_TPMC_N400000_S101,101,sample,998,triangle_0998,sailWall,-0.10985000000141591,-0.11809892584282518,-0.48238375233710995,1.0,1.3053762195686158e-15,-2.9363180781260495e-12,0.0011131281859718479,-8.080992028387935e-14,7484.538922892781,-1319.726150268671,-1.9068798967020255e-08,9.15395882129434e-08,-1.875540986063701e-08,4.619858907132358e-08,7.052852499470072e-09,-1.2455848612244393e-08,4.619858907132358e-08,7.052852499470072e-09,-1.2455848612244393e-08,6,False,250.0
b712773f15e0f684,20270301_h250_r0_p90_y80_TPMC_N400000_S101,101,sample,999,triangle_0999,sailWall,-0.1098499999983472,-0.02917658837984737,0.563096024494413,1.0,6.611887457469274e-16,-2.9348365095119672e-12,0.0010850920057938749,-8.080992028387935e-14,7484.538922892781,-1319.726150268671,-3.0043856569179745e-08,1.6206815800494136e-07,-1.9985380429501994e-08,-9.044094408612138e-08,-1.904927805380463e-08,-1.8683706479508712e-08,-9.044094408612138e-08,-1.904927805380463e-08,-1.8683706479508712e-08,9,False,250.0
b712773f15e0f684,20270301_h250_r0_p90_y80_TPMC_N400000_S101,101,sample,1000,triangle_1000,sailWall,-0.10984999999890394,-0.10483091295717124,0.3734286649572363,1.0,1.02585841208822e-15,-2.9343810632556033e-12,0.001193778913028123,-8.080992028387935e-14,7484.538922892781,-1319.726150268671,-3.2960892547758524e-08,2.051541254644387e-07,-3.7387719249847816e-08,-7.356952594789236e-08,-1.6577420360376644e-08,-2.5826569140605665e-08,-7.356952594789236e-08,-1.6577420360376644e-08,-2.5826569140605665e-08,10,False,250.0
b712773f15e0f684,20270301_h250_r0_p90_y80_TPMC_N400000_S101,101,sample,1001,triangle_1001,sailWall,-0.10985000000109613,0.10483147426580518,-0.37342873086739276,1.0,-1.1494125815471302e-15,-2.9355587943665807e-12,0.0011937841907409615,-8.080992028387935e-14,7484.538922892781,-1319.726150268671,-1.2714208324102679e-08,1.233928483007294e-07,-2.2385933669625832e-08,4.414032994466635e-08,2.2984472875367477e-09,-1.2354765834808665e-08,4.414032994466635e-08,2.2984472875367477e-09,-1.2354765834808665e-08,6,False,250.0
b712773f15e0f684,20270301_h250_r0_p90_y80_TPMC_N400000_S101,101,sample,1002,triangle_1002,sailWall,-0.10984999999969229,0.37342872576732344,0.10483147899057821,1.0,-7.803811827036024e-16,-2.935326035637495e-12,0.0011937838078674027,-8.080992028387935e-14,7484.538922892781,-1319.726150268671,-2.629015216862949e-08,1.7612742473039537e-07,-2.856796146433233e-08,-2.8433125050473427e-08,-5.786829804888478e-09,-9.533784088327527e-09,-2.8433125050473427e-08,-5.786829804888478e-09,-9.533784088327527e-09,7,False,250.0
b712773f15e0f684,20270301_h250_r0_p90_y80_TPMC_N400000_S101,101,sample,1003,triangle_1003,sailWall,-0.1098500000003077,-0.37342872576732283,-0.10483147898993402,1.0,-7.803811827217671e-16,-2.9353260356374836e-12,0.0011937838078674142,-8.080992028387935e-14,7484.538922892781,-1319.726150268671,-1.733640789777803e-08,7.779968309751664e-08,-1.4467275349529097e-08,1.3536603931246637e-08,2.607217739213484e-10,-1.4928035344230445e-08,1.3536603931246637e-08,2.607217739213484e-10,-1.4928035344230445e-08,7,False,250.0
b712773f15e0f684,20270301_h250_r0_p90_y80_TPMC_N400000_S101,101,sample,1004,triangle_1004,sailWall,-0.10985000000122823,0.07875680931494392,-0.41843577678327676,1.0,3.7619414810377496e-16,-2.9346268260878255e-12,0.0011309220448406613,-8.080992028387935e-14,7484.538922892781,-1319.726150268671,-2.0385261289636382e-08,1.2122371715859157e-07,-2.3335468329001074e-08,4.927108288613221e-08,5.999765411439918e-09,-1.172131431960414e-08,4.927108288613221e-08,5.999765411439918e-09,-1.172131431960414e-08,7,False,250.0
b712773f15e0f684,20270301_h250_r0_p90_y80_TPMC_N400000_S101,101,sample,1005,triangle_1005,sailWall,-0.10984999999976884,0.4184357716832075,0.07875681403971686,1.0,-5.721510392283819e-16,-2.9364925397064223e-12,0.0011309225474899914,-8.080992028387935e-14,7484.538922892781,-1319.726150268671,-2.567660861185474e-09,2.961208604407389e-08,-5.383146890814486e-09,-4.758621242647584e-09,-8.145876309342285e-10,-2.2111812553399817e-09,-4.758621242647584e-09,-8.145876309342285e-10,-2.2111812553399817e-09,1,False,250.0
b712773f15e0f684,20270301_h250_r0_p90_y80_TPMC_N400000_S101,101,sample,1006,triangle_1006,sailWall,-0.10985000000023117,-0.41843577168320706,-0.07875681403907274,1.0,-8.878647778432276e-16,-2.936480016714383e-12,0.0011309225474899788,-8.080992028387935e-14,7484.538922892781,-1319.726150268671,-3.1148503634840196e-08,9.198633247993043e-08,-2.2424742125959065e-08,1.6859822162838156e-08,1.5940296892981666e-10,-2.3222958852824636e-08,1.6859822162838156e-08,1.5940296892981666e-10,-2.3222958852824636e-08,13,False,250.0
b712773f15e0f684,20270301_h250_r0_p90_y80_TPMC_N400000_S101,101,sample,1007,triangle_1007,sailWall,-0.10984999999877183,-0.07875411060217895,0.4184345855403702,1.0,1.5946380430168015e-17,-2.9368597874526996e-12,0.0011308299396223143,-8.080992028387935e-14,7484.538922892781,-1319.726150268671,-5.772896306481387e-09,5.19539767106169e-08,-7.345802561315326e-09,-2.0934724776952545e-08,-3.1892195055307266e-09,-6.1271206994623885e-09,-2.0934724776952545e-08,-3.1892195055307266e-09,-6.1271206994623885e-09,3,False,250.0
b712773f15e0f684,20270301_h250_r0_p90_y80_TPMC_N400000_S101,101,sample,1008,triangle_1008,sailWall,-0.10984999999826821,-0.02777649123319197,0.5900179387308625,1.0,6.463035324363247e-16,-2.934208078644575e-12,0.0011992309271572088,-8.080992028387935e-14,7484.538922892781,-1319.726150268671,-2.5571288885981753e-08,1.75882620990457e-07,-2.776019881814449e-08,-1.0353317453607322e-07,-1.827311620537646e-08,-1.98945785577353e-08,-1.0353317453607322e-07,-1.827311620537646e-08,-1.98945785577353e-08,9,False,250.0
b712773f15e0f684,20270301_h250_r0_p90_y80_TPMC_N400000_S101,101,sample,1009,triangle_1009,sailWall,-0.10984999999929705,0.1269875809625677,0.23950281307198082,1.0,-6.975862567654099e-16,-2.935696573322952e-12,0.0011560146241961157,-8.080992028387935e-14,7484.538922892781,-1319.726150268671,-1.9253120927622215e-08,1.0669090055923599e-07,-1.5957878771936082e-08,-2.7394007310977697e-08,-6.370654583138108e-09,-9.262773082083943e-09,-2.7394007310977697e-08,-6.370654583138108e-09,-9.262773082083943e-09,6,False,250.0
b712773f15e0f684,20270301_h250_r0_p90_y80_TPMC_N400000_S101,101,sample,1010,triangle_1010,sailWall,-0.10984999999962726,-0.2395025747233972,0.12698783672765285,1.0,7.637758190381428e-17,-2.9369353086219753e-12,0.0011560181305142853,-8.080992028387935e-14,7484.538922892781,-1319.726150268671,-3.953500863445066e-08,6.855750906328636e-08,-1.3307506407321844e-08,-4.868743350639603e-09,-6.461635126207609e-09,-1.6998047747697773e-08,-4.868743350639603e-09,-6.461635126207609e-09,-1.6998047747697773e-08,16,False,250.0
b712773f15e0f684,20270301_h250_r0_p90_y80_TPMC_N400000_S101,101,sample,1011,triangle_1011,sailWall,-0.109850000000703,-0.12698758096256807,-0.2395028130713355,0.9999999999999999,1.4094978042948865e-15,-2.9344489981304976e-12,0.0011560146241961114,-8.080992028387935e-14,7484.538922892781,-1319.726150268671,-4.358069785240218e-08,1.3720437255394874e-07,-2.771258442133785e-08,3.627627153481924e-08,7.402402716018798e-09,-2.053431948863852e-08,3.627627153481924e-08,7.402402716018798e-09,-2.053431948863852e-08,17,False,250.0
b712773f15e0f684,20270301_h250_r0_p90_y80_TPMC_N400000_S101,101,sample,1012,triangle_1012,sailWall,-0.10985000000037277,0.23950257472339673,-0.12698783672700834,1.0,-1.0152470212088467e-15,-2.9350916160141176e-12,0.0011560181305142782,-8.080992028387935e-14,7484.538922892781,-1319.726150268671,-2.6438438161558e-08,1.5402095202960627e-07,-1.7058023738696137e-08,1.4423429769254035e-08,1.3319813179042704e-09,-1.0602256685035315e-08,1.4423429769254035e-08,1.3319813179042704e-09,-1.0602256685035315e-08,8,False,250.0
b712773f15e0f684,20270301_h250_r0_p90_y80_TPMC_N400000_S101,101,sample,1013,triangle_1013,sailWall,-0.10984999999955027,-0.16502466604445123,0.15321470309652363,1.0,-9.917238157453826e-16,-2.9363098075629316e-12,0.0012424813892437227,-8.080992028387935e-14,7484.538922892781,-1319.726150268671,-3.7221138579883385e-08,1.1375022503720268e-07,-1.3611301348665676e-08,-1.5748190780862873e-08,-7.23169985971525e-09,-1.8600001872271917e-08,-1.5748190780862873e-08,-7.23169985971525e-09,-1.8600001872271917e-08,14,False,250.0
b712773f15e0f684,20270301_h250_r0_p90_y80_TPMC_N400000_S101,101,sample,1014,triangle_1014,sailWall,-0.10984999999951563,0.15321464549539743,0.16502471972320534,1.0,-1.7606060689601004e-15,-2.9358707220245293e-12,0.0012424824716993305,-8.080992028387935e-14,7484.538922892781,-1319.726150268671,-1.2268571246956073e-08,6.802526643491056e-08,-6.085321457667942e-09,-1.2824826154537439e-08,-2.8074544973795853e-09,-5.4395383454434e-09,-1.2824826154537439e-08,-2.8074544973795853e-09,-5.4395383454434e-09,4,False,250.0
b712773f15e0f684,20270301_h250_r0_p90_y80_TPMC_N400000_S101,101,sample,1015,triangle_1015,sailWall,-0.10985000000048444,-0.1532146454953975,-0.16502471972256014,1.0,-2.505397295726172e-17,-2.9349580193199162e-12,0.0012424824716993248,-8.080992028387935e-14,7484.538922892781,-1319.726150268671,-4.9293873924825876e-08,8.035034319242887e-08,-3.890762390701748e-08,1.851788584452512e-08,3.587126853968819e-09,-1.6194705550027226e-08,1.851788584452512e-08,3.587126853968819e-09,-1.6194705550027226e-08,21,False,250.0
b712773f15e0f684,20270301_h250_r0_p90_y80_TPMC_N400000_S101,101,sample,1016,triangle_1016,sailWall,-0.10985000000044974,0.16502466604445068,-0.15321470309587895,1.0,-9.917238157558508e-16,-2.9363098075629115e-12,0.0012424813892437324,-8.080992028387935e-14,7484.538922892781,-1319.726150268671,-3.903672747376626e-08,2.298680530437034e-07,-3.994356889738876e-08,2.8632358757922447e-08,1.5762763406284671e-09,-1.8955544354713272e-08,2.8632358757922447e-08,1.5762763406284671e-09,-1.8955544354713272e-08,11,False,250.0
b712773f15e0f684,20270301_h250_r0_p90_y80_TPMC_N400000_S101,101,sample,1017,triangle_1017,sailWall,-0.10984999999954687,-0.19459339656392263,0.15437282695526275,1.0,9.063251889873794e-16,-2.9363922384217553e-12,0.001302453426701194,-8.080992028387935e-14,7484.538922892781,-1319.726150268671,-8.415588512210989e-08,1.9079610835858534e-07,-1.6910399027902432e-08,-2.6194912008207808e-08,-1.448402106416226e-08,-3.75665790975424e-08,-2.6194912008207808e-08,-1.448402106416226e-08,-3.75665790975424e-08,29,False,250.0
b712773f15e0f684,20270301_h250_r0_p90_y80_TPMC_N400000_S101,101,sample,1018,triangle_1018,sailWall,-0.10984999999942884,0.1543726429762538,0.1945935680147588,1.0,-1.7278942578215419e-15,-2.93511748894005e-12,0.0013024598576812244,-8.080992028387935e-14,7484.538922892781,-1319.726150268671,-1.465596308701482e-08,8.34364417536288e-08,-1.124088013548775e-08,-1.7997380540017727e-08,-4.162560780686998e-09,-6.894028653061066e-09,-1.7997380540017727e-08,-4.162560780686998e-09,-6.894028653061066e-09,4,False,250.0
b712773f15e0f684,20270301_h250_r0_p90_y80_TPMC_N400000_S101,101,sample,1019,triangle_1019,sailWall,-0.10985000000045314,0.19459339656392202,-0.1543728269546181,1.0,9.063251889919185e-16,-2.936392238421736e-12,0.0013024534267011988,-8.080992028387935e-14,7484.538922892781,-1319.726150268671,-1.8684685871036846e-08,1.1912210123186269e-07,-2.2874536002544413e-08,1.3781958242966346e-08,3.3730911778211976e-10,-9.479535765490659e-09,1.3781958242966346e-08,3.3730911778211976e-10,-9.479535765490659e-09,7,False,250.0
b712773f15e0f684,20270301_h250_r0_p90_y80_TPMC_N400000_S101,101,sample,1020,triangle_1020,sailWall,-0.1098500000005712,-0.1543726429762539,-0.19459356801411345,1.0,3.060634289452222e-17,-2.9336763663042965e-12,0.001302459857681215,-8.080992028387935e-14,7484.538922892781,-1319.726150268671,-2.596170273413841e-08,6.528315803016215e-08,-1.906220269780622e-08,1.5478643602096547e-08,2.9751142835216525e-09,-1.1232797140370624e-08,1.5478643602096547e-08,2.9751142835216525e-09,-1.1232797140370624e-08,11,False,250.0
b712773f15e0f684,20270301_h250_r0_p90_y80_TPMC_N400000_S101,101,sample,1021,triangle_1021,sailWall,-0.1098500000008326,-0.1013482786020889,-0.2836606333772021,1.0,8.770315092081276e-16,-2.9346787384985563e-12,0.0011495589693653406,-8.080992028387935e-14,7484.538922892781,-1319.726150268671,-2.1157097599789317e-08,8.797519741012231e-08,-1.2146713023600433e-08,2.6121893258184132e-08,4.70804124096017e-09,-1.1756020703877923e-08,2.6121893258184132e-08,4.70804124096017e-09,-1.1756020703877923e-08,8,False,250.0
b712773f15e0f684,20270301_h250_r0_p90_y80_TPMC_N400000_S101,101,sample,1022,triangle_1022,sailWall,-0.1098499999997025,-0.28366049270531574,0.10134842955377064,1.0,3.490344547391832e-16,-2.934520373301485e-12,0.0011495716341289848,-8.080992028387935e-14,7484.538922892781,-1319.726150268671,-4.0021156269859166e-08,1.8409032293523177e-07,-3.812482544526983e-08,-7.72681155561598e-09,-8.345167673899692e-09,-3.1463787060532784e-08,-7.72681155561598e-09,-8.345167673899692e-09,-3.1463787060532784e-08,15,False,250.0
b712773f15e0f684,20270301_h250_r0_p90_y80_TPMC_N400000_S101,101,sample,1023,triangle_1023,sailWall,-0.1098500000002975,0.28366049270531546,-0.10134842955312635,1.0,5.043537537834083e-16,-2.9347885564511976e-12,0.0011495716341289812,-8.080992028387935e-14,7484.538922892781,-1319.726150268671,-8.38040103876203e-09,8.102949261066956e-08,-8.342064803982592e-09,5.609843005884209e-09,-1.1330093443354417e-10,-6.517429095257351e-09,5.609843005884209e-09,-1.1330093443354417e-10,-6.517429095257351e-09,3,False,250.0
b712773f15e0f684,20270301_h250_r0_p90_y80_TPMC_N400000_S101,101,sample,1024,triangle_1024,sailWall,-0.1098499999991674,0.10134827860208828,0.28366063337784725,0.9999999999999999,6.089825718697988e-16,-2.9345216254016217e-12,0.0011495589693653403,-8.080992028387935e-14,7484.538922892781,-1319.726150268671,-4.27116145085603e-08,2.2440937044270672e-07,-3.873079247679352e-08,-6.743180266951301e-08,-1.641096031720815e-08,-2.0587526616139273e-08,-6.743180266951301e-08,-1.641096031720815e-08,-2.0587526616139273e-08,12,False,250.0
b712773f15e0f684,20270301_h250_r0_p90_y80_TPMC_N400000_S101,101,sample,1025,triangle_1025,sailWall,-0.10984999999925447,0.15326613107154932,0.2540016596037986,0.9999999999999999,1.5470805044431408e-16,-2.9351919417071614e-12,0.001138666862246164,-8.080992028387935e-14,7484.538922892781,-1319.726150268671,-1.512667181230439e-08,7.147178473670197e-08,-7.214866560185624e-09,-1.8813529486487084e-08,-4.483589163753265e-09,-5.5727283442068074e-09,-1.8813529486487084e-08,-4.483589163753265e-09,-5.5727283442068074e-09,5,False,250.0
b712773f15e0f684,20270301_h250_r0_p90_y80_TPMC_N400000_S101,101,sample,1026,triangle_1026,sailWall,-0.10985000000074553,-0.15326613107154977,-0.25400165960315324,1.0,-1.12690175246708e-16,-2.935350264480813e-12,0.0011386668622461614,-8.080992028387935e-14,7484.538922892781,-1319.726150268671,-4.922665227693704e-08,1.9271985213744284e-07,-4.1258652773469096e-08,5.473405077166289e-08,7.894432821120118e-09,-2.877215248701666e-08,5.473405077166289e-08,7.894432821120118e-09,-2.877215248701666e-08,16,False,250.0
b712773f15e0f684,20270301_h250_r0_p90_y80_TPMC_N400000_S101,101,sample,1027,triangle_1027,sailWall,-0.10985000000044987,0.2540008155702211,-0.15326703677938694,1.0,-1.5894442988347679e-15,-2.934121829080762e-12,0.0011386820029983663,-8.080992028387935e-14,7484.538922892781,-1319.726150268671,-8.871210466261202e-09,4.9041887234234756e-08,-9.390661827533748e-09,5.647814513275348e-09,4.18446903430046e-10,-3.131465225999197e-09,5.647814513275348e-09,4.18446903430046e-10,-3.131465225999197e-09,3,False,250.0
b712773f15e0f684,20270301_h250_r0_p90_y80_TPMC_N400000_S101,101,sample,1028,triangle_1028,sailWall,-0.10984999999955014,-0.25400081557022186,0.1532670367800315,1.0,-1.589444298822635e-15,-2.934121829080751e-12,0.0011386820029983728,-8.080992028387935e-14,7484.538922892781,-1319.726150268671,-5.71845609853757e-08,8.88593494919127e-08,-1.3176230688797103e-08,-1.0179693873380399e-08,-9.97948151396453e-09,-2.426170289908649e-08,-1.0179693873380399e-08,-9.97948151396453e-09,-2.426170289908649e-08,21,False,250.0
b712773f15e0f684,20270301_h250_r0_p90_y80_TPMC_N400000_S101,101,sample,1029,triangle_1029,sailWall,-0.10984999999962809,-0.21010574010605823,0.12670760625090263,1.0,5.791178074234103e-16,-2.9369328076794423e-12,0.0011604360199491206,-8.080992028387935e-14,7484.538922892781,-1319.726150268671,-8.191115736504098e-08,1.4655901101827428e-07,-9.527429788416764e-09,-1.751121472234097e-08,-1.1453945762490874e-08,-3.2943507829569516e-08,-1.751121472234097e-08,-1.1453945762490874e-08,-3.2943507829569516e-08,34,False,250.0
b712773f15e0f684,20270301_h250_r0_p90_y80_TPMC_N400000_S101,101,sample,1030,triangle_1030,sailWall,-0.10984999999938333,0.12670745880971698,0.21010587750714296,1.0,-6.97363659477779e-16,-2.93574125916252e-12,0.001160430657207062,-8.080992028387935e-14,7484.538922892781,-1319.726150268671,-2.659438659779335e-08,1.1292097761405633e-07,-1.2911723661176307e-08,-2.560272004979423e-08,-7.047418787093756e-09,-9.00887013010664e-09,-2.560272004979423e-08,-7.047418787093756e-09,-9.00887013010664e-09,7,False,250.0
b712773f15e0f684,20270301_h250_r0_p90_y80_TPMC_N400000_S101,101,sample,1031,triangle_1031,sailWall,-0.10985000000061673,-0.12670745880971712,-0.2101058775064977,1.0,1.409807573417655e-15,-2.9345111834943703e-12,0.001160430657207063,-8.080992028387935e-14,7484.538922892781,-1319.726150268671,-6.26420860635562e-08,1.9407015738775986e-07,-5.152978224155189e-08,4.780317971133632e-08,7.427279902725996e-09,-2.949285214410489e-08,4.780317971133632e-08,7.427279902725996e-09,-2.949285214410489e-08,20,False,250.0
b712773f15e0f684,20270301_h250_r0_p90_y80_TPMC_N400000_S101,101,sample,1032,triangle_1032,sailWall,-0.10985000000037193,0.21010574010605773,-0.126707606250258,1.0,1.7017752318486802e-15,-2.9350780998557323e-12,0.0011604360199491187,-8.080992028387935e-14,7484.538922892781,-1319.726150268671,-6.917823062022619e-09,5.3974665584485656e-08,-5.851877376533095e-09,5.86995230968768e-09,2.4972739115332746e-10,-4.523415224655766e-09,5.86995230968768e-09,2.4972739115332746e-10,-4.523415224655766e-09,3,False,250.0
b712773f15e0f684,20270301_h250_r0_p90_y80_TPMC_N400000_S101,101,sample,1033,triangle_1033,sailWall,-0.10985000000173271,0.028345739405086463,-0.5903030022597218,1.0,2.601036407203214e-16,-2.935141759338766e-12,0.0012162502672692934,-8.080992028387935e-14,7484.538922892781,-1319.726150268671,-3.620436090435481e-08,2.4576637426281853e-07,-3.98321568967651e-08,1.4307198011806957e-07,1.6854416896181852e-08,-2.5933240989957093e-08,1.4307198011806957e-07,1.6854416896181852e-08,-2.5933240989957093e-08,12,False,250.0
b712773f15e0f684,20270301_h250_r0_p90_y80_TPMC_N400000_S101,101,sample,1034,triangle_1034,sailWall,-0.1098499999999168,0.5903030738302748,0.028345885699988804,1.0,-6.06789965058358e-16,-2.9339056612454323e-12,0.0012162370562568505,-8.080992028387935e-14,7484.538922892781,-1319.726150268671,-9.251689977024012e-09,7.219462733386623e-08,-1.3493766992378543e-08,-1.0204160467386207e-08,-1.7563478722637277e-09,-2.4745453178233926e-09,-1.0204160467386207e-08,-1.7563478722637277e-09,-2.4745453178233926e-09,4,False,250.0
b712773f15e0f684,20270301_h250_r0_p90_y80_TPMC_N400000_S101,101,sample,1035,triangle_1035,sailWall,-0.10985000000008323,-0.5903030022600441,-0.028345739404764963,1.0,2.2139056124627035e-16,-2.9353167857215704e-12,0.0012162502672692726,-8.080992028387935e-14,7484.538922892781,-1319.726150268671,-2.3806074381777468e-08,9.915040602654443e-08,-1.5945276341136984e-08,1.2432152527214347e-08,-1.011577136733724e-09,-2.5143022886639764e-08,1.2432152527214347e-08,-1.011577136733724e-09,-2.5143022886639764e-08,8,False,250.0
b712773f15e0f684,20270301_h250_r0_p90_y80_TPMC_N400000_S101,101,sample,1036,triangle_1036,sailWall,-0.1098500000012832,0.18222981342262137,-0.4371656086272439,1.0,4.804043308871478e-16,-2.935609281860124e-12,0.0013143643056545212,-8.080992028387935e-14,7484.538922892781,-1319.726150268671,-1.813254149637428e-08,9.735888996973005e-08,-1.0827416278334787e-08,4.004260735033827e-08,6.648382648386467e-09,-7.3619728160880504e-09,4.004260735033827e-08,6.648382648386467e-09,-7.3619728160880504e-09,4,False,250.0
b712773f15e0f684,20270301_h250_r0_p90_y80_TPMC_N400000_S101,101,sample,1037,triangle_1037,sailWall,-0.10985000000053491,-0.4371653638087789,-0.18223004019590996,1.0,1.922300684907731e-16,-2.9363258740217445e-12,0.0013143855396819252,-8.080992028387935e-14,7484.538922892781,-1319.726150268671,-3.657819369691848e-08,1.939862236451458e-07,-3.2853520342153675e-08,5.0030002102883705e-08,3.0610801233247826e-09,-3.720529294736423e-08,5.0030002102883705e-08,3.0610801233247826e-09,-3.720529294736423e-08,12,False,250.0
b712773f15e0f684,20270301_h250_r0_p90_y80_TPMC_N400000_S101,101,sample,1038,triangle_1038,sailWall,-0.1098499999994651,0.43716536380877913,0.1822300401965549,1.0,-6.524499389040017e-17,-2.9361982399089944e-12,0.0013143855396819354,-8.080992028387935e-14,7484.538922892781,-1319.726150268671,-1.800656335100049e-08,1.1974263239118163e-07,-2.2851426132672803e-08,-3.265625952534386e-08,-5.961853997282371e-09,-5.271969171988331e-09,-3.265625952534386e-08,-5.961853997282371e-09,-5.271969171988331e-09,7,False,250.0
b712773f15e0f684,20270301_h250_r0_p90_y80_TPMC_N400000_S101,101,sample,1039,triangle_1039,sailWall,-0.10984999999871681,-0.1822219471700625,0.4371706823179027,1.0,7.377851495588483e-16,-2.9350937734245965e-12,0.001314774348774077,-8.080992028387935e-14,7484.538922892781,-1319.726150268671,-2.053938547672974e-08,1.126385188811372e-07,-2.3620706168094703e-08,-4.367727814000175e-08,-1.1410697125625777e-08,-1.6184262393579357e-08,-4.367727814000175e-08,-1.1410697125625777e-08,-1.6184262393579357e-08,6,False,250.0
b712773f15e0f684,20270301_h250_r0_p90_y80_TPMC_N400000_S101,101,sample,1040,triangle_1040,sailWall,-0.10984999999864542,-0.20227494861646636,0.46149070626912964,1.0,-7.48434417918253e-16,-2.933464512040722e-12,0.001132952390368272,-8.080992028387935e-14,7484.538922892781,-1319.726150268671,-2.1081424223712093e-08,1.2794330009894165e-07,-1.8280243847248415e-08,-5.542432530176407e-08,-1.1788598887324073e-08,-1.8325649939867826e-08,-5.542432530176407e-08,-1.1788598887324073e-08,-1.8325649939867826e-08,7,False,250.0
b712773f15e0f684,20270301_h250_r0_p90_y80_TPMC_N400000_S101,101,sample,1041,triangle_1041,sailWall,-0.10985000000135459,0.20228180789559205,-0.4614862756518503,1.0,2.7731749577203696e-16,-2.9353866737992486e-12,0.0011325248285996123,-8.080992028387935e-14,7484.538922892781,-1319.726150268671,-2.1292210172041604e-08,1.1765639794179395e-07,-1.4937366343389484e-08,5.1353404123536354e-08,8.161043514936531e-09,-8.735211270039083e-09,5.1353404123536354e-08,8.161043514936531e-09,-8.735211270039083e-09,6,False,250.0
b712773f15e0f684,20270301_h250_r0_p90_y80_TPMC_N400000_S101,101,sample,1042,triangle_1042,sailWall,-0.10984999999940626,0.4614860614357342,0.20228200632282398,1.0,2.010430829209762e-15,-2.934304581459037e-12,0.001132544912862166,-8.080992028387935e-14,7484.538922892781,-1319.726150268671,-2.4636132940694766e-08,1.7210784158538217e-07,-2.45534936957045e-08,-4.650381840421782e-08,-7.777586081334116e-09,-7.473068540339597e-09,-4.650381840421782e-08,-7.777586081334116e-09,-7.473068540339597e-09,9,False,250.0
b712773f15e0f684,20270301_h250_r0_p90_y80_TPMC_N400000_S101,101,sample,1043,triangle_1043,sailWall,-0.10985000000059376,-0.46148606143573406,-0.20228200632217888,1.0,6.7296264529222525e-16,-2.9358872971996325e-12,0.001132544912862166,-8.080992028387935e-14,7484.538922892781,-1319.726150268671,-2.7425947702585636e-08,1.5079376842876035e-07,-1.746568365375288e-08,3.9212423049032706e-08,3.7772368181639704e-09,-2.9235654316591845e-08,3.9212423049032706e-08,3.7772368181639704e-09,-2.9235654316591845e-08,9,False,250.0
b712773f15e0f684,20270301_h250_r0_p90_y80_TPMC_N400000_S101,101,sample,1044,triangle_1044,sailWall,-0.10984999999970334,-0.2541367372484571,0.1010741093596401,1.0,1.5288643241841362e-15,-2.9345208899048063e-12,0.0011426865274487743,-8.080992028387935e-14,7484.538922892781,-1319.726150268671,-6.357513024637006e-08,1.0003488180010716e-07,-9.584472472996613e-09,-7.998846708136235e-09,-7.358839261248202e-09,-2.739742568510823e-08,-7.998846708136235e-09,-7.358839261248202e-09,-2.739742568510823e-08,22,False,250.0
b712773f15e0f684,20270301_h250_r0_p90_y80_TPMC_N400000_S101,101,sample,1045,triangle_1045,sailWall,-0.10985000000074596,-0.10107395840795823,-0.25413687792034356,1.0,8.772690956506054e-16,-2.9341288227181846e-12,0.0011426847432258389,-8.080992028387935e-14,7484.538922892781,-1319.726150268671,-1.8519016935814594e-08,8.740204074502667e-08,-2.154771606743356e-08,2.462340245168463e-08,2.340168067511769e-09,-1.1475763526677351e-08,2.462340245168463e-08,2.340168067511769e-09,-1.1475763526677351e-08,8,False,250.0
b712773f15e0f684,20270301_h250_r0_p90_y80_TPMC_N400000_S101,101,sample,1046,triangle_1046,sailWall,-0.10984999999925409,0.1010739584079577,0.2541368779209887,1.0,6.081355815597477e-16,-2.9364820627585323e-12,0.0011426847432258406,-8.080992028387935e-14,7484.538922892781,-1319.726150268671,-2.859565454116582e-08,1.7539068984419702e-07,-3.706197293707101e-08,-4.7477822375578246e-08,-1.1228280516660317e-08,-1.6396517464702964e-08,-4.7477822375578246e-08,-1.1228280516660317e-08,-1.6396517464702964e-08,9,False,250.0
b712773f15e0f684,20270301_h250_r0_p90_y80_TPMC_N400000_S101,101,sample,1047,triangle_1047,sailWall,-0.1098500000002967,0.2541367372484568,-0.10107410935899573,1.0,-8.325776819771558e-16,-2.9347879710589827e-12,0.0011426865274487704,-8.080992028387935e-14,7484.538922892781,-1319.726150268671,-1.550641551788344e-08,7.691053567372702e-08,-1.818375385823439e-09,6.633244293141555e-09,1.238806868095482e-09,-4.463603685054688e-09,6.633244293141555e-09,1.238806868095482e-09,-4.463603685054688e-09,5,False,250.0
b712773f15e0f684,20270301_h250_r0_p90_y80_TPMC_N400000_S101,101,sample,1048,triangle_1048,sailWall,-0.1098499999991467,-0.3283829933648818,0.29072712937922746,0.9999999999999999,5.977098732130018e-16,-2.9353185374600793e-12,0.001214413106652203,-8.080992028387935e-14,7484.538922892781,-1319.726150268671,-4.7542806308818096e-08,1.7368689191393903e-07,-1.7358870920246708e-08,-4.6008520868711304e-08,-1.5948105881800376e-08,-3.464342666074954e-08,-4.6008520868711304e-08,-1.5948105881800376e-08,-3.464342666074954e-08,17,False,250.0
b712773f15e0f684,20270301_h250_r0_p90_y80_TPMC_N400000_S101,101,sample,1049,triangle_1049,sailWall,-0.10985000000085333,0.3283829933648819,-0.29072712937858247,1.0,-1.1929547224163554e-15,-2.9339184435469815e-12,0.0012144131066522002,-8.080992028387935e-14,7484.538922892781,-1319.726150268671,-2.118394894335847e-08,1.3098810008574589e-07,-2.649908173996147e-08,2.9083903623707503e-08,3.247627262151083e-09,-7.232280280124191e-09,2.9083903623707503e-08,3.247627262151083e-09,-7.232280280124191e-09,8,False,250.0
b712773f15e0f684,20270301_h250_r0_p90_y80_TPMC_N400000_S101,101,sample,1050,triangle_1050,sailWall,-0.10985000000085483,-0.3285210753022434,-0.2912302955905962,1.0,-1.556799416830571e-15,-2.9366807502374663e-12,0.001230748397304644,-8.080992028387935e-14,7484.538922892781,-1319.726150268671,-3.982238908139307e-08,1.7177829153187381e-07,-3.4864483520799775e-08,6.098888762438893e-08,7.776549794695732e-09,-3.1906938665792867e-08,6.098888762438893e-08,7.776549794695732e-09,-3.1906938665792867e-08,14,False,250.0
b712773f15e0f684,20270301_h250_r0_p90_y80_TPMC_N400000_S101,101,sample,1051,triangle_1051,sailWall,-0.10984999999914517,0.3285210753022434,0.2912302955912412,1.0,-1.3504959282797209e-15,-2.9364682129695564e-12,0.0012307483973046478,-8.080992028387935e-14,7484.538922892781,-1319.726150268671,-4.3250243801378945e-08,2.246181286265186e-07,-4.081471705944584e-08,-7.846579413274727e-08,-1.707126916051605e-08,-1.061098630918765e-08,-7.846579413274727e-08,-1.707126916051605e-08,-1.061098630918765e-08,13,False,250.0
b712773f15e0f684,20270301_h250_r0_p90_y80_TPMC_N400000_S101,101,sample,1052,triangle_1052,sailWall,-0.1098499999991226,0.2985326499813175,0.298929269503955,1.0,-1.1892300716884096e-15,-2.9365112683610645e-12,0.0012617998471750147,-8.080992028387935e-14,7484.538922892781,-1319.726150268671,-8.183819234342618e-09,5.6953032769595386e-08,-5.4100468390047565e-09,-1.760606512492325e-08,-2.8869379993708333e-09,-3.745813109454389e-09,-1.760606512492325e-08,-2.8869379993708333e-09,-3.745813109454389e-09,3,False,250.0
b712773f15e0f684,20270301_h250_r0_p90_y80_TPMC_N400000_S101,101,sample,1053,triangle_1053,sailWall,-0.10985000000087743,-0.29853264998131746,-0.29892926950330984,1.0,5.960117570307344e-16,-2.9372555162164096e-12,0.0012617998471750147,-8.080992028387935e-14,7484.538922892781,-1319.726150268671,-2.398151574565152e-08,1.0980595746146073e-07,-2.2712846332581005e-08,3.9624003731549933e-08,4.6021895605587004e-09,-1.9243475110552343e-08,3.9624003731549933e-08,4.6021895605587004e-09,-1.9243475110552343e-08,9,False,250.0
b712773f15e0f684,20270301_h250_r0_p90_y80_TPMC_N400000_S101,101,sample,1054,triangle_1054,sailWall,-0.10985000000087634,0.2988269071066238,-0.29856499036214496,1.0,7.230259797682872e-16,-2.9334260859545957e-12,0.0012585412919178694,-8.080992028387935e-14,7484.538922892781,-1319.726150268671,-3.2055786149098456e-08,1.9875531098807446e-07,-3.6422664795467587e-08,4.84070324065644e-08,5.557247538036768e-09,-1.2109640944593208e-08,4.84070324065644e-08,5.557247538036768e-09,-1.2109640944593208e-08,9,False,250.0
b712773f15e0f684,20270301_h250_r0_p90_y80_TPMC_N400000_S101,101,sample,1055,triangle_1055,sailWall,-0.1098499999991237,-0.2988269071066238,0.29856499036278983,1.0,-9.736724803650616e-17,-2.9354971543415295e-12,0.0012585412919178685,-8.080992028387935e-14,7484.538922892781,-1319.726150268671,-3.62812084288416e-08,1.872351170010276e-07,-2.6739440491242545e-08,-4.779201399174923e-08,-1.3695344191920636e-08,-3.134307046814648e-08,-4.779201399174923e-08,-1.3695344191920636e-08,-3.134307046814648e-08,12,False,250.0
b712773f15e0f684,20270301_h250_r0_p90_y80_TPMC_N400000_S101,101,sample,1056,triangle_1056,sailWall,-0.10985000000091853,-0.34996354468164265,-0.31292730329194396,1.0,6.373880927405294e-16,-2.9344202619549656e-12,0.0011730732611055466,-8.080992028387935e-14,7484.538922892781,-1319.726150268671,-1.230993773367984e-08,2.9520156763133648e-08,-8.917367987783409e-09,1.2676568844044446e-08,2.8703278272981647e-09,-7.53184179567262e-09,1.2676568844044446e-08,2.8703278272981647e-09,-7.53184179567262e-09,6,False,250.0
b712773f15e0f684,20270301_h250_r0_p90_y80_TPMC_N400000_S101,101,sample,1057,triangle_1057,sailWall,-0.10984999999908147,0.34996354468164265,0.312927303292589,1.0,6.373880927298525e-16,-2.9344202619549503e-12,0.0011730732611055492,-8.080992028387935e-14,7484.538922892781,-1319.726150268671,-4.439754913413692e-08,2.415583907868947e-07,-2.9363834614124093e-08,-8.504249721298301e-08,-1.699277356847081e-08,-1.1205872107862544e-08,-8.504249721298301e-08,-1.699277356847081e-08,-1.1205872107862544e-08,12,False,250.0
b712773f15e0f684,20270301_h250_r0_p90_y80_TPMC_N400000_S101,101,sample,1058,triangle_1058,sailWall,-0.1098499999990825,-0.34969082019368125,0.31259300301978704,1.0,7.20374460998464e-16,-2.9354399268495304e-12,0.0011891051405637427,-8.080992028387935e-14,7484.538922892781,-1319.726150268671,-1.7713621941744966e-08,8.913906660408916e-08,-1.3344637092641495e-08,-2.270378969851421e-08,-6.85882957295193e-09,-1.597162446405141e-08,-2.270378969851421e-08,-6.85882957295193e-09,-1.597162446405141e-08,6,False,250.0
b712773f15e0f684,20270301_h250_r0_p90_y80_TPMC_N400000_S101,101,sample,1059,triangle_1059,sailWall,-0.1098500000009175,0.34969082019368125,-0.31259300301914206,1.0,6.423181409392193e-16,-2.935734637253579e-12,0.0011891051405637447,-8.080992028387935e-14,7484.538922892781,-1319.726150268671,-2.3697593068761606e-08,1.2289628289903657e-07,-2.0986386201193778e-08,3.068640920904233e-08,5.024679446577239e-09,-5.25304554850764e-09,3.068640920904233e-08,5.024679446577239e-09,-5.25304554850764e-09,7,False,250.0
b712773f15e0f684,20270301_h250_r0_p90_y80_TPMC_N400000_S101,101,sample,1060,triangle_1060,sailWall,-0.10985000000048423,0.496590867814433,-0.16495710630386842,1.0,-1.0458328432109805e-16,-2.9347819243138808e-12,0.0011349339735834047,-8.080992028387935e-14,7484.538922892781,-1319.726150268671,-8.587575660611642e-09,3.620103214232203e-08,-1.9131136152352765e-09,5.0783558043555106e-09,1.2216111375489195e-09,1.7997044127392312e-10,5.0783558043555106e-09,1.2216111375489195e-09,1.7997044127392312e-10,2,False,250.0
b712773f15e0f684,20270301_h250_r0_p90_y80_TPMC_N400000_S101,101,sample,1061,triangle_1061,sailWall,-0.10985000000070533,-0.1798292455565074,-0.2402991912497978,1.0,-1.221372165149454e-15,-2.9346758321326146e-12,0.0011245854739271382,-8.080992028387935e-14,7484.538922892781,-1319.726150268671,-4.1275113640766525e-08,1.566728025484461e-07,-4.352906948758139e-08,4.578381793430257e-08,5.140972894553886e-09,-2.4528264365946e-08,4.578381793430257e-08,5.140972894553886e-09,-2.4528264365946e-08,13,False,250.0
b712773f15e0f684,20270301_h250_r0_p90_y80_TPMC_N400000_S101,101,sample,1062,triangle_1062,sailWall,-0.10984999999929469,0.17982924555650728,0.24029919125044316,1.0,6.288885363505284e-16,-2.9354803947184786e-12,0.0011245854739271417,-8.080992028387935e-14,7484.538922892781,-1319.726150268671,-3.2508130447171726e-08,1.5254452692654784e-07,-2.4688167225623884e-08,-4.178606688542776e-08,-1.0666470545869488e-08,-1.090568689368825e-08,-4.178606688542776e-08,-1.0666470545869488e-08,-1.090568689368825e-08,8,False,250.0
b712773f15e0f684,20270301_h250_r0_p90_y80_TPMC_N400000_S101,101,sample,1063,triangle_1063,sailWall,-0.10985000000052784,0.24029836684554606,-0.17983013020136437,1.0,-1.7396159092740287e-15,-2.934368669229323e-12,0.0011245421542646966,-8.080992028387935e-14,7484.538922892781,-1319.726150268671,-1.4190570029455342e-08,8.407396970442433e-08,-1.7358957750234326e-08,1.0769763825505637e-08,6.109276193363203e-10,-5.836143383647049e-09,1.0769763825505637e-08,6.109276193363203e-10,-5.836143383647049e-09,5,False,250.0
b712773f15e0f684,20270301_h250_r0_p90_y80_TPMC_N400000_S101,101,sample,1064,triangle_1064,sailWall,-0.10984999999947216,-0.24029836684554698,0.17983013020200891,1.0,-1.9019111265476192e-15,-2.934635437198492e-12,0.0011245421542646964,-8.080992028387935e-14,7484.538922892781,-1319.726150268671,-4.2957585697316496e-08,1.7226872325941998e-07,-1.0548867090048544e-08,-2.788115245367239e-08,-8.852365819189372e-09,-2.918277034603778e-08,-2.788115245367239e-08,-8.852365819189372e-09,-2.918277034603778e-08,14,False,250.0
b712773f15e0f684,20270301_h250_r0_p90_y80_TPMC_N400000_S101,101,sample,1065,triangle_1065,sailWall,-0.10984999999962014,-0.53405699247285,0.12942196541081322,1.0,-1.2601414476900754e-15,-2.935204305626747e-12,0.0011642847001281395,-8.080992028387935e-14,7484.538922892781,-1319.726150268671,-1.355238572728993e-08,8.43991719821133e-08,-1.261638368746451e-08,-4.6236695997101355e-09,-3.1525354068138582e-09,-1.637756311064164e-08,-4.6236695997101355e-09,-3.1525354068138582e-09,-1.637756311064164e-08,6,False,250.0
b712773f15e0f684,20270301_h250_r0_p90_y80_TPMC_N400000_S101,101,sample,1066,triangle_1066,sailWall,-0.10985000000156757,-0.12942196541049122,-0.534056992472527,1.0,-7.943494018670694e-16,-2.9354719560184124e-12,0.0011642847001281454,-8.080992028387935e-14,7484.538922892781,-1319.726150268671,-2.370455072768771e-08,1.2497094711606586e-07,-2.521712128036791e-08,7.066526139491296e-08,9.924511930645731e-09,-1.6769856214687602e-08,7.066526139491296e-08,9.924511930645731e-09,-1.6769856214687602e-08,9,False,250.0
b712773f15e0f684,20270301_h250_r0_p90_y80_TPMC_N400000_S101,101,sample,1067,triangle_1067,sailWall,-0.10984999999843244,0.12941722941804262,0.5340584674008643,1.0,-1.2690753611527973e-15,-2.9356742650804006e-12,0.0011645994452319113,-8.080992028387935e-14,7484.538922892781,-1319.726150268671,-3.0111150419630735e-08,1.4085207445210767e-07,-1.9090384221712585e-08,-7.821163139836866e-08,-1.8254299210210627e-08,-1.1715384898230513e-08,-7.821163139836866e-08,-1.8254299210210627e-08,-1.1715384898230513e-08,7,False,250.0
b712773f15e0f684,20270301_h250_r0_p90_y80_TPMC_N400000_S101,101,sample,1068,triangle_1068,sailWall,-0.1098499999985398,-0.1657710233668923,0.4974814769616243,1.0,-1.7491517139668556e-15,-2.9341875576434036e-12,0.0010950768300541527,-8.080992028387935e-14,7484.538922892781,-1319.726150268671,-3.970486672135717e-08,2.205920026506387e-07,-5.4677976541486955e-08,-9.985953107916843e-08,-2.564728067024139e-08,-3.089218580099313e-08,-9.985953107916843e-08,-2.564728067024139e-08,-3.089218580099313e-08,12,False,250.0
b712773f15e0f684,20270301_h250_r0_p90_y80_TPMC_N400000_S101,101,sample,1069,triangle_1069,sailWall,-0.10984999999903507,0.29076432808409164,0.3287458374072085,1.0,-1.4455740081595796e-15,-2.9355184221098995e-12,0.0012331132076775061,-8.080992028387935e-14,7484.538922892781,-1319.726150268671,-3.788529676147157e-08,2.0497751136022074e-07,-3.268708532285074e-08,-7.72231721265263e-08,-1.6145489557900733e-08,-1.149492931589888e-08,-7.72231721265263e-08,-1.6145489557900733e-08,-1.149492931589888e-08,12,False,250.0
b712773f15e0f684,20270301_h250_r0_p90_y80_TPMC_N400000_S101,101,sample,1070,triangle_1070,sailWall,-0.10985000000096497,-0.29076432808409153,-0.3287458374065632,1.0,-1.763355110447659e-16,-2.9342641363528487e-12,0.001233113207677506,-8.080992028387935e-14,7484.538922892781,-1319.726150268671,-3.876646536862508e-08,1.4511056050568328e-07,-3.730250962136624e-08,5.868665355577247e-08,8.754933817797039e-09,-2.7234369412792076e-08,5.868665355577247e-08,8.754933817797039e-09,-2.7234369412792076e-08,13,False,250.0
b712773f15e0f684,20270301_h250_r0_p90_y80_TPMC_N400000_S101,101,sample,1071,triangle_1071,sailWall,-0.10984999999903566,-0.29114762056931126,0.32854847757411276,1.0,-3.3749932976502036e-16,-2.936397785731126e-12,0.0012276605175601844,-8.080992028387935e-14,7484.538922892781,-1319.726150268671,-1.4442547860355952e-08,9.923879150525496e-08,-2.170446965531582e-08,-2.6703777876711864e-08,-7.199348300250856e-09,-1.5130410592099078e-08,-2.6703777876711864e-08,-7.199348300250856e-09,-1.5130410592099078e-08,5,False,250.0
b712773f15e0f684,20270301_h250_r0_p90_y80_TPMC_N400000_S101,101,sample,1072,triangle_1072,sailWall,-0.10985000000096434,0.29114762056931126,-0.3285484775734678,0.9999999999999999,-1.2424904952811107e-16,-2.9366038474661467e-12,0.0012276605175601837,-8.080992028387935e-14,7484.538922892781,-1319.726150268671,-2.5735031277546735e-08,1.5247281006558787e-07,-1.9158395897000852e-08,4.4424795720441464e-08,6.355072773553213e-09,-9.130965580937527e-09,4.4424795720441464e-08,6.355072773553213e-09,-9.130965580937527e-09,8,False,250.0
b712773f15e0f684,20270301_h250_r0_p90_y80_TPMC_N400000_S101,101,sample,1073,triangle_1073,sailWall,-0.10984999999961857,0.5342874305878177,0.12996738366772662,1.0,-1.34772110885926e-16,-2.935276858685387e-12,0.001122842735276521,-8.080992028387935e-14,7484.538922892781,-1319.726150268671,-1.8677481689770193e-08,1.1914400144882638e-07,-2.7778111027590425e-08,-3.0449914149674306e-08,-5.5089929096870635e-09,-3.1166061714849536e-09,-3.0449914149674306e-08,-5.5089929096870635e-09,-3.1166061714849536e-09,6,False,250.0
b712773f15e0f684,20270301_h250_r0_p90_y80_TPMC_N400000_S101,101,sample,1074,triangle_1074,sailWall,-0.10985000000038153,-0.5342874305878177,-0.12996738366708172,1.0,-1.9392268068319147e-16,-2.934954728425036e-12,0.0011228427352765126,-8.080992028387935e-14,7484.538922892781,-1319.726150268671,-2.9507836619419613e-08,1.5917776428473985e-07,-3.0379291129147835e-08,3.664500979982305e-08,3.760464815245654e-10,-3.3425504876606036e-08,3.664500979982305e-08,3.760464815245654e-10,-3.3425504876606036e-08,9,False,250.0
b712773f15e0f684,20270301_h250_r0_p90_y80_TPMC_N400000_S101,101,sample,1075,triangle_1075,sailWall,-0.10985000000156826,0.1299673836674045,-0.5342874305874948,1.0,2.485305782627655e-16,-2.9351606647853403e-12,0.0011228427352765271,-8.080992028387935e-14,7484.538922892781,-1319.726150268671,-1.1408159328024889e-08,7.03979731160127e-08,-1.756410317377787e-08,3.542764564173627e-08,4.164385781689147e-09,-6.36132028685713e-09,3.542764564173627e-08,4.164385781689147e-09,-6.36132028685713e-09,4,False,250.0
b712773f15e0f684,20270301_h250_r0_p90_y80_TPMC_N400000_S101,101,sample,1076,triangle_1076,sailWall,-0.10985000000099947,0.20801538359250707,-0.3405143262824784,1.0,1.2265787396271974e-16,-2.935810138665584e-12,0.0011456996830585117,-8.080992028387935e-14,7484.538922892781,-1319.726150268671,-2.245727621373588e-08,1.3418892280032431e-07,-2.313319431695516e-08,4.172691209461346e-08,5.247827420479858e-09,-1.0158216101908317e-08,4.172691209461346e-08,5.247827420479858e-09,-1.0158216101908317e-08,7,False,250.0
b712773f15e0f684,20270301_h250_r0_p90_y80_TPMC_N400000_S101,101,sample,1077,triangle_1077,sailWall,-0.10984999999900052,-0.20801538359250746,0.34051432628312267,1.0,1.226578739210646e-16,-2.9358101386655818e-12,0.001145699683058497,-8.080992028387935e-14,7484.538922892781,-1319.726150268671,-3.0931140564712815e-08,1.4357401723124428e-07,-1.9525030203985274e-08,-4.5441212057365026e-08,-1.2758533634445788e-08,-2.2084413770811004e-08,-4.5441212057365026e-08,-1.2758533634445788e-08,-2.2084413770811004e-08,11,False,250.0
b712773f15e0f684,20270301_h250_r0_p90_y80_TPMC_N400000_S101,101,sample,1078,triangle_1078,sailWall,-0.10984999999938942,0.34050557429821776,0.20802392429646424,1.0,8.497239745757145e-16,-2.9345067082739467e-12,0.0011461016578885972,-8.080992028387935e-14,7484.538922892781,-1319.726150268671,-2.8084977132780923e-08,1.849297755679573e-07,-3.819833521460372e-08,-5.148976517920795e-08,-1.0021814083951423e-08,-1.0985129584827104e-08,-5.148976517920795e-08,-1.0021814083951423e-08,-1.0985129584827104e-08,9,False,250.0
b712773f15e0f684,20270301_h250_r0_p90_y80_TPMC_N400000_S101,101,sample,1079,triangle_1079,sailWall,-0.10985000000061058,-0.34050557429821704,-0.20802392429581998,1.0,-1.8275417116717244e-16,-2.9367571206411274e-12,0.0011461016578885662,-8.080992028387935e-14,7484.538922892781,-1319.726150268671,-2.3611325410214665e-08,1.3043516640347963e-07,-2.6676298181471322e-08,3.635972394747875e-08,1.9994641662102176e-09,-2.239421080646025e-08,3.635972394747875e-08,1.9994641662102176e-09,-2.239421080646025e-08,10,False,250.0
b712773f15e0f684,20270301_h250_r0_p90_y80_TPMC_N400000_S101,101,sample,1080,triangle_1080,sailWall,-0.10985000000102724,0.31286244208490355,-0.34997461500513394,1.0,-7.994024117900065e-16,-2.9359514531383114e-12,0.0011729749922498444,-8.080992028387935e-14,7484.538922892781,-1319.726150268671,-2.2350590713098286e-08,1.5946143762563261e-07,-3.828579819325765e-08,4.386244035778424e-08,3.6032424110311772e-09,-1.0519436345701917e-08,4.386244035778424e-08,3.6032424110311772e-09,-1.0519436345701917e-08,9,False,250.0
b712773f15e0f684,20270301_h250_r0_p90_y80_TPMC_N400000_S101,101,sample,1081,triangle_1081,sailWall,-0.10984999999897277,-0.3128624420849035,0.34997461500577903,1.0,-7.994024117933692e-16,-2.935951453138312e-12,0.0011729749922498444,-8.080992028387935e-14,7484.538922892781,-1319.726150268671,-3.655756687765111e-08,1.827010803720114e-07,-1.6268101827655454e-08,-5.8732219484084266e-08,-1.4443323528638e-08,-3.1508686509150387e-08,-5.8732219484084266e-08,-1.4443323528638e-08,-3.1508686509150387e-08,12,False,250.0
b712773f15e0f684,20270301_h250_r0_p90_y80_TPMC_N400000_S101,101,sample,1082,triangle_1082,sailWall,-0.1098499999989726,0.3126459363428042,0.3500239761443364,1.0,-1.6147603866877516e-17,-2.9341058355993748e-12,0.0011864951069685576,-8.080992028387935e-14,7484.538922892781,-1319.726150268671,-1.7880904745116853e-08,1.1859114281715843e-07,-1.5044084181185257e-08,-4.62014671499522e-08,-7.931953940584124e-09,-7.405906941648399e-09,-4.62014671499522e-08,-7.931953940584124e-09,-7.405906941648399e-09,7,False,250.0
b712773f15e0f684,20270301_h250_r0_p90_y80_TPMC_N400000_S101,101,sample,1083,triangle_1083,sailWall,-0.1098500000010274,-0.3126459363428041,-0.35002397614369124,1.0,-1.6147603847928778e-17,-2.934105835599361e-12,0.0011864951069685604,-8.080992028387935e-14,7484.538922892781,-1319.726150268671,-3.640637612850324e-08,1.784604568499502e-07,-5.2446049633546496e-08,7.817010042721062e-08,6.864892663865447e-09,-3.110421567787445e-08,7.817010042721062e-08,6.864892663865447e-09,-3.110421567787445e-08,14,False,250.0
b712773f15e0f684,20270301_h250_r0_p90_y80_TPMC_N400000_S101,101,sample,1084,triangle_1084,sailWall,-0.10985000000081113,-0.38760119323160086,-0.27634246596544493,1.0,9.146090082248333e-16,-2.9360645071175027e-12,0.0011418459255126026,-8.080992028387935e-14,7484.538922892781,-1319.726150268671,-3.089512061631189e-08,1.4387654877178957e-07,-3.5612263073327486e-08,5.3302760744358373e-08,4.642847651179155e-09,-2.7634176925218146e-08,5.3302760744358373e-08,4.642847651179155e-09,-2.7634176925218146e-08,13,False,250.0
b712773f15e0f684,20270301_h250_r0_p90_y80_TPMC_N400000_S101,101,sample,1085,triangle_1085,sailWall,-0.10985000000113775,0.27633127468803725,-0.38761327503846427,1.0,-1.2054322171938014e-15,-2.9346530537999235e-12,0.0011409928834172354,-8.080992028387935e-14,7484.538922892781,-1319.726150268671,-1.9763224842047243e-08,1.0563143578334204e-07,-9.953627169493546e-09,3.878579239853989e-08,6.676353669811049e-09,-6.1236880976388566e-09,3.878579239853989e-08,6.676353669811049e-09,-6.1236880976388566e-09,5,False,250.0
b712773f15e0f684,20270301_h250_r0_p90_y80_TPMC_N400000_S101,101,sample,1086,triangle_1086,sailWall,-0.10984999999918887,0.3876011932316008,0.27634246596608986,1.0,9.14609008231741e-16,-2.9360645071175043e-12,0.001141845925512604,-8.080992028387935e-14,7484.538922892781,-1319.726150268671,-1.4620530800538392e-08,8.143631748337635e-08,-6.3446219884659145e-09,-2.4240429360130396e-08,-4.620527889365558e-09,-3.1644408214771248e-09,-2.4240429360130396e-08,-4.620527889365558e-09,-3.1644408214771248e-09,5,False,250.0
b712773f15e0f684,20270301_h250_r0_p90_y80_TPMC_N400000_S101,101,sample,1087,triangle_1087,sailWall,-0.10984999999886226,-0.27633127468803714,0.3876132750391093,1.0,-1.2054322171929333e-15,-2.9346530537999203e-12,0.001140992883417239,-8.080992028387935e-14,7484.538922892781,-1319.726150268671,-2.0897365768908206e-08,1.1573620520625688e-07,-2.105762293187024e-08,-3.9583450814798535e-08,-1.046175030535141e-08,-1.8412519236618736e-08,-3.9583450814798535e-08,-1.046175030535141e-08,-1.8412519236618736e-08,7,False,250.0
b712773f15e0f684,20270301_h250_r0_p90_y80_TPMC_N400000_S101,101,sample,1088,triangle_1088,sailWall,-0.10984999999929647,0.42507472588227957,0.23968273321185452,1.0,-1.072601335630811e-15,-2.934457075776222e-12,0.0011170418709917382,-8.080992028387935e-14,7484.538922892781,-1319.726150268671,-1.5152447797234248e-08,9.447814430595625e-08,-1.0355831161888683e-08,-2.6161170258358545e-08,-4.633751611961332e-09,-3.921969271944935e-09,-2.6161170258358545e-08,-4.633751611961332e-09,-3.921969271944935e-09,4,False,250.0
b712773f15e0f684,20270301_h250_r0_p90_y80_TPMC_N400000_S101,101,sample,1089,triangle_1089,sailWall,-0.10985000000070354,-0.42507472588227957,-0.23968273321120948,1.0,-8.43901974560264e-16,-2.934225962189433e-12,0.0011170418709917369,-8.080992028387935e-14,7484.538922892781,-1319.726150268671,-3.319458144870217e-08,1.8835426979547264e-07,-3.261953744330796e-08,5.8606399314040966e-08,4.230491687973406e-09,-3.489203076552641e-08,5.8606399314040966e-08,4.230491687973406e-09,-3.489203076552641e-08,13,False,250.0
b712773f15e0f684,20270301_h250_r0_p90_y80_TPMC_N400000_S101,101,sample,1090,triangle_1090,sailWall,-0.10985000000124773,0.2396813442231621,-0.42507622539703255,1.0,4.368563793253205e-16,-2.9354952483944815e-12,0.001116945828156639,-8.080992028387935e-14,7484.538922892781,-1319.726150268671,-2.063726391733463e-08,8.377673127295353e-08,-8.869048189819189e-09,3.363921822801571e-08,7.81748072536947e-09,-4.079733066632042e-09,3.363921822801571e-08,7.81748072536947e-09,-4.079733066632042e-09,4,False,250.0
b712773f15e0f684,20270301_h250_r0_p90_y80_TPMC_N400000_S101,101,sample,1091,triangle_1091,sailWall,-0.10984999999875229,-0.23968036432614395,0.42507685834291103,1.0,-1.3626159867690923e-15,-2.9339377424344747e-12,0.0011170287621142688,-8.080992028387935e-14,7484.538922892781,-1319.726150268671,-8.545956178021988e-09,5.334267177673566e-08,-4.373328189331951e-09,-2.1784301498101098e-08,-4.150082076000679e-09,-7.93437721228415e-09,-2.1784301498101098e-08,-4.150082076000679e-09,-7.93437721228415e-09,3,False,250.0
b712773f15e0f684,20270301_h250_r0_p90_y80_TPMC_N400000_S101,101,sample,1092,triangle_1092,sailWall,-0.10984999999832586,0.08998418526654922,0.5703630327254402,1.0,4.816839612246631e-16,-2.93632915069066e-12,0.0013147675479834252,-8.080992028387935e-14,7484.538922892781,-1319.726150268671,-1.992502481988101e-08,1.0572490155678991e-07,-1.970178817427702e-08,-6.309185892732531e-08,-1.37151849204254e-08,-9.678022117607546e-09,-6.309185892732531e-08,-1.37151849204254e-08,-9.678022117607546e-09,6,False,250.0
b712773f15e0f684,20270301_h250_r0_p90_y80_TPMC_N400000_S101,101,sample,1093,triangle_1093,sailWall,-0.10985000000145762,-0.16496825651567762,-0.4965850717177453,1.0,-7.732127732955472e-16,-2.935099400784652e-12,0.001135113385436791,-8.080992028387935e-14,7484.538922892781,-1319.726150268671,-2.848291813555633e-08,1.1453250297646518e-07,-1.767794885444455e-08,6.044911666823226e-08,1.230186317412271e-08,-1.7422123129761657e-08,6.044911666823226e-08,1.230186317412271e-08,-1.7422123129761657e-08,9,False,250.0
b712773f15e0f684,20270301_h250_r0_p90_y80_TPMC_N400000_S101,101,sample,1094,triangle_1094,sailWall,-0.1098499999995158,-0.49658507171806815,0.1649682565159995,1.0,-2.558007802935635e-16,-2.933616839797976e-12,0.0011351133854367998,-8.080992028387935e-14,7484.538922892781,-1319.726150268671,-2.404483044185642e-08,1.2694915231510007e-07,-1.9751050019194983e-08,-1.1068105974170142e-08,-6.151848494309655e-09,-2.567296735587722e-08,-1.1068105974170142e-08,-6.151848494309655e-09,-2.567296735587722e-08,8,False,250.0
b712773f15e0f684,20270301_h250_r0_p90_y80_TPMC_N400000_S101,101,sample,1095,triangle_1095,sailWall,-0.10984999999854243,0.16496757994532762,0.4965852824223464,1.0,7.413019066997064e-16,-2.9336572472907705e-12,0.0011351711602570948,-8.080992028387935e-14,7484.538922892781,-1319.726150268671,-2.125841585667752e-08,1.155707015112329e-07,-1.6393228868071968e-08,-6.04941607857165e-08,-1.2419472453607536e-08,-9.027260355344023e-09,-6.04941607857165e-08,-1.2419472453607536e-08,-9.027260355344023e-09,6,False,250.0
b712773f15e0f684,20270301_h250_r0_p90_y80_TPMC_N400000_S101,101,sample,1096,triangle_1096,sailWall,-0.1098499999995482,0.2553094563582409,0.1539366960535607,1.0,6.84259430511657e-16,-2.9353635090481726e-12,0.0010315600163871052,-8.080992028387935e-14,7484.538922892781,-1319.726150268671,-3.5784985892607645e-08,1.9455808002676038e-07,-3.9172264261411454e-08,-3.997663945442189e-08,-9.76710783145253e-09,-1.2073127642311469e-08,-3.997663945442189e-08,-9.76710783145253e-09,-1.2073127642311469e-08,10,False,250.0
b712773f15e0f684,20270301_h250_r0_p90_y80_TPMC_N400000_S101,101,sample,1097,triangle_1097,sailWall,-0.1098500000007494,0.15393669605323843,-0.25530945635791913,1.0,-7.685059461805296e-16,-2.9350194125643317e-12,0.0010315600163871138,-8.080992028387935e-14,7484.538922892781,-1319.726150268671,-2.903080620554113e-08,1.0614404571403745e-07,-1.4243754627648146e-08,2.498907044495293e-08,5.9442746628559245e-09,-7.179655041821584e-09,2.498907044495293e-08,5.9442746628559245e-09,-7.179655041821584e-09,10,False,250.0
b712773f15e0f684,20270301_h250_r0_p90_y80_TPMC_N400000_S101,101,sample,1098,triangle_1098,sailWall,-0.10985000000045186,-0.2553094563582403,-0.15393669605291607,1.0,-1.6400561575742894e-15,-2.9353437534152923e-12,0.0010315600163870852,-8.080992028387935e-14,7484.538922892781,-1319.726150268671,-3.829370471082758e-08,1.54540195402784e-07,-3.735050853293564e-08,3.3534471758931815e-08,1.7366891570646186e-09,-2.6673127658723495e-08,3.3534471758931815e-08,1.7366891570646186e-09,-2.6673127658723495e-08,14,False,250.0
b712773f15e0f684,20270301_h250_r0_p90_y80_TPMC_N400000_S101,101,sample,1099,triangle_1099,sailWall,-0.10984999999925064,-0.1539366960532389,0.25530945635856345,1.0,-5.056216176337264e-16,-2.937166970490732e-12,0.0010315600163871015,-8.080992028387935e-14,7484.538922892781,-1319.726150268671,-1.692529355229245e-08,7.699434831287581e-08,-1.2476968755574425e-08,-1.7239688502462916e-08,-5.6912430738214625e-09,-1.104771769133754e-08,-1.7239688502462916e-08,-5.6912430738214625e-09,-1.104771769133754e-08,6,False,250.0
b712773f15e0f684,20270301_h250_r0_p90_y80_TPMC_N400000_S101,101,sample,1100,triangle_1100,sailWall,-0.10985000000111293,0.304960255054945,-0.37917024514938413,1.0,-4.156261843585219e-16,-2.934451065490055e-12,0.0011615524228200797,-8.080992028387935e-14,7484.538922892781,-1319.726150268671,-1.328732809344588e-08,6.984055445150238e-08,-1.2062175440346701e-08,2.3443993733120852e-08,3.818871535038306e-09,-3.6512435605518193e-09,2.3443993733120852e-08,3.818871535038306e-09,-3.6512435605518193e-09,4,False,250.0
b712773f15e0f684,20270301_h250_r0_p90_y80_TPMC_N400000_S101,101,sample,1101,triangle_1101,sailWall,-0.10985000000089518,-0.3791594486411576,-0.304970255770892,1.0,4.854224094654085e-16,-2.9343812692649954e-12,0.0011615967149430143,-8.080992028387935e-14,7484.538922892781,-1319.726150268671,-1.87335691137335e-08,9.79624090316889e-08,-2.5013164427598097e-08,3.881837121776521e-08,2.8640536711110217e-09,-1.7969455835721044e-08,3.881837121776521e-08,2.8640536711110217e-09,-1.7969455835721044e-08,8,False,250.0
b712773f15e0f684,20270301_h250_r0_p90_y80_TPMC_N400000_S101,101,sample,1102,triangle_1102,sailWall,-0.10984999999910483,0.3791594486411576,0.30497025577153697,1.0,4.85422409468971e-16,-2.934381269264984e-12,0.001161596714943021,-8.080992028387935e-14,7484.538922892781,-1319.726150268671,-2.5533898283978618e-08,1.7134540697714096e-07,-3.6571338502292476e-08,-6.643514419095924e-08,-1.1924213661309479e-08,-9.306703915378087e-09,-6.643514419095924e-08,-1.1924213661309479e-08,-9.306703915378087e-09,9,False,250.0
b712773f15e0f684,20270301_h250_r0_p90_y80_TPMC_N400000_S101,101,sample,1103,triangle_1103,sailWall,-0.10984999999888707,-0.304960255054945,0.37917024515002923,1.0,-4.15626184361238e-16,-2.934451065490053e-12,0.001161552422820081,-8.080992028387935e-14,7484.538922892781,-1319.726150268671,-1.7971926854121e-08,9.14380607688427e-08,-1.1479940099804458e-08,-3.058926260329069e-08,-7.930526473030739e-09,-1.5509827990993806e-08,-3.058926260329069e-08,-7.930526473030739e-09,-1.5509827990993806e-08,6,False,250.0
b712773f15e0f684,20270301_h250_r0_p90_y80_TPMC_N400000_S101,101,sample,1104,triangle_1104,sailWall,-0.10985000000037987,0.534061678627555,-0.12940889949743564,1.0,-5.738521417745999e-16,-2.9372402768210953e-12,0.0011649083929405946,-8.080992028387935e-14,7484.538922892781,-1319.726150268671,0.0,0.0,0.0,0.0,0.0,0.0,0.0,0.0,0.0,0,True,250.0
b712773f15e0f684,20270301_h250_r0_p90_y80_TPMC_N400000_S101,101,sample,1105,triangle_1105,sailWall,-0.10985000000143712,-0.1931878330801733,-0.4895947622665229,0.9999999999999999,-3.472183773589232e-16,-2.9352139100518202e-12,0.0012365739695012943,-8.080992028387935e-14,7484.538922892781,-1319.726150268671,-2.5192542997681124e-08,9.883297505274359e-08,-2.2724784907779623e-08,5.1645425874623e-08,9.604847059246298e-09,-1.5738879056765644e-08,5.1645425874623e-08,9.604847059246298e-09,-1.5738879056765644e-08,6,False,250.0
b712773f15e0f684,20270301_h250_r0_p90_y80_TPMC_N400000_S101,101,sample,1106,triangle_1106,sailWall,-0.109849999999433,-0.4895947622668457,0.19318783308049534,1.0,-4.663970635703044e-16,-2.934400294610841e-12,0.0012365739695012995,-8.080992028387935e-14,7484.538922892781,-1319.726150268671,-2.897470118087105e-08,1.2245128020969275e-07,-2.418833836917595e-08,-1.1478276948225203e-08,-8.094074930979765e-09,-2.7337294529177034e-08,-1.1478276948225203e-08,-8.094074930979765e-09,-2.7337294529177034e-08,10,False,250.0
b712773f15e0f684,20270301_h250_r0_p90_y80_TPMC_N400000_S101,101,sample,1107,triangle_1107,sailWall,-0.10985000000056706,0.48960008053807164,-0.19318114665982633,1.0,-1.0037944531432147e-16,-2.9347663122291055e-12,0.0012366501177830797,-8.080992028387935e-14,7484.538922892781,-1319.726150268671,-1.8516911132879843e-08,1.0431688040559004e-07,-1.1050253495367341e-08,1.4434644485246091e-08,2.326324317430362e-09,-2.4192191648444422e-09,1.4434644485246091e-08,2.326324317430362e-09,-2.4192191648444422e-09,6,False,250.0
b712773f15e0f684,20270301_h250_r0_p90_y80_TPMC_N400000_S101,101,sample,1108,triangle_1108,sailWall,-0.10984999999856297,0.1931878330801732,0.4895947622671679,1.0,1.1102653112364585e-15,-2.9337564263632387e-12,0.0012365739695012889,-8.080992028387935e-14,7484.538922892781,-1319.726150268671,-2.761315403413578e-08,1.5047916489474506e-07,-2.7199632087813077e-08,-7.751840770638518e-08,-1.6329749958480256e-08,-1.1196057963703371e-08,-7.751840770638518e-08,-1.6329749958480256e-08,-1.1196057963703371e-08,8,False,250.0
b712773f15e0f684,20270301_h250_r0_p90_y80_TPMC_N400000_S101,101,sample,1109,triangle_1109,sailWall,-0.10984999999932137,0.45373824444973154,0.2312052598594072,1.0,2.231752121863899e-15,-2.9352530186709553e-12,0.0011163023259699678,-8.080992028387935e-14,7484.538922892781,-1319.726150268671,-2.539196204442808e-08,1.520140969727072e-07,-2.149548697862991e-08,-4.5348632376247595e-08,-8.229920205818348e-09,-5.213820695762845e-09,-4.5348632376247595e-08,-8.229920205818348e-09,-5.213820695762845e-09,7,False,250.0
b712773f15e0f684,20270301_h250_r0_p90_y80_TPMC_N400000_S101,101,sample,1110,triangle_1110,sailWall,-0.10985000000133187,0.23120506143217537,-0.45373845866584767,1.0,4.740669211645747e-16,-2.93534075859556e-12,0.0011163014471580063,-8.080992028387935e-14,7484.538922892781,-1319.726150268671,-2.1448026770937816e-08,1.3229867369092604e-07,-2.621734487312688e-08,5.2910919068965244e-08,6.742942057579097e-09,-9.45996069588594e-09,5.2910919068965244e-08,6.742942057579097e-09,-9.45996069588594e-09,7,False,250.0
b712773f15e0f684,20270301_h250_r0_p90_y80_TPMC_N400000_S101,101,sample,1111,triangle_1111,sailWall,-0.10985000000067867,-0.4537382444497315,-0.23120525985876209,1.0,3.5253522782149846e-16,-2.9345141564466403e-12,0.00111630232596997,-8.080992028387935e-14,7484.538922892781,-1319.726150268671,-3.5581965090896084e-08,1.5820628160006397e-07,-2.4065564980299985e-08,4.810882116829209e-08,5.637810113258935e-09,-3.360505764285965e-08,4.810882116829209e-08,5.637810113258935e-09,-3.360505764285965e-08,12,False,250.0
b712773f15e0f684,20270301_h250_r0_p90_y80_TPMC_N400000_S101,101,sample,1112,triangle_1112,sailWall,-0.1098499999986682,-0.23120408153515729,0.45373909161172615,1.0,-1.278453006629268e-15,-2.9335882386677666e-12,0.0011163207577639023,-8.080992028387935e-14,7484.538922892781,-1319.726150268671,-2.9175900362840606e-08,1.5657610916063444e-07,-2.004764761458426e-08,-6.598293947478082e-08,-1.5356484221691926e-08,-2.3907806109939473e-08,-6.598293947478082e-08,-1.5356484221691926e-08,-2.3907806109939473e-08,9,False,250.0
b712773f15e0f684,20270301_h250_r0_p90_y80_TPMC_N400000_S101,101,sample,1113,triangle_1113,sailWall,-0.10985000000074767,-0.20571641132528193,-0.2547149459672416,1.0,-1.1816502625466133e-15,-2.9346489256080266e-12,0.0010392636725955842,-8.080992028387935e-14,7484.538922892781,-1319.726150268671,-3.8101785543598164e-08,1.2500505867025233e-07,-2.960182262321076e-08,3.80915040927621e-08,6.3862820596460036e-09,-2.1624265176766426e-08,3.80915040927621e-08,6.3862820596460036e-09,-2.1624265176766426e-08,11,False,250.0
b712773f15e0f684,20270301_h250_r0_p90_y80_TPMC_N400000_S101,101,sample,1114,triangle_1114,sailWall,-0.10984999999925237,0.20571641132528173,0.2547149459678871,1.0,-1.1811526363241762e-15,-2.936706466838025e-12,0.0010392636725955868,-8.080992028387935e-14,7484.538922892781,-1319.726150268671,-2.217339528158679e-08,1.0453168938593945e-07,-1.8100133954479715e-08,-2.9480446765928368e-08,-7.4490119735830226e-09,-7.004438014604672e-09,-2.9480446765928368e-08,-7.4490119735830226e-09,-7.004438014604672e-09,5,False,250.0
b712773f15e0f684,20270301_h250_r0_p90_y80_TPMC_N400000_S101,101,sample,1115,triangle_1115,sailWall,-0.1098499999993962,-0.25471423933507326,0.20571716959290057,1.0,-8.969233161290654e-16,-2.9361191256823555e-12,0.0010392102304482556,-8.080992028387935e-14,7484.538922892781,-1319.726150268671,-3.145223726369857e-08,4.611195899212419e-08,-3.7979420370852895e-09,-9.216044156671757e-09,-7.030887665948887e-09,-1.3073700080675675e-08,-9.216044156671757e-09,-7.030887665948887e-09,-1.3073700080675675e-08,12,False,250.0
b712773f15e0f684,20270301_h250_r0_p90_y80_TPMC_N400000_S101,101,sample,1116,triangle_1116,sailWall,-0.1098500000006038,0.25471423933507203,-0.20571716959225608,1.0,-5.53995161869732e-16,-2.9361190306077575e-12,0.0010392102304482473,-8.080992028387935e-14,7484.538922892781,-1319.726150268671,-3.7365135571329755e-08,2.756699014990343e-07,-4.281466532726944e-08,4.423353470165625e-08,2.7429120967741055e-09,-2.064138448753494e-08,4.423353470165625e-08,2.7429120967741055e-09,-2.064138448753494e-08,14,False,250.0
b712773f15e0f684,20270301_h250_r0_p90_y80_TPMC_N400000_S101,101,sample,1117,triangle_1117,sailWall,-0.1098500000008943,0.37889389632161713,-0.3046833700054971,1.0,8.202648911574868e-16,-2.9356869565655618e-12,0.0011923442557228855,-8.080992028387935e-14,7484.538922892781,-1319.726150268671,-1.7497133364891124e-08,1.2446769660618012e-07,-2.279280644121962e-08,2.8614306565905884e-08,2.7666771132200085e-09,-6.99270662663866e-09,2.8614306565905884e-08,2.7666771132200085e-09,-6.99270662663866e-09,6,False,250.0
b712773f15e0f684,20270301_h250_r0_p90_y80_TPMC_N400000_S101,101,sample,1118,triangle_1118,sailWall,-0.10984999999888707,0.30473657714442387,0.3791721917811788,1.0,1.4038097906068278e-16,-2.9347263106953874e-12,0.0011738935190271343,-8.080992028387935e-14,7484.538922892781,-1319.726150268671,-1.4671688002162662e-08,9.896752776654319e-08,-1.491571865509903e-08,-4.2498191688078327e-08,-7.264560235401849e-09,-6.400473488346894e-09,-4.2498191688078327e-08,-7.264560235401849e-09,-6.400473488346894e-09,5,False,250.0
b712773f15e0f684,20270301_h250_r0_p90_y80_TPMC_N400000_S101,101,sample,1119,triangle_1119,sailWall,-0.1098499999991057,-0.3788938963216171,0.30468337000614215,1.0,6.043293649018614e-16,-2.9354710210393154e-12,0.0011923442557228846,-8.080992028387935e-14,7484.538922892781,-1319.726150268671,-3.987098386146565e-08,2.226301902249956e-07,-4.4351950470516356e-08,-5.0706719953825947e-08,-1.6880949195789787e-08,-3.939990335333582e-08,-5.0706719953825947e-08,-1.6880949195789787e-08,-3.939990335333582e-08,12,False,250.0
b712773f15e0f684,20270301_h250_r0_p90_y80_TPMC_N400000_S101,101,sample,1120,triangle_1120,sailWall,-0.10985000000111293,-0.30473657714442387,-0.37917219178053374,1.0,1.4038097908117887e-16,-2.9347263106953805e-12,0.0011738935190271345,-8.080992028387935e-14,7484.538922892781,-1319.726150268671,-2.597579701496806e-08,1.227334643106529e-07,-2.1879116607225387e-08,5.340050577426886e-08,7.486724503136294e-09,-2.15129414533831e-08,5.340050577426886e-08,7.486724503136294e-09,-2.15129414533831e-08,8,False,250.0
b712773f15e0f684,20270301_h250_r0_p90_y80_TPMC_N400000_S101,101,sample,1121,triangle_1121,sailWall,-0.10984999999856145,-0.19370244602868247,0.4901200357103552,1.0,-8.909541908082801e-16,-2.9339757374835924e-12,0.0011786960821743154,-8.080992028387935e-14,7484.538922892781,-1319.726150268671,-3.091836150153435e-08,1.942470490351587e-07,-3.076774945785695e-08,-8.976045812028109e-08,-1.8655255187061164e-08,-2.7426554031454405e-08,-8.976045812028109e-08,-1.8655255187061164e-08,-2.7426554031454405e-08,11,False,250.0
b712773f15e0f684,20270301_h250_r0_p90_y80_TPMC_N400000_S101,101,sample,1122,triangle_1122,sailWall,-0.10984999999943142,0.4901162380386326,0.19370832541111213,1.0,-1.1686567054185806e-15,-2.933417269261531e-12,0.0011785802185389092,-8.080992028387935e-14,7484.538922892781,-1319.726150268671,-1.649682838831844e-08,1.2833567357267156e-07,-1.82025101719411e-08,-3.368851077508898e-08,-5.1574445743020715e-09,-6.005063096794373e-09,-3.368851077508898e-08,-5.1574445743020715e-09,-6.005063096794373e-09,7,False,250.0
b712773f15e0f684,20270301_h250_r0_p90_y80_TPMC_N400000_S101,101,sample,1123,triangle_1123,sailWall,-0.10985000000143863,0.1937083254107902,-0.4901162380383093,1.0,3.302683366784244e-16,-2.9351969600110835e-12,0.0011785802185389248,-8.080992028387935e-14,7484.538922892781,-1319.726150268671,-1.9612695539318468e-08,1.1672595783447503e-07,-2.337611900367383e-08,5.2348868496227825e-08,6.991677355100936e-09,-9.144442899667327e-09,5.2348868496227825e-08,6.991677355100936e-09,-9.144442899667327e-09,6,False,250.0
b712773f15e0f684,20270301_h250_r0_p90_y80_TPMC_N400000_S101,101,sample,1124,triangle_1124,sailWall,-0.10985000000056859,-0.4901162380386324,-0.193708325410467,1.0,-6.510590481980634e-16,-2.935517750722664e-12,0.0011785802185389168,-8.080992028387935e-14,7484.538922892781,-1319.726150268671,-3.1994585119215036e-08,1.332076237975002e-07,-2.9016108946576916e-08,4.100254100057869e-08,3.1755858568745795e-09,-3.0264892292515415e-08,4.100254100057869e-08,3.1755858568745795e-09,-3.0264892292515415e-08,11,False,250.0
b712773f15e0f684,20270301_h250_r0_p90_y80_TPMC_N400000_S101,101,sample,1125,triangle_1125,sailWall,-0.10985000000048661,-0.4974775143512362,-0.1657809273612618,1.0,-8.18593977634493e-16,-2.934837871267135e-12,0.0010951644737108913,-8.080992028387935e-14,7484.538922892781,-1319.726150268671,-3.2775814442607e-08,1.4979445933131675e-07,-3.0161282245670735e-08,3.8966394018455696e-08,1.9426133464561966e-09,-3.2867416614636474e-08,3.8966394018455696e-08,1.9426133464561966e-09,-3.2867416614636474e-08,9,False,250.0
b712773f15e0f684,20270301_h250_r0_p90_y80_TPMC_N400000_S101,101,sample,1126,triangle_1126,sailWall,-0.10984999999951339,0.49747751435123627,0.1657809273619068,1.0,-2.6157229313220547e-16,-2.9370983407755103e-12,0.0010951644737108896,-8.080992028387935e-14,7484.538922892781,-1319.726150268671,-1.600919879011579e-08,1.1671718507850989e-07,-2.4521349166014014e-08,-3.189059143492885e-08,-5.398528239615725e-09,-4.8914209709823486e-09,-3.189059143492885e-08,-5.398528239615725e-09,-4.8914209709823486e-09,7,False,250.0
b712773f15e0f684,20270301_h250_r0_p90_y80_TPMC_N400000_S101,101,sample,1127,triangle_1127,sailWall,-0.10985000000146022,0.16578092736158476,-0.4974775143509131,1.0,2.6803927642301036e-16,-2.935212294407694e-12,0.0010951644737109108,-8.080992028387935e-14,7484.538922892781,-1319.726150268671,-1.6961741388980515e-08,8.748564156209238e-08,-2.0261134111246017e-08,4.0388451082365456e-08,6.290571950146269e-09,-6.862251975241148e-09,4.0388451082365456e-08,6.290571950146269e-09,-6.862251975241148e-09,5,False,250.0
b712773f15e0f684,20270301_h250_r0_p90_y80_TPMC_N400000_S101,101,sample,1128,triangle_1128,sailWall,-0.10984999999955007,-0.2834120700370441,0.15329476350831914,1.0,7.462213540137038e-16,-2.9341507081790447e-12,0.0011678979955166762,-8.080992028387935e-14,7484.538922892781,-1319.726150268671,-3.3731060745641157e-08,6.214389175974138e-08,-1.2233779971278142e-08,-6.435235368244257e-09,-6.74293654389712e-09,-1.6307847494787907e-08,-6.435235368244257e-09,-6.74293654389712e-09,-1.6307847494787907e-08,12,False,250.0
b712773f15e0f684,20270301_h250_r0_p90_y80_TPMC_N400000_S101,101,sample,1129,triangle_1129,sailWall,-0.10984999999916813,0.15329398417771978,0.2834127962985387,1.0,1.4941360608097685e-16,-2.9356210958219097e-12,0.0011678350661180577,-8.080992028387935e-14,7484.538922892781,-1319.726150268671,-2.350218282725771e-08,1.7651289139530354e-07,-2.5634495675054334e-08,-5.3090501281766276e-08,-9.394128373488803e-09,-1.58813795957924e-08,-5.3090501281766276e-08,-9.394128373488803e-09,-1.58813795957924e-08,8,False,250.0
b712773f15e0f684,20270301_h250_r0_p90_y80_TPMC_N400000_S101,101,sample,1130,triangle_1130,sailWall,-0.10985000000044993,0.2834120700370433,-0.15329476350767468,1.0,4.3559093257807896e-16,-2.934146867421085e-12,0.0011678979955166689,-8.080992028387935e-14,7484.538922892781,-1319.726150268671,-2.7232348840793312e-08,1.7067896590742787e-07,-2.834752352424225e-08,1.8470742640669606e-08,1.187444590461916e-09,-1.1134998817518175e-08,1.8470742640669606e-08,1.187444590461916e-09,-1.1134998817518175e-08,8,False,250.0
b712773f15e0f684,20270301_h250_r0_p90_y80_TPMC_N400000_S101,101,sample,1131,triangle_1131,sailWall,-0.10985000000083185,-0.15329398417772033,-0.2834127962978934,1.0,-1.141208446679028e-16,-2.935466230883861e-12,0.0011678350661180538,-8.080992028387935e-14,7484.538922892781,-1319.726150268671,-1.9712870224787398e-08,8.430323532997905e-08,-2.355532431515557e-08,2.753850928187467e-08,3.0641058993334116e-09,-1.2380073137041804e-08,2.753850928187467e-08,3.0641058993334116e-09,-1.2380073137041804e-08,9,False,250.0
b712773f15e0f684,20270301_h250_r0_p90_y80_TPMC_N400000_S101,101,sample,1132,triangle_1132,sailWall,-0.10984999999843174,-0.1299557540831595,0.5342903852170532,1.0,8.088051120524748e-16,-2.9350854595627685e-12,0.0011233771059817271,-8.080992028387935e-14,7484.538922892781,-1319.726150268671,-1.4444203401290687e-08,8.684352581640456e-08,-1.5426514003244874e-08,-4.46017376292058e-08,-9.440003485478927e-09,-1.1286859891977325e-08,-4.46017376292058e-08,-9.440003485478927e-09,-1.1286859891977325e-08,5,False,250.0
b712773f15e0f684,20270301_h250_r0_p90_y80_TPMC_N400000_S101,101,sample,1133,triangle_1133,sailWall,-0.1098499999994718,-0.29782402977891825,0.17996341260182377,1.0,9.268545801152871e-16,-2.9344607342946558e-12,0.0011990512736103436,-8.080992028387935e-14,7484.538922892781,-1319.726150268671,-4.753253053132399e-08,2.401250447371456e-07,-3.868439754424923e-08,-3.049652659658021e-08,-1.2693500715895074e-08,-4.034576532409968e-08,-3.049652659658021e-08,-1.2693500715895074e-08,-4.034576532409968e-08,19,False,250.0
b712773f15e0f684,20270301_h250_r0_p90_y80_TPMC_N400000_S101,101,sample,1134,triangle_1134,sailWall,-0.10984999999912583,0.17995886299772276,0.2978282695741941,1.0,9.875113204891935e-16,-2.935132804221138e-12,0.0011988830503000042,-8.080992028387935e-14,7484.538922892781,-1319.726150268671,-1.9528954205768782e-08,1.0118071231613985e-07,-1.9314216073836024e-08,-3.3399249976512386e-08,-7.926611574247162e-09,-7.67265190480487e-09,-3.3399249976512386e-08,-7.926611574247162e-09,-7.67265190480487e-09,5,False,250.0
b712773f15e0f684,20270301_h250_r0_p90_y80_TPMC_N400000_S101,101,sample,1135,triangle_1135,sailWall,-0.10985000000052823,0.29782402977891725,-0.17996341260117946,1.0,1.8285227021286e-15,-2.9365375971619164e-12,0.0011990512736103538,-8.080992028387935e-14,7484.538922892781,-1319.726150268671,-2.214437803847012e-08,1.2692460205062204e-07,-2.2318475465502303e-08,1.6947566513625597e-08,1.6827107793050854e-09,-7.3815703190856126e-09,1.6947566513625597e-08,1.6827107793050854e-09,-7.3815703190856126e-09,6,False,250.0
b712773f15e0f684,20270301_h250_r0_p90_y80_TPMC_N400000_S101,101,sample,1136,triangle_1136,sailWall,-0.10985000000087419,-0.17995886299772326,-0.2978282695735488,1.0,-1.0896219318513731e-15,-2.936034576291832e-12,0.0011988830503000011,-8.080992028387935e-14,7484.538922892781,-1319.726150268671,-5.989600944679166e-08,2.430160488132948e-07,-5.1746372236144684e-08,8.148094407865679e-08,1.2035724674798347e-08,-3.753781178401347e-08,8.148094407865679e-08,1.2035724674798347e-08,-3.753781178401347e-08,22,False,250.0
b712773f15e0f684,20270301_h250_r0_p90_y80_TPMC_N400000_S101,101,sample,1137,triangle_1137,sailWall,-0.109850000000151,0.6083888525477488,-0.05144421624409921,1.0,8.713946213981899e-16,-2.9334364939879104e-12,0.0012878013827044676,-8.080992028387935e-14,7484.538922892781,-1319.726150268671,-1.6257233326450752e-09,1.7829978631564204e-08,-5.41501443802133e-09,-2.3504088342366325e-09,-5.042901161155199e-10,-9.548206326231741e-10,-2.3504088342366325e-09,-5.042901161155199e-10,-9.548206326231741e-10,1,False,250.0
b712773f15e0f684,20270301_h250_r0_p90_y80_TPMC_N400000_S101,101,sample,1138,triangle_1138,sailWall,-0.10985000000178576,-0.05144544511888943,-0.6083882513574881,1.0,1.2517984721176331e-16,-2.9343344643741177e-12,0.001287868960355566,-8.080992028387935e-14,7484.538922892781,-1319.726150268671,-8.060734751057285e-09,6.115261607743364e-08,-1.1541655805380763e-08,3.801601243738515e-08,3.6565164354259885e-09,-7.210754361766799e-09,3.801601243738515e-08,3.6565164354259885e-09,-7.210754361766799e-09,3,False,250.0
b712773f15e0f684,20270301_h250_r0_p90_y80_TPMC_N400000_S101,101,sample,1139,triangle_1139,sailWall,-0.10984999999984905,-0.6083882513578106,0.05144544511921136,1.0,1.395899377017136e-16,-2.935534145033212e-12,0.0012878689603555648,-8.080992028387935e-14,7484.538922892781,-1319.726150268671,-3.3873083061005985e-08,1.0830670241980776e-07,-1.6631484055173864e-08,5.11783714585351e-09,-3.396405939991436e-09,-3.251759634530393e-08,5.11783714585351e-09,-3.396405939991436e-09,-3.251759634530393e-08,10,False,250.0
b712773f15e0f684,20270301_h250_r0_p90_y80_TPMC_N400000_S101,101,sample,1140,triangle_1140,sailWall,-0.10985000000165597,-0.12053627881709177,-0.5641719461791991,0.9999999999999999,-7.498505351636208e-16,-2.9356165422096118e-12,0.00112939747716193,-8.080992028387935e-14,7484.538922892781,-1319.726150268671,-2.3110760592157313e-08,1.2456684537201555e-07,-2.553516016523405e-08,7.338455433439271e-08,1.0300525474468e-08,-1.641971959420549e-08,7.338455433439271e-08,1.0300525474468e-08,-1.641971959420549e-08,7,False,250.0
b712773f15e0f684,20270301_h250_r0_p90_y80_TPMC_N400000_S101,101,sample,1141,triangle_1141,sailWall,-0.10985000000035379,0.5641761545090881,-0.1205276766954985,1.0,1.6807029610196038e-15,-2.9365473946354314e-12,0.001129642026358092,-8.080992028387935e-14,7484.538922892781,-1319.726150268671,0.0,0.0,0.0,0.0,0.0,0.0,0.0,0.0,0.0,0,True,250.0
b712773f15e0f684,20270301_h250_r0_p90_y80_TPMC_N400000_S101,101,sample,1142,triangle_1142,sailWall,-0.10984999999964623,-0.5641719461795217,0.12053627881741401,1.0,-3.243906273525591e-16,-2.934916312349683e-12,0.0011293974771619227,-8.080992028387935e-14,7484.538922892781,-1319.726150268671,-2.8720848570644304e-08,1.1651941524617308e-07,-7.839952267925886e-09,-9.111097747696401e-09,-4.304444876743535e-09,-2.9026162083552882e-08,-9.111097747696401e-09,-4.304444876743535e-09,-2.9026162083552882e-08,9,False,250.0
b712773f15e0f684,20270301_h250_r0_p90_y80_TPMC_N400000_S101,101,sample,1143,triangle_1143,sailWall,-0.10984999999834404,0.12053221939499313,0.56417321040358,1.0,-1.1605102012191823e-15,-2.9360272018756857e-12,0.0011295530520181623,-8.080992028387935e-14,7484.538922892781,-1319.726150268671,-2.0989436319562592e-08,1.2619434849889954e-07,-2.5180920210106972e-08,-7.52166035392366e-08,-1.4742172476359713e-08,-1.1266785121933976e-08,-7.52166035392366e-08,-1.4742172476359713e-08,-1.1266785121933976e-08,7,False,250.0
b712773f15e0f684,20270301_h250_r0_p90_y80_TPMC_N400000_S101,101,sample,1144,triangle_1144,sailWall,-0.10985000000100358,-0.34185672761942926,-0.3419044159417856,1.0,5.977254717409138e-16,-2.9342689662027165e-12,0.001182110035982858,-8.080992028387935e-14,7484.538922892781,-1319.726150268671,-4.4689543049485136e-08,1.8094316562542123e-07,-3.0691692978161213e-08,7.297364950521373e-08,1.2048381604254267e-08,-3.521014948303329e-08,7.297364950521373e-08,1.2048381604254267e-08,-3.521014948303329e-08,14,False,250.0
b712773f15e0f684,20270301_h250_r0_p90_y80_TPMC_N400000_S101,101,sample,1145,triangle_1145,sailWall,-0.10984999999899643,0.3418567276194293,0.34190441594243065,1.0,5.977254717394177e-16,-2.9342689662027355e-12,0.0011821100359828477,-8.080992028387935e-14,7484.538922892781,-1319.726150268671,-2.3075892543593942e-08,1.596647693332686e-07,-2.438894965650317e-08,-6.361668759156957e-08,-1.065346049142269e-08,-9.509237349046467e-09,-6.361668759156957e-08,-1.065346049142269e-08,-9.509237349046467e-09,8,False,250.0
b712773f15e0f684,20270301_h250_r0_p90_y80_TPMC_N400000_S101,101,sample,1146,triangle_1146,sailWall,-0.10985000000100341,0.3418495554510154,-0.3418570014343707,1.0,6.895639018728307e-16,-2.9355562555762866e-12,0.0011851482154401631,-8.080992028387935e-14,7484.538922892781,-1319.726150268671,-1.2632755789760543e-08,9.81335785446396e-08,-2.4943736743384255e-08,2.4865065803607145e-08,1.568229179658568e-09,-6.445692167175979e-09,2.4865065803607145e-08,1.568229179658568e-09,-6.445692167175979e-09,5,False,250.0
b712773f15e0f684,20270301_h250_r0_p90_y80_TPMC_N400000_S101,101,sample,1147,triangle_1147,sailWall,-0.1098499999989966,-0.3418495554510153,0.34185700143501574,1.0,6.895639018798205e-16,-2.9355562555762837e-12,0.0011851482154401616,-8.080992028387935e-14,7484.538922892781,-1319.726150268671,-3.08799971277202e-08,1.7871895772127e-07,-2.7098936382810578e-08,-5.215113679993779e-08,-1.3637838889512257e-08,-3.012652300918807e-08,-5.215113679993779e-08,-1.3637838889512257e-08,-3.012652300918807e-08,9,False,250.0
b712773f15e0f684,20270301_h250_r0_p90_y80_TPMC_N400000_S101,101,sample,1148,triangle_1148,sailWall,-0.10985000000046176,0.5264644714868898,-0.15730227543318762,1.0,-8.97860348155935e-17,-2.9347769056396043e-12,0.0011817981648248874,-8.080992028387935e-14,7484.538922892781,-1319.726150268671,-1.2688292443462198e-08,5.311732342560088e-08,-5.8397493931422716e-09,5.377421730899281e-09,1.3688271922615087e-09,9.384962378665877e-10,5.377421730899281e-09,1.3688271922615087e-09,9.384962378665877e-10,3,False,250.0
b712773f15e0f684,20270301_h250_r0_p90_y80_TPMC_N400000_S101,101,sample,1149,triangle_1149,sailWall,-0.10985000000167454,-0.08986255085891774,-0.5704952101121185,1.0,9.251764650801852e-16,-2.935924108635494e-12,0.001326571070651309,-8.080992028387935e-14,7484.538922892781,-1319.726150268671,-3.489441834264167e-08,1.4880989976459692e-07,-3.021291317364122e-08,8.810925518338571e-08,1.681280419562958e-08,-1.9567546617342597e-08,8.810925518338571e-08,1.681280419562958e-08,-1.9567546617342597e-08,13,False,250.0
b712773f15e0f684,20270301_h250_r0_p90_y80_TPMC_N400000_S101,101,sample,1150,triangle_1150,sailWall,-0.10985000000026372,0.5705000196319453,-0.08985271986285708,1.0,1.691341112379175e-15,-2.936489630632006e-12,0.0013260937295389414,-8.080992028387935e-14,7484.538922892781,-1319.726150268671,-2.391650869413074e-09,1.8782085740873676e-08,-4.484840873078979e-09,-1.4029251731638658e-09,-3.4368280847178356e-10,-6.911667222954046e-10,-1.4029251731638658e-09,-3.4368280847178356e-10,-6.911667222954046e-10,1,False,250.0
b712773f15e0f684,20270301_h250_r0_p90_y80_TPMC_N400000_S101,101,sample,1151,triangle_1151,sailWall,-0.10984999999973627,-0.570495210112441,0.08986255085923957,1.0,-4.0539306811391587e-16,-2.9353574569738784e-12,0.0013265710706513241,-8.080992028387935e-14,7484.538922892781,-1319.726150268671,-1.5144203113529952e-08,1.1511032672175882e-07,-2.0304598333246614e-08,1.8650612841964333e-09,-3.5171222969677997e-09,-2.1273307782920074e-08,1.8650612841964333e-09,-3.5171222969677997e-09,-2.1273307782920074e-08,9,False,250.0
b712773f15e0f684,20270301_h250_r0_p90_y80_TPMC_N400000_S101,101,sample,1152,triangle_1152,sailWall,-0.10984999999845363,-0.15759489312768873,0.5268351254621161,1.0,-2.217007235265463e-15,-2.935641774860106e-12,0.0011448818600855982,-8.080992028387935e-14,7484.538922892781,-1319.726150268671,-4.3003282060789836e-08,2.485291003908826e-07,-4.7124956773282536e-08,-1.228767845591267e-07,-2.7718382538242507e-08,-3.417347517135653e-08,-1.228767845591267e-07,-2.7718382538242507e-08,-3.417347517135653e-08,14,False,250.0
b712773f15e0f684,20270301_h250_r0_p90_y80_TPMC_N400000_S101,101,sample,1153,triangle_1153,sailWall,-0.10984999999921274,0.41659963932728267,0.26821431545803703,1.0,-7.868975399686479e-16,-2.935653589214439e-12,0.0011235127797298418,-8.080992028387935e-14,7484.538922892781,-1319.726150268671,-1.3641345297387622e-08,8.069856184996385e-08,-1.2045113885288566e-08,-2.6448634609698914e-08,-4.9211362946332144e-09,-3.1898223318933998e-09,-2.6448634609698914e-08,-4.9211362946332144e-09,-3.1898223318933998e-09,5,False,250.0
b712773f15e0f684,20270301_h250_r0_p90_y80_TPMC_N400000_S101,101,sample,1154,triangle_1154,sailWall,-0.10985000000078726,-0.41659963932728267,-0.2682143154573921,1.0,-4.856405269079141e-16,-2.935726343503996e-12,0.0011235127797298398,-8.080992028387935e-14,7484.538922892781,-1319.726150268671,-2.0209915155848897e-08,9.826213632745633e-08,-2.7442738420556258e-08,3.810394564434078e-08,2.4179257021806276e-09,-1.9302368180525354e-08,3.810394564434078e-08,2.4179257021806276e-09,-1.9302368180525354e-08,7,False,250.0
b712773f15e0f684,20270301_h250_r0_p90_y80_TPMC_N400000_S101,101,sample,1155,triangle_1155,sailWall,-0.10985000000122284,0.2682131248962547,-0.4166009246255962,1.0,-1.521682071004891e-15,-2.9359630887217358e-12,0.0011235075068580685,-8.080992028387935e-14,7484.538922892781,-1319.726150268671,-1.6711653608781746e-08,9.111128549474508e-08,-1.28653640919808e-08,3.424417294774741e-08,5.5308988535498035e-09,-5.39606602482291e-09,3.424417294774741e-08,5.5308988535498035e-09,-5.39606602482291e-09,6,False,250.0
b712773f15e0f684,20270301_h250_r0_p90_y80_TPMC_N400000_S101,101,sample,1156,triangle_1156,sailWall,-0.1098499999987772,-0.26821312489625454,0.4166009246262412,1.0,-1.0125663547091723e-15,-2.9338541253196863e-12,0.0011235075068580674,-8.080992028387935e-14,7484.538922892781,-1319.726150268671,-1.1598863827169743e-08,6.092850395453436e-08,-1.3320544792528625e-08,-2.153152372990514e-08,-6.265336836261359e-09,-9.8694694265173e-09,-2.153152372990514e-08,-6.265336836261359e-09,-9.8694694265173e-09,4,False,250.0
b712773f15e0f684,20270301_h250_r0_p90_y80_TPMC_N400000_S101,101,sample,1157,triangle_1157,sailWall,-0.1098499999997336,0.5701607527511935,0.0907755499369936,1.0,-4.844550519909591e-17,-2.935370952282514e-12,0.001291193899597719,-8.080992028387935e-14,7484.538922892781,-1319.726150268671,-1.5116653262042056e-09,5.5611387078042444e-09,-5.261015033596891e-10,-8.441207172687254e-10,-2.0846650186539819e-10,2.2185241037364275e-10,-8.441207172687254e-10,-2.0846650186539819e-10,2.2185241037364275e-10,1,False,250.0
b712773f15e0f684,20270301_h250_r0_p90_y80_TPMC_N400000_S101,101,sample,1158,triangle_1158,sailWall,-0.1098500000002665,-0.5701607527511935,-0.09077554993634884,1.0,-1.777161004447205e-18,-2.935649611646928e-12,0.0012911938995977046,-8.080992028387935e-14,7484.538922892781,-1319.726150268671,-3.6184728162763524e-08,1.7233375343937692e-07,-2.2113395085474986e-08,2.8074207165978042e-08,8.215939738326734e-10,-3.961975687208317e-08,2.8074207165978042e-08,8.215939738326734e-10,-3.961975687208317e-08,13,False,250.0
b712773f15e0f684,20270301_h250_r0_p90_y80_TPMC_N400000_S101,101,sample,1159,triangle_1159,sailWall,-0.10985000000167357,0.09077554993667135,-0.5701607527508709,1.0,-7.589847387221891e-16,-2.9352968799808935e-12,0.001291193899597721,-8.080992028387935e-14,7484.538922892781,-1319.726150268671,-4.197972328259175e-08,2.1577890275126534e-07,-3.554324468560931e-08,1.192458321461091e-07,2.0024960139840345e-08,-2.003297240579969e-08,1.192458321461091e-07,2.0024960139840345e-08,-2.003297240579969e-08,12,False,250.0
b712773f15e0f684,20270301_h250_r0_p90_y80_TPMC_N400000_S101,101,sample,1160,triangle_1160,sailWall,-0.10985000000022177,0.29845739687242945,-0.07554711782499131,1.0,-2.372350891714321e-16,-2.936053777932658e-12,0.0011467995230568704,-8.080992028387935e-14,7484.538922892781,-1319.726150268671,0.0,0.0,0.0,0.0,0.0,0.0,0.0,0.0,0.0,0,True,250.0
b712773f15e0f684,20270301_h250_r0_p90_y80_TPMC_N400000_S101,101,sample,1161,triangle_1161,sailWall,-0.10984999999977824,-0.2984573968724297,0.0755471178256355,1.0,-3.9239447761274783e-16,-2.935785321960166e-12,0.001146799523056874,-8.080992028387935e-14,7484.538922892781,-1319.726150268671,-7.850651198048684e-08,1.9026473314980172e-07,-3.6883511440291155e-08,-4.402768376962693e-09,-1.0074211507135554e-08,-4.393747254147428e-08,-4.402768376962693e-09,-1.0074211507135554e-08,-4.393747254147428e-08,27,False,250.0
b712773f15e0f684,20270301_h250_r0_p90_y80_TPMC_N400000_S101,101,sample,1162,triangle_1162,sailWall,-0.10984999999912397,0.07554709626083315,0.298457416968782,1.0,3.5666425611087707e-16,-2.9343737325862635e-12,0.0011467979641775622,-8.080992028387935e-14,7484.538922892781,-1319.726150268671,-2.2055599807941533e-08,1.3425144733192684e-07,-2.8083855840691217e-08,-4.18115026879695e-08,-9.632550106183577e-09,-1.3208398328678616e-08,-4.18115026879695e-08,-9.632550106183577e-09,-1.3208398328678616e-08,6,False,250.0
b712773f15e0f684,20270301_h250_r0_p90_y80_TPMC_N400000_S101,101,sample,1163,triangle_1163,sailWall,-0.10985000000087604,-0.07554709626083377,-0.29845741696813693,1.0,3.5666425608886647e-16,-2.9343737325862736e-12,0.001146797964177557,-8.080992028387935e-14,7484.538922892781,-1319.726150268671,-4.224650361327952e-08,1.9900278037266424e-07,-3.970156542061826e-08,6.323553159877041e-08,8.308290077014354e-09,-2.5091090218956983e-08,6.323553159877041e-08,8.308290077014354e-09,-2.5091090218956983e-08,14,False,250.0
b712773f15e0f684,20270301_h250_r0_p90_y80_TPMC_N400000_S101,101,sample,1164,triangle_1164,sailWall,-0.1098499999982151,-0.05205139474291314,0.6081054643436582,0.9999999999999999,1.284440594986719e-15,-2.9347123165570683e-12,0.0012973835210758503,-8.080992028387935e-14,7484.538922892781,-1319.726150268671,-2.584440618428741e-08,1.715299256066543e-07,-2.3453377697965428e-08,-1.0018516616403967e-07,-1.787785815068686e-08,-2.0190575105024812e-08,-1.0018516616403967e-07,-1.787785815068686e-08,-2.0190575105024812e-08,8,False,250.0
b712773f15e0f684,20270301_h250_r0_p90_y80_TPMC_N400000_S101,101,sample,1165,triangle_1165,sailWall,-0.1098499999995383,-0.5264639936617508,0.1573067392252948,1.0,-9.980241659499548e-16,-2.9338686675084707e-12,0.0011815763143308467,-8.080992028387935e-14,7484.538922892781,-1319.726150268671,-2.8866169114158273e-08,1.4296969998231878e-07,-3.351548536636653e-08,-4.555671518570786e-09,-8.178160309533007e-09,-3.0894933201610625e-08,-4.555671518570786e-09,-8.178160309533007e-09,-3.0894933201610625e-08,10,False,250.0
b712773f15e0f684,20270301_h250_r0_p90_y80_TPMC_N400000_S101,101,sample,1166,triangle_1166,sailWall,-0.10984999999845473,0.15730606265462282,0.5264642043660291,1.0,1.6178456496294427e-15,-2.936240936445812e-12,0.001181602243473562,-8.080992028387935e-14,7484.538922892781,-1319.726150268671,-9.064306001618259e-09,5.494809498953027e-08,-8.075355579647475e-09,-2.998872482903059e-08,-5.610589358027169e-09,-4.620358896339956e-09,-2.998872482903059e-08,-5.610589358027169e-09,-4.620358896339956e-09,4,False,250.0
b712773f15e0f684,20270301_h250_r0_p90_y80_TPMC_N400000_S101,101,sample,1167,triangle_1167,sailWall,-0.10985000000154531,-0.15730673922497274,-0.526463993661428,1.0,-6.362843995668709e-16,-2.935502976074051e-12,0.0011815763143308467,-8.080992028387935e-14,7484.538922892781,-1319.726150268671,-1.3172346935156232e-08,1.0308603537447435e-07,-1.5577020542777086e-08,5.652183387183987e-08,5.184452260972865e-09,-1.3526358587826088e-08,5.652183387183987e-08,5.184452260972865e-09,-1.3526358587826088e-08,5,False,250.0
b712773f15e0f684,20270301_h250_r0_p90_y80_TPMC_N400000_S101,101,sample,1168,triangle_1168,sailWall,-0.10984999999823923,0.08076775534523427,0.5998740328484996,1.0,-1.1458943849556922e-17,-2.9348781506183157e-12,0.0013557267887085262,-8.080992028387935e-14,7484.538922892781,-1319.726150268671,-2.5414371939541268e-08,1.4222116205917737e-07,-2.4907610098832905e-08,-8.768319148667507e-08,-1.8054296465507327e-08,-1.3540411633482046e-08,-8.768319148667507e-08,-1.8054296465507327e-08,-1.3540411633482046e-08,9,False,250.0
b712773f15e0f684,20270301_h250_r0_p90_y80_TPMC_N400000_S101,101,sample,1169,triangle_1169,sailWall,-0.10985000000035461,-0.564031417433109,-0.12078951855839247,1.0,-1.1383229998216516e-16,-2.9349805239744507e-12,0.0011231242204553054,-8.080992028387935e-14,7484.538922892781,-1319.726150268671,-1.7616086948620353e-08,1.2698236790763897e-07,-2.115212905268386e-08,2.7587838147243423e-08,-1.351099515209558e-10,-2.388667603474259e-08,2.7587838147243423e-08,-1.351099515209558e-10,-2.388667603474259e-08,7,False,250.0
b712773f15e0f684,20270301_h250_r0_p90_y80_TPMC_N400000_S101,101,sample,1170,triangle_1170,sailWall,-0.10984999999964551,0.564031417433109,0.12078951855903747,1.0,-6.018028156616702e-17,-2.9353008832586544e-12,0.0011231242204553114,-8.080992028387935e-14,7484.538922892781,-1319.726150268671,-2.290068685338069e-08,1.4094921726666333e-07,-2.5591434254687356e-08,-3.1843609007736245e-08,-5.640819441920204e-09,-2.6073375199457997e-09,-3.1843609007736245e-08,-5.640819441920204e-09,-2.6073375199457997e-09,7,False,250.0
b712773f15e0f684,20270301_h250_r0_p90_y80_TPMC_N400000_S101,101,sample,1171,triangle_1171,sailWall,-0.10985000000165557,0.12078951855871546,-0.5640314174327862,0.9999999999999999,2.596011246120963e-16,-2.9351262927990165e-12,0.0011231242204553043,-8.080992028387935e-14,7484.538922892781,-1319.726150268671,-2.669916466590694e-08,1.655550394221158e-07,-2.6048459724874802e-08,9.085359868421369e-08,1.2386045944269016e-08,-1.5035604821267323e-08,9.085359868421369e-08,1.2386045944269016e-08,-1.5035604821267323e-08,8,False,250.0
b712773f15e0f684,20270301_h250_r0_p90_y80_TPMC_N400000_S101,101,sample,1172,triangle_1172,sailWall,-0.10984999999834444,-0.12078191358705519,0.5640342071236791,1.0,6.651782101039172e-16,-2.9355318698845176e-12,0.001123392228881273,-8.080992028387935e-14,7484.538922892781,-1319.726150268671,-4.3509792538380034e-08,2.089205676179433e-07,-5.1600338524397165e-08,-1.121093880211729e-07,-3.014868983163807e-08,-2.7812117030931174e-08,-1.121093880211729e-07,-3.014868983163807e-08,-2.7812117030931174e-08,10,False,250.0
b712773f15e0f684,20270301_h250_r0_p90_y80_TPMC_N400000_S101,101,sample,1173,triangle_1173,sailWall,-0.10984999999832623,-0.09064896664621998,0.5702363543889588,0.9999999999999999,-4.3088880757412533e-17,-2.9356508174072797e-12,0.001300962417803052,-8.080992028387935e-14,7484.538922892781,-1319.726150268671,-8.449775295105454e-09,8.775851618963755e-08,-1.3466394370840245e-08,-4.9065631693529695e-08,-6.309813711697607e-09,-1.0456731929164762e-08,-4.9065631693529695e-08,-6.309813711697607e-09,-1.0456731929164762e-08,4,False,250.0
b712773f15e0f684,20270301_h250_r0_p90_y80_TPMC_N400000_S101,101,sample,1174,triangle_1174,sailWall,-0.10984999999953743,0.5268349605231287,0.15759891774059556,1.0,2.2866369646996073e-16,-2.937256107096345e-12,0.001144667038760873,-8.080992028387935e-14,7484.538922892781,-1319.726150268671,-2.6989721916750217e-08,1.3265995250674253e-07,-2.544244993021996e-08,-3.546744884172638e-08,-7.27937071864569e-09,-2.822754939143063e-10,-3.546744884172638e-08,-7.27937071864569e-09,-2.822754939143063e-10,7,False,250.0
b712773f15e0f684,20270301_h250_r0_p90_y80_TPMC_N400000_S101,101,sample,1175,triangle_1175,sailWall,-0.10985000000046263,-0.5268349605231287,-0.15759891773995058,1.0,-1.7749590912127127e-16,-2.9350441875835804e-12,0.0011446670387608656,-8.080992028387935e-14,7484.538922892781,-1319.726150268671,-4.8766876529762135e-08,2.1398567743997405e-07,-4.634904953237746e-08,5.629587503837951e-08,2.2744575127021392e-09,-4.9142727982532954e-08,5.629587503837951e-08,2.2744575127021392e-09,-4.9142727982532954e-08,14,False,250.0
b712773f15e0f684,20270301_h250_r0_p90_y80_TPMC_N400000_S101,101,sample,1176,triangle_1176,sailWall,-0.10985000000154639,0.15759891774027357,-0.5268349605228058,1.0,2.8692331591685835e-16,-2.9351536149903126e-12,0.0011446670387608774,-8.080992028387935e-14,7484.538922892781,-1319.726150268671,-3.9317879635545185e-08,1.656424076726847e-07,-2.876928571642441e-08,8.297788666418049e-08,1.7574690854329243e-08,-1.2016381506612875e-08,8.297788666418049e-08,1.7574690854329243e-08,-1.2016381506612875e-08,12,False,250.0
b712773f15e0f684,20270301_h250_r0_p90_y80_TPMC_N400000_S101,101,sample,1177,triangle_1177,sailWall,-0.10984999999976142,0.5998135458443997,0.08130182085196817,1.0,-3.8519369712810955e-16,-2.9352518853716036e-12,0.0013293684062598663,-8.080992028387935e-14,7484.538922892781,-1319.726150268671,-2.6374723592045938e-08,1.4198530216411456e-07,-2.227284068005439e-08,-2.4343126115534237e-08,-4.45411756800799e-09,2.303300760521729e-10,-2.4343126115534237e-08,-4.45411756800799e-09,2.303300760521729e-10,7,False,250.0
b712773f15e0f684,20270301_h250_r0_p90_y80_TPMC_N400000_S101,101,sample,1178,triangle_1178,sailWall,-0.1098500000002387,-0.5998135458443997,-0.0813018208513233,1.0,-5.788717499193375e-16,-2.9354455634243944e-12,0.001329368406259854,-8.080992028387935e-14,7484.538922892781,-1319.726150268671,-3.0812061227124e-08,1.3321748271755332e-07,-2.395312960991697e-08,2.5660447596508937e-08,-8.083170076678127e-11,-3.3278466372659694e-08,2.5660447596508937e-08,-8.083170076678127e-11,-3.3278466372659694e-08,11,False,250.0
b712773f15e0f684,20270301_h250_r0_p90_y80_TPMC_N400000_S101,101,sample,1179,triangle_1179,sailWall,-0.1098500000017606,0.081301820851646,-0.599813545844077,1.0,-4.483518523885548e-16,-2.9344183398220246e-12,0.0013293684062598739,-8.080992028387935e-14,7484.538922892781,-1319.726150268671,-2.5720700534409232e-08,1.234951896056623e-07,-1.5263282064575575e-08,7.353935674171983e-08,1.3951095978216183e-08,-1.1409051904379211e-08,7.353935674171983e-08,1.3951095978216183e-08,-1.1409051904379211e-08,7,False,250.0
b712773f15e0f684,20270301_h250_r0_p90_y80_TPMC_N400000_S101,101,sample,1180,triangle_1180,sailWall,-0.10985000000176116,-0.08064206151550411,-0.6000074744589138,1.0,4.3298507386911554e-16,-2.934433706600615e-12,0.001355295563510866,-8.080992028387935e-14,7484.538922892781,-1319.726150268671,-2.869333578623201e-08,1.8284162698531506e-07,-3.786820603905709e-08,1.1227708763185139e-07,1.3023021312285616e-08,-2.2348646790292245e-08,1.1227708763185139e-07,1.3023021312285616e-08,-2.2348646790292245e-08,10,False,250.0
b712773f15e0f684,20270301_h250_r0_p90_y80_TPMC_N400000_S101,101,sample,1181,triangle_1181,sailWall,-0.10984999999976335,-0.6000074744592362,0.08064206151582609,1.0,2.6828830146633936e-16,-2.935134979975883e-12,0.001355295563510891,-8.080992028387935e-14,7484.538922892781,-1319.726150268671,-3.5644928121442994e-08,2.221074223702618e-07,-3.060286831451241e-08,8.312025808834836e-10,-6.181346612512126e-09,-4.6121610116810385e-08,8.312025808834836e-10,-6.181346612512126e-09,-4.6121610116810385e-08,13,False,250.0
b712773f15e0f684,20270301_h250_r0_p90_y80_TPMC_N400000_S101,101,sample,1182,triangle_1182,sailWall,-0.1098500000002367,0.6000080756491742,-0.08064083264071398,1.0,-3.2828766382689213e-16,-2.937156483128942e-12,0.00135533049911033,-8.080992028387935e-14,7484.538922892781,-1319.726150268671,-4.394206558158692e-09,5.172619918306868e-08,-1.0307411621573332e-08,-2.4951587499073507e-09,-8.372794902167059e-10,-3.088603065830958e-09,-2.4951587499073507e-09,-8.372794902167059e-10,-3.088603065830958e-09,2,False,250.0
b712773f15e0f684,20270301_h250_r0_p90_y80_TPMC_N400000_S101,101,sample,1183,triangle_1183,sailWall,-0.10984999999823919,-0.08118284253285478,0.599886357791917,1.0,1.7006036029233845e-16,-2.935036752034697e-12,0.0013319379293105433,-8.080992028387935e-14,7484.538922892781,-1319.726150268671,-3.082143485492657e-08,1.6596415071405918e-07,-2.29702430708703e-08,-9.793749169327752e-08,-2.100351628801076e-08,-2.0603439682569933e-08,-9.793749169327752e-08,-2.100351628801076e-08,-2.0603439682569933e-08,9,False,250.0
b712773f15e0f684,20270301_h250_r0_p90_y80_TPMC_N400000_S101,101,sample,1184,triangle_1184,sailWall,-0.1098500000018761,-0.045013909919168336,-0.6391702505824634,1.0,2.0315702401705616e-16,-2.93466353465044e-12,0.0011585658036409098,-8.080992028387935e-14,7484.538922892781,-1319.726150268671,-2.059933963259315e-08,1.1357956585898462e-07,-2.0688312976657972e-08,7.350681119821529e-08,1.0927815562955177e-08,-1.3399338514122389e-08,7.350681119821529e-08,1.0927815562955177e-08,-1.3399338514122389e-08,6,False,250.0
b712773f15e0f684,20270301_h250_r0_p90_y80_TPMC_N400000_S101,101,sample,1185,triangle_1185,sailWall,-0.1098499999998679,-0.6391702505827856,0.04501390991949072,1.0,5.663317352632585e-16,-2.9354330234096765e-12,0.0011585658036409056,-8.080992028387935e-14,7484.538922892781,-1319.726150268671,-3.060066859097614e-08,1.9312073357151453e-07,-3.4614506725724446e-08,1.341632132437633e-08,-5.206702368015478e-09,-4.0642776860257617e-08,1.341632132437633e-08,-5.206702368015478e-09,-4.0642776860257617e-08,10,False,250.0
b712773f15e0f684,20270301_h250_r0_p90_y80_TPMC_N400000_S101,101,sample,1186,triangle_1186,sailWall,-0.10985000000013212,0.6391702505827859,-0.04501390991884557,1.0,-9.89286758434073e-16,-2.9338774049159793e-12,0.001158565803640902,-8.080992028387935e-14,7484.538922892781,-1319.726150268671,-8.54793503593411e-09,5.208031823862713e-08,-1.695157906108584e-08,-8.347860490179032e-09,-1.4829989905108814e-09,-2.7292043609799613e-10,-8.347860490179032e-09,-1.4829989905108814e-09,-2.7292043609799613e-10,3,False,250.0
b712773f15e0f684,20270301_h250_r0_p90_y80_TPMC_N400000_S101,101,sample,1187,triangle_1187,sailWall,-0.10984999999812439,-0.045079078525854,0.6390085802362736,1.0,9.989585042269065e-16,-2.9358656501786585e-12,0.0011639368873367054,-8.080992028387935e-14,7484.538922892781,-1319.726150268671,-1.860546712111769e-08,1.4050055674669422e-07,-3.669338746464947e-08,-8.839678925139522e-08,-1.5898558907556876e-08,-1.621202910023817e-08,-8.839678925139522e-08,-1.5898558907556876e-08,-1.621202910023817e-08,7,False,250.0
b712773f15e0f684,20270301_h250_r0_p90_y80_TPMC_N400000_S101,101,sample,1188,triangle_1188,sailWall,-0.10985000000060413,0.28282864780162104,-0.20582272526378342,1.0,2.093420699925735e-15,-2.936118296628983e-12,0.0011266781208953613,-8.080992028387935e-14,7484.538922892781,-1319.726150268671,-1.5147824646972776e-08,1.1679919585296143e-07,-9.54892054317747e-09,2.0426909837818326e-08,1.9621201036268684e-09,-8.62213366740222e-09,2.0426909837818326e-08,1.9621201036268684e-09,-8.62213366740222e-09,5,False,250.0
b712773f15e0f684,20270301_h250_r0_p90_y80_TPMC_N400000_S101,101,sample,1189,triangle_1189,sailWall,-0.10984999999939589,-0.28282864780162226,0.2058227252644278,1.0,-1.2071755049569188e-16,-2.9361189104843717e-12,0.0011266781208953494,-8.080992028387935e-14,7484.538922892781,-1319.726150268671,-2.7898510709968977e-08,9.665119092166215e-08,-2.0984626306355686e-08,-1.3461469897121123e-08,-7.85120176931068e-09,-1.858668718230615e-08,-1.3461469897121123e-08,-7.85120176931068e-09,-1.858668718230615e-08,9,False,250.0
b712773f15e0f684,20270301_h250_r0_p90_y80_TPMC_N400000_S101,101,sample,1190,triangle_1190,sailWall,-0.10984999999916983,0.20581817566032679,0.28283288759689795,1.0,-1.1818645178808084e-15,-2.9337630413084756e-12,0.0011269794642884026,-8.080992028387935e-14,7484.538922892781,-1319.726150268671,-1.4259803441148887e-08,9.863374496489587e-08,-2.1099909867218935e-08,-3.2504198332124386e-08,-6.390957996145336e-09,-7.934381426203678e-09,-3.2504198332124386e-08,-6.390957996145336e-09,-7.934381426203678e-09,5,False,250.0
b712773f15e0f684,20270301_h250_r0_p90_y80_TPMC_N400000_S101,101,sample,1191,triangle_1191,sailWall,-0.10985000000083021,-0.20581817566032723,-0.28283288759625247,0.9999999999999999,-1.181329140832285e-15,-2.9359766715565326e-12,0.0011269794642884002,-8.080992028387935e-14,7484.538922892781,-1319.726150268671,-4.9088497082649656e-08,1.9105560090461734e-07,-4.042048874591654e-08,6.273208824922454e-08,9.70110375137505e-09,-3.1142615079277985e-08,6.273208824922454e-08,9.70110375137505e-09,-3.1142615079277985e-08,16,False,250.0
b712773f15e0f684,20270301_h250_r0_p90_y80_TPMC_N400000_S101,101,sample,1192,triangle_1192,sailWall,-0.10985000000023272,-0.14874855352640393,-0.07928838439951486,1.0,7.082786721536079e-16,-2.937485908603764e-12,0.001161676453508702,-8.080992028387935e-14,7484.538922892781,-1319.726150268671,-1.0789103868588218e-07,1.8896525210485118e-07,-6.529712837631647e-08,2.4871625637680776e-08,1.4085157016813251e-09,-3.702741674802176e-08,2.4871625637680776e-08,1.4085157016813251e-09,-3.702741674802176e-08,42,False,250.0
b712773f15e0f684,20270301_h250_r0_p90_y80_TPMC_N400000_S101,101,sample,1193,triangle_1193,sailWall,-0.1098499999997673,0.14874855352640387,0.07928838440016013,1.0,-1.393879620669831e-15,-2.9359556170238708e-12,0.0011616764535087114,-8.080992028387935e-14,7484.538922892781,-1319.726150268671,-1.784045796034857e-08,1.3135178812674598e-07,-2.4859547103363282e-08,-1.4150906449318356e-08,-4.16339478257063e-09,-1.1581921574005825e-08,-1.4150906449318356e-08,-4.16339478257063e-09,-1.1581921574005825e-08,7,False,250.0
b712773f15e0f684,20270301_h250_r0_p90_y80_TPMC_N400000_S101,101,sample,1194,triangle_1194,sailWall,-0.1098499999995634,-0.07928838439983756,0.14874855352672636,1.0,1.252694181959047e-16,-2.9349230175951784e-12,0.0011616764535087058,-8.080992028387935e-14,7484.538922892781,-1319.726150268671,-1.9898319081689505e-08,1.153715979627633e-07,-1.8775626894630212e-08,-1.519934538876889e-08,-4.957670224709792e-09,-1.4228894930389678e-08,-1.519934538876889e-08,-4.957670224709792e-09,-1.4228894930389678e-08,8,False,250.0
b712773f15e0f684,20270301_h250_r0_p90_y80_TPMC_N400000_S101,101,sample,1195,triangle_1195,sailWall,-0.10985000000043661,0.07928838439983749,-0.14874855352608166,1.0,4.2790629317324024e-16,-2.9349406382587213e-12,0.0011616764535087015,-8.080992028387935e-14,7484.538922892781,-1319.726150268671,-4.729997218007543e-08,1.7163905064665363e-07,-3.8265883678542926e-08,2.258370254766665e-08,2.6792299535679274e-09,-1.4980456501572282e-08,2.258370254766665e-08,2.6792299535679274e-09,-1.4980456501572282e-08,18,False,250.0
b712773f15e0f684,20270301_h250_r0_p90_y80_TPMC_N400000_S101,101,sample,1196,triangle_1196,sailWall,-0.10984999999984546,0.28438974980171144,0.05264606250814333,1.0,-1.047779602852296e-15,-2.9341921066577155e-12,0.0011068709758507117,-8.080992028387935e-14,7484.538922892781,-1319.726150268671,-4.414479741805622e-09,3.415855171297432e-08,-1.187335862305504e-08,-5.4091999282317536e-09,-1.5505069334320797e-09,-2.4666881474248434e-09,-5.4091999282317536e-09,-1.5505069334320797e-09,-2.4666881474248434e-09,2,False,250.0
b712773f15e0f684,20270301_h250_r0_p90_y80_TPMC_N400000_S101,101,sample,1197,triangle_1197,sailWall,-0.10985000000083474,0.052646062507821056,-0.28438974980138915,0.9999999999999999,5.639526445186233e-16,-2.9356212493767787e-12,0.0011068709758507115,-8.080992028387935e-14,7484.538922892781,-1319.726150268671,-3.233655765200089e-08,1.3611792097903245e-07,-3.168134990726864e-08,3.635472644814587e-08,5.58788573569737e-09,-1.3361540607429644e-08,3.635472644814587e-08,5.58788573569737e-09,-1.3361540607429644e-08,9,False,250.0
b712773f15e0f684,20270301_h250_r0_p90_y80_TPMC_N400000_S101,101,sample,1198,triangle_1198,sailWall,-0.10985000000015453,-0.2843897498017111,-0.05264606250749918,1.0,-8.85515459521395e-16,-2.934470323969655e-12,0.0011068709758507043,-8.080992028387935e-14,7484.538922892781,-1319.726150268671,-5.848884566712753e-08,1.6853916061900937e-07,-3.3581606545917144e-08,1.9016622071103555e-08,-6.16871206749309e-10,-3.5160702704157703e-08,1.9016622071103555e-08,-6.16871206749309e-10,-3.5160702704157703e-08,22,False,250.0
b712773f15e0f684,20270301_h250_r0_p90_y80_TPMC_N400000_S101,101,sample,1199,triangle_1199,sailWall,-0.10984999999916527,-0.05264606250782161,0.28438974980203396,1.0,5.639526445186241e-16,-2.9356212493767787e-12,0.00110687097585071,-8.080992028387935e-14,7484.538922892781,-1319.726150268671,-7.632520213678975e-09,3.497145025638411e-08,-6.1203228353596475e-09,-1.016707499167919e-08,-2.9563778755688255e-09,-4.231319478986379e-09,-1.016707499167919e-08,-2.9563778755688255e-09,-4.231319478986379e-09,2,False,250.0
b712773f15e0f684,20270301_h250_r0_p90_y80_TPMC_N400000_S101,101,sample,1200,triangle_1200,sailWall,-0.10984999999903687,0.07565897459172036,0.3281385280207769,1.0,3.5698120547243757e-16,-2.9347895480998825e-12,0.0011537222394012107,-8.080992028387935e-14,7484.538922892781,-1319.726150268671,-2.2847140529787508e-08,1.6532572257147376e-07,-2.148860367599667e-08,-5.5422880942753435e-08,-9.809055786141765e-09,-1.6319735670660393e-08,-5.5422880942753435e-08,-9.809055786141765e-09,-1.6319735670660393e-08,9,False,250.0
b712773f15e0f684,20270301_h250_r0_p90_y80_TPMC_N400000_S101,101,sample,1201,triangle_1201,sailWall,-0.10984999999977792,-0.3281385280204545,0.07565897459204263,1.0,-1.4710067277806939e-15,-2.935786144116754e-12,0.001153722239401203,-8.080992028387935e-14,7484.538922892781,-1319.726150268671,-3.794806776594678e-08,1.232237299271518e-07,-1.751989762073015e-08,-4.02539094005229e-09,-4.8539032566259125e-09,-2.5971118308354115e-08,-4.02539094005229e-09,-4.8539032566259125e-09,-2.5971118308354115e-08,14,False,250.0
b712773f15e0f684,20270301_h250_r0_p90_y80_TPMC_N400000_S101,101,sample,1202,triangle_1202,sailWall,-0.1098500000002221,0.32813852802045423,-0.0756589745913986,1.0,5.481656136445114e-16,-2.9360531792723317e-12,0.0011537222394012061,-8.080992028387935e-14,7484.538922892781,-1319.726150268671,-8.756537091032947e-10,1.371383115336444e-08,-1.7204562980947066e-09,4.353829164231162e-10,-1.225557432188446e-10,-1.1984921891407032e-09,4.353829164231162e-10,-1.225557432188446e-10,-1.1984921891407032e-09,1,False,250.0
b712773f15e0f684,20270301_h250_r0_p90_y80_TPMC_N400000_S101,101,sample,1203,triangle_1203,sailWall,-0.10985000000096318,-0.07565897459172109,-0.3281385280201318,1.0,3.584025039997581e-16,-2.9366541929232857e-12,0.0011537222394012057,-8.080992028387935e-14,7484.538922892781,-1319.726150268671,-2.1116221049490384e-08,6.483274526665157e-08,-2.4733537184469002e-08,2.2703981942676632e-08,4.139672807897245e-09,-8.866620935815368e-09,2.2703981942676632e-08,4.139672807897245e-09,-8.866620935815368e-09,7,False,250.0
b712773f15e0f684,20270301_h250_r0_p90_y80_TPMC_N400000_S101,101,sample,1204,triangle_1204,sailWall,-0.10985000000015462,-0.46219938431701113,-0.05266894785097367,1.0,-4.2453991707668946e-16,-2.934760641981996e-12,0.0010936897441902705,-8.080992028387935e-14,7484.538922892781,-1319.726150268671,-2.307123762615797e-08,9.465297880843238e-08,-1.6662340538916305e-08,1.2835170058587608e-08,-6.470659139599629e-10,-2.1046992793304093e-08,1.2835170058587608e-08,-6.470659139599629e-10,-2.1046992793304093e-08,9,False,250.0
b712773f15e0f684,20270301_h250_r0_p90_y80_TPMC_N400000_S101,101,sample,1205,triangle_1205,sailWall,-0.10984999999984545,0.4621993843170114,0.05266894785161739,1.0,6.693336060419085e-16,-2.9367165060493e-12,0.0010936897441902811,-8.080992028387935e-14,7484.538922892781,-1319.726150268671,-2.268073341723917e-08,1.1341181218968037e-07,-2.2494647596570973e-08,-1.6143581033888892e-08,-3.618596924287864e-09,-1.9286626165749974e-09,-1.6143581033888892e-08,-3.618596924287864e-09,-1.9286626165749974e-09,6,False,250.0
b712773f15e0f684,20270301_h250_r0_p90_y80_TPMC_N400000_S101,101,sample,1206,triangle_1206,sailWall,-0.10985000000135665,0.05266894785129444,-0.4621993843166894,1.0,4.423336831200314e-16,-2.93572399266071e-12,0.0010936897441902991,-8.080992028387935e-14,7484.538922892781,-1319.726150268671,-2.449447498052246e-08,1.461366596289284e-07,-2.5632590126692144e-08,6.68294632569729e-08,8.638895932475962e-09,-1.4697396967652396e-08,6.68294632569729e-08,8.638895932475962e-09,-1.4697396967652396e-08,8,False,250.0
b712773f15e0f684,20270301_h250_r0_p90_y80_TPMC_N400000_S101,101,sample,1207,triangle_1207,sailWall,-0.10984999999864332,-0.0526659409254607,0.4621977103626942,1.0,6.179385023588184e-16,-2.9360576903844747e-12,0.0010935607573134523,-8.080992028387935e-14,7484.538922892781,-1319.726150268671,-2.077788420154138e-08,8.60379071094599e-08,-1.4945118261155978e-08,-3.9958661976733685e-08,-1.1417772398585154e-08,-1.0401906439442785e-08,-3.9958661976733685e-08,-1.1417772398585154e-08,-1.0401906439442785e-08,5,False,250.0
b712773f15e0f684,20270301_h250_r0_p90_y80_TPMC_N400000_S101,101,sample,1208,triangle_1208,sailWall,-0.10984999999962612,-0.3281282509688834,0.12736667498853485,1.0,2.738298904743827e-16,-2.934674366763687e-12,0.0011571172362274118,-8.080992028387935e-14,7484.538922892781,-1319.726150268671,-3.149846164208288e-08,9.367416386761437e-08,-1.9489643011822393e-08,-5.798375471585442e-09,-6.31657564533628e-09,-2.0439082193625662e-08,-5.798375471585442e-09,-6.31657564533628e-09,-2.0439082193625662e-08,14,False,250.0
b712773f15e0f684,20270301_h250_r0_p90_y80_TPMC_N400000_S101,101,sample,1209,triangle_1209,sailWall,-0.10985000000037387,0.3281282509688827,-0.12736667498789075,1.0,1.1891432504003706e-16,-2.934406205631713e-12,0.0011571172362274018,-8.080992028387935e-14,7484.538922892781,-1319.726150268671,-6.286466109996774e-09,3.7538161628755287e-08,-2.4275585652299376e-09,3.842154658433617e-09,5.16316905110194e-10,-2.0347595127407304e-09,3.842154658433617e-09,5.16316905110194e-10,-2.0347595127407304e-09,3,False,250.0
b712773f15e0f684,20270301_h250_r0_p90_y80_TPMC_N400000_S101,101,sample,1210,triangle_1210,sailWall,-0.1098499999990369,0.12736667498821272,0.3281282509692054,1.0,-5.6341449150843655e-16,-2.934276742172158e-12,0.0011571172362274096,-8.080992028387935e-14,7484.538922892781,-1319.726150268671,-2.0330198588539477e-08,1.474370940874447e-07,-1.0067603542338977e-08,-4.916919869931007e-08,-7.74629710449216e-09,-1.359113838175867e-08,-4.916919869931007e-08,-7.74629710449216e-09,-1.359113838175867e-08,8,False,250.0
b712773f15e0f684,20270301_h250_r0_p90_y80_TPMC_N400000_S101,101,sample,1211,triangle_1211,sailWall,-0.10985000000096314,-0.12736667498821336,-0.32812825096856013,1.0,-2.984502806497228e-16,-2.9362960511593825e-12,0.0011571172362274086,-8.080992028387935e-14,7484.538922892781,-1319.726150268671,-3.012182378655903e-08,1.0356198893647259e-07,-2.8499712129515108e-08,3.7706377970364066e-08,6.90116877972857e-09,-1.513497441153288e-08,3.7706377970364066e-08,6.90116877972857e-09,-1.513497441153288e-08,10,False,250.0
b712773f15e0f684,20270301_h250_r0_p90_y80_TPMC_N400000_S101,101,sample,1212,triangle_1212,sailWall,-0.10984999999962637,-0.2984375846470781,0.12728988365007102,1.0,4.3836046827051393e-16,-2.93467460868501e-12,0.0011496635544444014,-8.080992028387935e-14,7484.538922892781,-1319.726150268671,-4.063768049616322e-08,9.06614338132536e-08,-1.2295832671891833e-08,-7.83764233852419e-09,-6.550295003061658e-09,-2.2165216623852583e-08,-7.83764233852419e-09,-6.550295003061658e-09,-2.2165216623852583e-08,16,False,250.0
b712773f15e0f684,20270301_h250_r0_p90_y80_TPMC_N400000_S101,101,sample,1213,triangle_1213,sailWall,-0.10985000000037363,0.29843758464707754,-0.12728988364942675,1.0,2.830535876109525e-16,-2.9344064469776563e-12,0.001149663554444393,-8.080992028387935e-14,7484.538922892781,-1319.726150268671,-2.0215501052128188e-08,1.2528112078028168e-07,-1.0600891873946852e-08,1.246774087259482e-08,1.372704251222759e-09,-7.768477118281408e-09,1.246774087259482e-08,1.372704251222759e-09,-7.768477118281408e-09,5,False,250.0
b712773f15e0f684,20270301_h250_r0_p90_y80_TPMC_N400000_S101,101,sample,1214,triangle_1214,sailWall,-0.10985000000087597,-0.12728975426286934,-0.29843770522293417,1.0,-2.9707205472206955e-16,-2.935358720356384e-12,0.0011496542012390228,-8.080992028387935e-14,7484.538922892781,-1319.726150268671,-4.180729605553819e-08,1.5235629212905385e-07,-4.793213816453492e-08,5.1617558577215384e-08,7.245305170969426e-09,-2.2112436588731682e-08,5.1617558577215384e-08,7.245305170969426e-09,-2.2112436588731682e-08,15,False,250.0
b712773f15e0f684,20270301_h250_r0_p90_y80_TPMC_N400000_S101,101,sample,1215,triangle_1215,sailWall,-0.10984999999912404,0.1272897542628687,0.29843770522357943,1.0,-5.647740927760312e-16,-2.9352014063527946e-12,0.001149654201239018,-8.080992028387935e-14,7484.538922892781,-1319.726150268671,-1.4307875869503757e-08,8.330789592885938e-08,-1.7592605085661806e-08,-2.7144175051034798e-08,-6.220692716535973e-09,-7.275229885404991e-09,-2.7144175051034798e-08,-6.220692716535973e-09,-7.275229885404991e-09,5,False,250.0
b712773f15e0f684,20270301_h250_r0_p90_y80_TPMC_N400000_S101,101,sample,1216,triangle_1216,sailWall,-0.10984999999916463,-0.10409796063465997,0.2846038965032483,1.0,4.24330074009909e-16,-2.934087160189662e-12,0.0011127088261762377,-8.080992028387935e-14,7484.538922892781,-1319.726150268671,-2.2252564162926153e-08,1.1848265850400937e-07,-2.5335262003842964e-08,-3.150535210362086e-08,-9.23342389032852e-09,-1.5350927212203005e-08,-3.150535210362086e-08,-9.23342389032852e-09,-1.5350927212203005e-08,7,False,250.0
b712773f15e0f684,20270301_h250_r0_p90_y80_TPMC_N400000_S101,101,sample,1217,triangle_1217,sailWall,-0.1098500000008354,0.10409796063465938,-0.2846038965026037,1.0,5.258247131746733e-16,-2.9363346335829627e-12,0.0011127088261762411,-8.080992028387935e-14,7484.538922892781,-1319.726150268671,-2.0836406567981674e-08,1.0059634140070422e-07,-2.0411929298155424e-08,2.6577688108532513e-08,3.6665669559008053e-09,-8.778956119855646e-09,2.6577688108532513e-08,3.6665669559008053e-09,-8.778956119855646e-09,8,False,250.0
b712773f15e0f684,20270301_h250_r0_p90_y80_TPMC_N400000_S101,101,sample,1218,triangle_1218,sailWall,-0.10985000000030558,-0.2846038965029251,-0.10409796063433752,1.0,-4.52946933108471e-16,-2.9367210589601656e-12,0.0011127088261762375,-8.080992028387935e-14,7484.538922892781,-1319.726150268671,-3.122704184405702e-08,7.322091632407849e-08,-1.7100038027669542e-08,1.2800748551782533e-08,1.3348325743192875e-09,-1.6988684292851645e-08,1.2800748551782533e-08,1.3348325743192875e-09,-1.6988684292851645e-08,12,False,250.0
b712773f15e0f684,20270301_h250_r0_p90_y80_TPMC_N400000_S101,101,sample,1219,triangle_1219,sailWall,-0.10984999999969447,0.28460389650292567,0.10409796063498172,1.0,-1.904783352575984e-15,-2.934899803049216e-12,0.0011127088261762414,-8.080992028387935e-14,7484.538922892781,-1319.726150268671,-1.540434058450896e-08,9.463936413626729e-08,-1.8512719083955068e-08,-1.5148290515131363e-08,-3.6827668545501075e-09,-6.037893310781973e-09,-1.5148290515131363e-08,-3.6827668545501075e-09,-6.037893310781973e-09,4,False,250.0
b712773f15e0f684,20270301_h250_r0_p90_y80_TPMC_N400000_S101,101,sample,1220,triangle_1220,sailWall,-0.1098500000008331,0.15489839723509835,-0.2838284808619837,1.0,-7.675805794577028e-16,-2.934910540107137e-12,0.0010795104964202286,-8.080992028387935e-14,7484.538922892781,-1319.726150268671,-1.559972251131643e-08,1.2278183534812742e-07,-2.1219219000125583e-08,3.0795715974148735e-08,1.987693250403786e-09,-1.0974014517073146e-08,3.0795715974148735e-08,1.987693250403786e-09,-1.0974014517073146e-08,7,False,250.0
b712773f15e0f684,20270301_h250_r0_p90_y80_TPMC_N400000_S101,101,sample,1221,triangle_1221,sailWall,-0.10984999999954537,0.28382848086230544,0.1548983972354208,1.0,-1.5289245898436623e-15,-2.935344697983407e-12,0.001079510496420228,-8.080992028387935e-14,7484.538922892781,-1319.726150268671,-4.4826113177646096e-08,2.431620897446304e-07,-3.790540915016663e-08,-4.8508831888420734e-08,-1.1088919927694503e-08,-1.3865273388059405e-08,-4.8508831888420734e-08,-1.1088919927694503e-08,-1.3865273388059405e-08,13,False,250.0
b712773f15e0f684,20270301_h250_r0_p90_y80_TPMC_N400000_S101,101,sample,1222,triangle_1222,sailWall,-0.10985000000045471,-0.2838284808623046,-0.15489839723477636,1.0,6.921478630318644e-16,-2.9353635760963154e-12,0.001079510496420215,-8.080992028387935e-14,7484.538922892781,-1319.726150268671,-4.705994786391384e-08,1.2597528678481718e-07,-3.777052525435082e-08,3.0960638536053654e-08,3.149304453793438e-09,-2.7378921584809733e-08,3.0960638536053654e-08,3.149304453793438e-09,-2.7378921584809733e-08,16,False,250.0
b712773f15e0f684,20270301_h250_r0_p90_y80_TPMC_N400000_S101,101,sample,1223,triangle_1223,sailWall,-0.10984999999916689,-0.154898397235099,0.28382848086262785,1.0,-4.877209823055947e-16,-2.935060901506648e-12,0.0010795104964202305,-8.080992028387935e-14,7484.538922892781,-1319.726150268671,-3.566105233988765e-08,1.7551724244352186e-07,-3.2703593969660394e-08,-4.481519557176153e-08,-1.3734146488217093e-08,-2.488420976007139e-08,-4.481519557176153e-08,-1.3734146488217093e-08,-2.488420976007139e-08,9,False,250.0
b712773f15e0f684,20270301_h250_r0_p90_y80_TPMC_N400000_S101,101,sample,1224,triangle_1224,sailWall,-0.10984999999846613,-0.002027953362979082,0.5225764896127736,0.9999999999999999,9.725830287018603e-16,-2.9340601642877984e-12,0.0011771535801668406,-8.080992028387935e-14,7484.538922892781,-1319.726150268671,-1.2543838090510517e-08,6.978553491458045e-08,-1.3143205680846808e-08,-3.654912385251067e-08,-8.014986949254926e-09,-7.672598387652218e-09,-3.654912385251067e-08,-8.014986949254926e-09,-7.672598387652218e-09,5,False,250.0
b712773f15e0f684,20270301_h250_r0_p90_y80_TPMC_N400000_S101,101,sample,1225,triangle_1225,sailWall,-0.10984999999999406,0.5225796310261382,0.0020242387620997095,1.0,-2.459251416161185e-16,-2.9337938247809716e-12,0.0011774399938963703,-8.080992028387935e-14,7484.538922892781,-1319.726150268671,-1.3812924470658345e-08,8.794780854546633e-08,-1.8994189632743407e-08,-1.003081573652381e-08,-2.08944021804724e-09,-2.44398115267856e-09,-1.003081573652381e-08,-2.08944021804724e-09,-2.44398115267856e-09,4,False,250.0
b712773f15e0f684,20270301_h250_r0_p90_y80_TPMC_N400000_S101,101,sample,1226,triangle_1226,sailWall,-0.1098500000015339,0.002024238761776164,-0.5225796310258165,1.0,-9.617693635580127e-16,-2.9351287161669776e-12,0.0011774399938963727,-8.080992028387935e-14,7484.538922892781,-1319.726150268671,-2.3310219385178315e-08,9.475116355703136e-08,-2.4539086800942152e-08,4.962867550224646e-08,9.516694527382944e-09,-1.0501803310254564e-08,4.962867550224646e-08,9.516694527382944e-09,-1.0501803310254564e-08,8,False,250.0
b712773f15e0f684,20270301_h250_r0_p90_y80_TPMC_N400000_S101,101,sample,1227,triangle_1227,sailWall,-0.10985000000000594,-0.5225796310261385,-0.0020242387614564303,1.0,-2.4592514161243585e-16,-2.9337938247809837e-12,0.0011774399938963597,-8.080992028387935e-14,7484.538922892781,-1319.726150268671,-4.020187508969519e-08,1.8479569447891673e-07,-2.770659764587057e-08,1.5344430978687172e-08,-2.9310911518779167e-09,-4.132430170306924e-08,1.5344430978687172e-08,-2.9310911518779167e-09,-4.132430170306924e-08,14,False,250.0
b712773f15e0f684,20270301_h250_r0_p90_y80_TPMC_N400000_S101,101,sample,1228,triangle_1228,sailWall,-0.10984999999899316,0.10153707765831947,0.3430322901754681,1.0,3.375672866215225e-16,-2.9348007230396155e-12,0.0011529194974561042,-8.080992028387935e-14,7484.538922892781,-1319.726150268671,-2.6312693856474228e-08,1.5105244109762392e-07,-3.690697047432246e-08,-5.511604658477314e-08,-1.302890631275736e-08,-1.389901004788862e-08,-5.511604658477314e-08,-1.302890631275736e-08,-1.389901004788862e-08,8,False,250.0
b712773f15e0f684,20270301_h250_r0_p90_y80_TPMC_N400000_S101,101,sample,1229,triangle_1229,sailWall,-0.1098500000010069,-0.10153707765832026,-0.3430322901748229,1.0,3.377818420971522e-16,-2.9366660624822237e-12,0.0011529194974561018,-8.080992028387935e-14,7484.538922892781,-1319.726150268671,-1.1178453082003743e-08,4.438445842183031e-08,-2.0477487504155365e-08,1.7866490050725465e-08,1.5432068857083457e-09,-6.041926806493197e-09,1.7866490050725465e-08,1.5432068857083457e-09,-6.041926806493197e-09,6,False,250.0
b712773f15e0f684,20270301_h250_r0_p90_y80_TPMC_N400000_S101,101,sample,1230,triangle_1230,sailWall,-0.10985000000029806,0.3430322901751454,-0.10153707765799767,1.0,-1.4180535705160143e-16,-2.9348545114713976e-12,0.001152919497456094,-8.080992028387935e-14,7484.538922892781,-1319.726150268671,0.0,0.0,0.0,0.0,0.0,0.0,0.0,0.0,0.0,0,True,250.0
b712773f15e0f684,20270301_h250_r0_p90_y80_TPMC_N400000_S101,101,sample,1231,triangle_1231,sailWall,-0.10984999999970196,-0.34303229017514586,0.1015370776586416,1.0,-9.246990243950267e-16,-2.9367352296308733e-12,0.0011529194974560985,-8.080992028387935e-14,7484.538922892781,-1319.726150268671,-4.5301065666255735e-08,1.950072987390841e-07,-3.56347270909226e-08,-8.90404383010606e-09,-8.657898428268416e-09,-3.688207900301269e-08,-8.90404383010606e-09,-8.657898428268416e-09,-3.688207900301269e-08,18,False,250.0
b712773f15e0f684,20270301_h250_r0_p90_y80_TPMC_N400000_S101,101,sample,1232,triangle_1232,sailWall,-0.109849999999038,0.1798561741795183,0.32775027541014423,1.0,9.77509247013547e-16,-2.9356200120740803e-12,0.0012215067485312626,-8.080992028387935e-14,7484.538922892781,-1319.726150268671,-1.3952712359270317e-08,6.294921342004317e-08,-7.14880549622796e-09,-2.1345415684280358e-08,-5.239379477336669e-09,-4.425393470245261e-09,-2.1345415684280358e-08,-5.239379477336669e-09,-4.425393470245261e-09,3,False,250.0
b712773f15e0f684,20270301_h250_r0_p90_y80_TPMC_N400000_S101,101,sample,1233,triangle_1233,sailWall,-0.10985000000096203,-0.17985617417951905,-0.3277502754094989,0.9999999999999999,-1.0632286587808624e-15,-2.934748941874492e-12,0.0012215067485312687,-8.080992028387935e-14,7484.538922892781,-1319.726150268671,-3.5075385692583605e-08,2.014681766393903e-07,-4.313283906345503e-08,7.417667020375138e-08,6.825251390616164e-09,-2.8497432033943915e-08,7.417667020375138e-08,6.825251390616164e-09,-2.8497432033943915e-08,14,False,250.0
b712773f15e0f684,20270301_h250_r0_p90_y80_TPMC_N400000_S101,101,sample,1234,triangle_1234,sailWall,-0.10985000000052793,0.32774664129986075,-0.1798600738395781,1.0,-1.6109672756021582e-15,-2.936466306730322e-12,0.0012219098492735217,-8.080992028387935e-14,7484.538922892781,-1319.726150268671,-3.611807993974719e-08,1.7115221544718028e-07,-2.0180306871547736e-08,2.4332831113588845e-08,4.4249223552585435e-09,-6.886709970644129e-09,2.4332831113588845e-08,4.4249223552585435e-09,-6.886709970644129e-09,10,False,250.0
b712773f15e0f684,20270301_h250_r0_p90_y80_TPMC_N400000_S101,101,sample,1235,triangle_1235,sailWall,-0.10984999999947209,-0.3277466412998618,0.17986007384022215,1.0,-7.402508721783628e-16,-2.9344261801404124e-12,0.0012219098492735265,-8.080992028387935e-14,7484.538922892781,-1319.726150268671,-3.0005581067729085e-08,1.295113564188735e-07,-2.1341829302524185e-08,-1.6346846506777858e-08,-7.688646767054834e-09,-2.403604017650181e-08,-1.6346846506777858e-08,-7.688646767054834e-09,-2.403604017650181e-08,11,False,250.0
b712773f15e0f684,20270301_h250_r0_p90_y80_TPMC_N400000_S101,101,sample,1236,triangle_1236,sailWall,-0.10985000000113791,-0.024135070193385993,-0.38767332863673404,1.0,-9.968240706706952e-16,-2.935233909989827e-12,0.001157796241994951,-8.080992028387935e-14,7484.538922892781,-1319.726150268671,-2.1660975276178414e-08,1.1898099622157676e-07,-1.9996124794316478e-08,4.527926679223193e-08,6.018194249074054e-09,-1.366287582547883e-08,4.527926679223193e-08,6.018194249074054e-09,-1.366287582547883e-08,7,False,250.0
b712773f15e0f684,20270301_h250_r0_p90_y80_TPMC_N400000_S101,101,sample,1237,triangle_1237,sailWall,-0.10985000000007084,0.3876733286370562,-0.02413507019306325,1.0,4.3403778230779927e-16,-2.9346633565339468e-12,0.0011577962419949462,-8.080992028387935e-14,7484.538922892781,-1319.726150268671,-4.6575266260805645e-09,5.325884520462632e-08,-1.7019758683252055e-08,-5.542385463813159e-09,-1.7430661968020539e-09,-3.9913668859006125e-09,-5.542385463813159e-09,-1.7430661968020539e-09,-3.9913668859006125e-09,3,False,250.0
b712773f15e0f684,20270301_h250_r0_p90_y80_TPMC_N400000_S101,101,sample,1238,triangle_1238,sailWall,-0.1098499999988621,0.024135070193385,0.3876733286373791,1.0,-9.968240706549462e-16,-2.935233909989825e-12,0.0011577962419949568,-8.080992028387935e-14,7484.538922892781,-1319.726150268671,-2.2525246042751656e-08,1.073209671062877e-07,-2.5184875709941638e-08,-4.175326196721112e-08,-1.1422590631607219e-08,-1.121940312258775e-08,-4.175326196721112e-08,-1.1422590631607219e-08,-1.121940312258775e-08,8,False,250.0
b712773f15e0f684,20270301_h250_r0_p90_y80_TPMC_N400000_S101,101,sample,1239,triangle_1239,sailWall,-0.10984999999992917,-0.38767332863705617,0.024135070193706976,1.0,4.3403778232210955e-16,-2.934663356533953e-12,0.001157796241994941,-8.080992028387935e-14,7484.538922892781,-1319.726150268671,-4.4439205908117384e-08,1.1800306838512307e-07,-1.8553161848206024e-08,4.548309660112081e-09,-3.0588151903236653e-09,-3.033761070802873e-08,4.548309660112081e-09,-3.0588151903236653e-09,-3.033761070802873e-08,17,False,250.0
b712773f15e0f684,20270301_h250_r0_p90_y80_TPMC_N400000_S101,101,sample,1240,triangle_1240,sailWall,-0.1098499999985995,-0.02744959015014999,0.47713111581376944,1.0,2.9183483972202994e-16,-2.9362400623026638e-12,0.0011238247979454032,-8.080992028387935e-14,7484.538922892781,-1319.726150268671,-2.4898690573742942e-08,1.3371604877909034e-07,-2.0560098777786927e-08,-6.320298922362408e-08,-1.4168657695543015e-08,-1.5377346681761236e-08,-6.320298922362408e-08,-1.4168657695543015e-08,-1.5377346681761236e-08,7,False,250.0
b712773f15e0f684,20270301_h250_r0_p90_y80_TPMC_N400000_S101,101,sample,1241,triangle_1241,sailWall,-0.10984999999991947,0.47713225013620103,0.027450183322630845,1.0,-5.464083461586743e-16,-2.934542739202256e-12,0.001123956729416214,-8.080992028387935e-14,7484.538922892781,-1319.726150268671,-1.9888222396182817e-08,1.2277202997041964e-07,-2.1743555558401735e-08,-1.398276163124632e-08,-2.938788716140432e-09,-3.949065552991328e-09,-1.398276163124632e-08,-2.938788716140432e-09,-3.949065552991328e-09,6,False,250.0
b712773f15e0f684,20270301_h250_r0_p90_y80_TPMC_N400000_S101,101,sample,1242,triangle_1242,sailWall,-0.1098500000000806,-0.477132250136201,-0.02745018332198736,1.0,5.180083012065912e-16,-2.936445933885378e-12,0.0011239567294162116,-8.080992028387935e-14,7484.538922892781,-1319.726150268671,-3.7685012074409436e-08,1.4385322859302232e-07,-2.7970727382389535e-08,1.705089869142278e-08,-2.0363214559673536e-09,-3.373640705380051e-08,1.705089869142278e-08,-2.0363214559673536e-09,-3.373640705380051e-08,15,False,250.0
b712773f15e0f684,20270301_h250_r0_p90_y80_TPMC_N400000_S101,101,sample,1243,triangle_1243,sailWall,-0.1098500000014005,0.02745018332230766,-0.4771322501358792,1.0,2.623396371009292e-16,-2.9358246595345233e-12,0.0011239567294162231,-8.080992028387935e-14,7484.538922892781,-1319.726150268671,-2.382967693914359e-08,1.2851621470035545e-07,-2.001522017207499e-08,6.089222752492244e-08,9.243444399554952e-09,-1.3523013177476624e-08,6.089222752492244e-08,9.243444399554952e-09,-1.3523013177476624e-08,8,False,250.0
b712773f15e0f684,20270301_h250_r0_p90_y80_TPMC_N400000_S101,101,sample,1244,triangle_1244,sailWall,-0.1098500000001912,-0.17267933329626609,-0.06514592913392175,1.0,-1.0135762483150926e-15,-2.9362324634680914e-12,0.0010968082574539578,-8.080992028387935e-14,7484.538922892781,-1319.726150268671,-6.550711039597585e-08,3.7513743423353924e-08,-1.8451212390572876e-08,5.555597758315207e-09,2.2659838757794002e-09,-1.5382192508141686e-08,5.555597758315207e-09,2.2659838757794002e-09,-1.5382192508141686e-08,26,False,250.0
b712773f15e0f684,20270301_h250_r0_p90_y80_TPMC_N400000_S101,101,sample,1245,triangle_1245,sailWall,-0.10984999999980881,0.17267933329626617,0.06514592913456684,1.0,-7.352655484367924e-16,-2.936435063111525e-12,0.001096808257453976,-8.080992028387935e-14,7484.538922892781,-1319.726150268671,-8.898650847751878e-09,6.070241230949186e-08,-1.0923991174521626e-08,-5.685056450978839e-09,-1.813799690104988e-09,-5.119227535315964e-09,-5.685056450978839e-09,-1.813799690104988e-09,-5.119227535315964e-09,4,False,250.0
b712773f15e0f684,20270301_h250_r0_p90_y80_TPMC_N400000_S101,101,sample,1246,triangle_1246,sailWall,-0.10985000000050682,0.0651459291342443,-0.1726793332959438,1.0,3.625723880444019e-16,-2.9350303873054232e-12,0.0010968082574539623,-8.080992028387935e-14,7484.538922892781,-1319.726150268671,-3.382956542033232e-08,1.0857620168502742e-07,-3.749303109778107e-08,1.59776792411069e-08,1.7044121963461947e-09,-9.649541665946926e-09,1.59776792411069e-08,1.7044121963461947e-09,-9.649541665946926e-09,13,False,250.0
b712773f15e0f684,20270301_h250_r0_p90_y80_TPMC_N400000_S101,101,sample,1247,triangle_1247,sailWall,-0.10984999999949314,-0.06514592913424443,0.17267933329658855,1.0,2.6318304090203176e-17,-2.9350589465304467e-12,0.0010968082574539645,-8.080992028387935e-14,7484.538922892781,-1319.726150268671,-1.8279534659478478e-08,8.768237545681452e-08,-1.6947779864934237e-08,-1.3971471582634767e-08,-4.998062363073903e-09,-1.0867885297604594e-08,-1.3971471582634767e-08,-4.998062363073903e-09,-1.0867885297604594e-08,6,False,250.0
b712773f15e0f684,20270301_h250_r0_p90_y80_TPMC_N400000_S101,101,sample,1248,triangle_1248,sailWall,-0.10985000000087851,0.07842235316257934,-0.29929007429149657,1.0,1.125772213206708e-15,-2.9359650843478284e-12,0.0010775831642539356,-8.080992028387935e-14,7484.538922892781,-1319.726150268671,-2.260039004467418e-08,1.4769132839148113e-07,-2.987763211070292e-08,4.159978767344397e-08,3.4325241166606547e-09,-1.4372113514290678e-08,4.159978767344397e-08,3.4325241166606547e-09,-1.4372113514290678e-08,9,False,250.0
b712773f15e0f684,20270301_h250_r0_p90_y80_TPMC_N400000_S101,101,sample,1249,triangle_1249,sailWall,-0.10985000000023021,-0.2992900742918182,-0.07842235316225758,1.0,-1.3608824234170673e-15,-2.9352470642233e-12,0.001077583164253935,-8.080992028387935e-14,7484.538922892781,-1319.726150268671,-4.806963611327544e-08,1.6126829522570521e-07,-3.583404628906616e-08,2.3334407431431473e-08,-2.8884805464956226e-10,-3.211222492038891e-08,2.3334407431431473e-08,-2.8884805464956226e-10,-3.211222492038891e-08,20,False,250.0
b712773f15e0f684,20270301_h250_r0_p90_y80_TPMC_N400000_S101,101,sample,1250,triangle_1250,sailWall,-0.1098499999997698,0.29929007429181875,0.0784223531629017,1.0,-1.6921527879358902e-15,-2.935244999747133e-12,0.0010775831642539347,-8.080992028387935e-14,7484.538922892781,-1319.726150268671,-2.0659136579394382e-08,1.1222171426079347e-07,-1.5720183901515185e-08,-1.3195019846983647e-08,-3.2754601244238073e-09,-6.277925572998965e-09,-1.3195019846983647e-08,-3.2754601244238073e-09,-6.277925572998965e-09,6,False,250.0
b712773f15e0f684,20270301_h250_r0_p90_y80_TPMC_N400000_S101,101,sample,1251,triangle_1251,sailWall,-0.10984999999912153,-0.07842235316257994,0.29929007429214133,1.0,-7.553711700097039e-16,-2.934813819926374e-12,0.0010775831642539332,-8.080992028387935e-14,7484.538922892781,-1319.726150268671,-1.3379304739974396e-08,9.481204473642626e-08,-2.840916232159383e-08,-2.6462084464721234e-08,-7.070933838888497e-09,-1.1403240802429613e-08,-2.6462084464721234e-08,-7.070933838888497e-09,-1.1403240802429613e-08,5,False,250.0
b712773f15e0f684,20270301_h250_r0_p90_y80_TPMC_N400000_S101,101,sample,1252,triangle_1252,sailWall,-0.10984999999981075,0.024994210633435005,0.06447114047630072,1.0,3.089052866063262e-26,-2.9345324069243545e-12,0.0010853355356983522,-8.080992028387935e-14,7484.538922892781,-1319.726150268671,-3.044726633239059e-08,8.568242315274766e-08,-4.730378533040088e-10,-6.201245220141309e-09,-1.9341749335830983e-09,-8.66942877691295e-09,-6.201245220141309e-09,-1.9341749335830983e-09,-8.66942877691295e-09,13,False,250.0
b712773f15e0f684,20270301_h250_r0_p90_y80_TPMC_N400000_S101,101,sample,1253,triangle_1253,sailWall,-0.10984999999992663,-0.06447114047597828,0.02499421063375751,1.0,-1.0630822595974996e-15,-2.935984788621223e-12,0.0010853355356983535,-8.080992028387935e-14,7484.538922892781,-1319.726150268671,-1.9397218548861034e-07,2.1483761985975364e-08,-3.060384783617181e-08,1.832826976227403e-09,-8.125808693637776e-09,-1.5088349554142786e-08,1.832826976227403e-09,-8.125808693637776e-09,-1.5088349554142786e-08,87,False,250.0
b712773f15e0f684,20270301_h250_r0_p90_y80_TPMC_N400000_S101,101,sample,1254,triangle_1254,sailWall,-0.10985000000007338,0.06447114047597828,-0.02499421063311266,1.0,-1.0630822595958645e-15,-2.935984788621224e-12,0.0010853355356983533,-8.080992028387935e-14,7484.538922892781,-1319.726150268671,0.0,0.0,0.0,0.0,0.0,0.0,0.0,0.0,0.0,0,True,250.0
b712773f15e0f684,20270301_h250_r0_p90_y80_TPMC_N400000_S101,101,sample,1255,triangle_1255,sailWall,-0.10985000000018925,-0.02499421063343508,-0.06447114047565587,1.0,3.0527110676389855e-26,-2.9345324069243525e-12,0.001085335535698353,-8.080992028387935e-14,7484.538922892781,-1319.726150268671,-3.013527420634248e-08,6.85576625099055e-08,-1.800908200889574e-08,4.58277513034077e-09,-1.6954448441289474e-10,-8.252980845486973e-09,4.58277513034077e-09,-1.6954448441289474e-10,-8.252980845486973e-09,10,False,250.0
b712773f15e0f684,20270301_h250_r0_p90_y80_TPMC_N400000_S101,101,sample,1256,triangle_1256,sailWall,-0.10984999999873062,-0.0018731411328014546,0.4324822687240739,1.0,6.821337305263054e-16,-2.935311791641912e-12,0.0011647921756234865,-8.080992028387935e-14,7484.538922892781,-1319.726150268671,-3.733657714476652e-08,2.240330551729172e-07,-4.834055156681067e-08,-9.711646546587702e-08,-2.1567649773208145e-08,-2.4974242577322414e-08,-9.711646546587702e-08,-2.1567649773208145e-08,-2.4974242577322414e-08,12,False,250.0
b712773f15e0f684,20270301_h250_r0_p90_y80_TPMC_N400000_S101,101,sample,1257,triangle_1257,sailWall,-0.10984999999999452,0.4324822978207263,0.0018732504449216689,1.0,7.936316558382832e-16,-2.934696158365749e-12,0.0011648006704072869,-8.080992028387935e-14,7484.538922892781,-1319.726150268671,-1.5131139745938542e-08,8.965568028927636e-08,-2.5493725392969244e-08,-1.0663452915031675e-08,-2.7103877683776275e-09,-3.263390697141849e-09,-1.0663452915031675e-08,-2.7103877683776275e-09,-3.263390697141849e-09,5,False,250.0
b712773f15e0f684,20270301_h250_r0_p90_y80_TPMC_N400000_S101,101,sample,1258,triangle_1258,sailWall,-0.10985000000126943,0.0018732504445986779,-0.4324822978204041,1.0,-9.274795309645435e-16,-2.9362410445353252e-12,0.0011648006704072914,-8.080992028387935e-14,7484.538922892781,-1319.726150268671,-2.3484256729573723e-08,7.835233359355133e-08,-2.0479102620759842e-08,3.389489403090242e-08,7.852240839155495e-09,-8.645913725402611e-09,3.389489403090242e-08,7.852240839155495e-09,-8.645913725402611e-09,7,False,250.0
b712773f15e0f684,20270301_h250_r0_p90_y80_TPMC_N400000_S101,101,sample,1259,triangle_1259,sailWall,-0.1098500000000055,-0.4324822978207261,-0.0018732504442780528,1.0,-5.905016019979739e-16,-2.936570641016425e-12,0.0011648006704072901,-8.080992028387935e-14,7484.538922892781,-1319.726150268671,-4.5051216930771796e-08,8.895988292152448e-08,-2.9195125109959946e-08,1.3690136209298752e-08,-3.029449152098682e-09,-2.940345488040822e-08,1.3690136209298752e-08,-3.029449152098682e-09,-2.940345488040822e-08,17,False,250.0
b712773f15e0f684,20270301_h250_r0_p90_y80_TPMC_N400000_S101,101,sample,1260,triangle_1260,sailWall,-0.10984999999890548,-0.05345961170744908,0.3729142786491079,1.0,1.4125225274635645e-16,-2.9349194648120287e-12,0.0011641664507112742,-8.080992028387935e-14,7484.538922892781,-1319.726150268671,-1.641361429617752e-08,1.1459669515817969e-07,-2.1369016563231424e-08,-4.166537123829802e-08,-8.434917783560562e-09,-1.3396732644011304e-08,-4.166537123829802e-08,-8.434917783560562e-09,-1.3396732644011304e-08,6,False,250.0
b712773f15e0f684,20270301_h250_r0_p90_y80_TPMC_N400000_S101,101,sample,1261,triangle_1261,sailWall,-0.10984999999984309,0.37291435476038814,0.05345981844157558,1.0,9.546759362591014e-16,-2.9346300558734133e-12,0.0011641743666829267,-8.080992028387935e-14,7484.538922892781,-1319.726150268671,-2.6570145757489126e-08,1.765482978037279e-07,-3.6370680760968695e-08,-2.3784141674580237e-08,-5.478223845117048e-09,-9.402594915393219e-09,-2.3784141674580237e-08,-5.478223845117048e-09,-9.402594915393219e-09,11,False,250.0
b712773f15e0f684,20270301_h250_r0_p90_y80_TPMC_N400000_S101,101,sample,1262,triangle_1262,sailWall,-0.10985000000109463,0.05345981844125284,-0.37291435476006596,1.0,4.1009639899543583e-16,-2.9347458951675986e-12,0.0011641743666829375,-8.080992028387935e-14,7484.538922892781,-1319.726150268671,-1.307899324814536e-08,9.175770640633737e-08,-9.22685882466429e-09,3.301581496875663e-08,3.804862584455263e-09,-9.253653246728819e-09,3.301581496875663e-08,3.804862584455263e-09,-9.253653246728819e-09,5,False,250.0
b712773f15e0f684,20270301_h250_r0_p90_y80_TPMC_N400000_S101,101,sample,1263,triangle_1263,sailWall,-0.10985000000015689,-0.37291435476038753,-0.05345981844093153,1.0,9.546759362718036e-16,-2.9346300558734222e-12,0.0011641743666829304,-8.080992028387935e-14,7484.538922892781,-1319.726150268671,-3.510004950668919e-08,1.30815651886106e-07,-3.307429693376288e-08,2.005927912959812e-08,-1.7376852018974522e-09,-2.747327486390405e-08,2.005927912959812e-08,-1.7376852018974522e-09,-2.747327486390405e-08,13,False,250.0
b712773f15e0f684,20270301_h250_r0_p90_y80_TPMC_N400000_S101,101,sample,1264,triangle_1264,sailWall,-0.10984999999851129,-0.027539292199540395,0.5071795447644708,1.0,2.559558138324017e-16,-2.934475156899032e-12,0.0011509117860740523,-8.080992028387935e-14,7484.538922892781,-1319.726150268671,-1.829599534928383e-08,1.0260208811314555e-07,-2.0783778999175296e-08,-5.2281751138709237e-08,-1.1702146615992784e-08,-1.1775858168369887e-08,-5.2281751138709237e-08,-1.1702146615992784e-08,-1.1775858168369887e-08,6,False,250.0
b712773f15e0f684,20270301_h250_r0_p90_y80_TPMC_N400000_S101,101,sample,1265,triangle_1265,sailWall,-0.10984999999864258,-0.0019532017102050353,0.4624684188608806,1.0,6.832422669569929e-16,-2.936464473758945e-12,0.0011678878420607237,-8.080992028387935e-14,7484.538922892781,-1319.726150268671,-2.886157593303715e-08,1.6502036139025573e-07,-3.002266531183049e-08,-7.629938681835504e-08,-1.66712883741117e-08,-1.8215115395670462e-08,-7.629938681835504e-08,-1.66712883741117e-08,-1.8215115395670462e-08,9,False,250.0
b712773f15e0f684,20270301_h250_r0_p90_y80_TPMC_N400000_S101,101,sample,1266,triangle_1266,sailWall,-0.10984999999991919,0.5071814067587641,0.02753977742429751,1.0,1.792401615420461e-16,-2.9345279937895454e-12,0.0011510208539148525,-8.080992028387935e-14,7484.538922892781,-1319.726150268671,-1.2338015984368718e-08,1.0390333052120572e-07,-2.086924007760702e-08,-1.2756469714745276e-08,-2.6267039052801743e-09,-5.2273341262867775e-09,-1.2756469714745276e-08,-2.6267039052801743e-09,-5.2273341262867775e-09,5,False,250.0
b712773f15e0f684,20270301_h250_r0_p90_y80_TPMC_N400000_S101,101,sample,1267,triangle_1267,sailWall,-0.1098500000014887,0.02753977742397416,-0.5071814067584425,1.0,2.3412489152729023e-16,-2.934436160723244e-12,0.0011510208539148642,-8.080992028387935e-14,7484.538922892781,-1319.726150268671,-1.7682372732948633e-08,7.28631143149729e-08,-1.4212470478979947e-08,3.6888401212358166e-08,7.521338593968337e-09,-7.419790023587398e-09,3.6888401212358166e-08,7.521338593968337e-09,-7.419790023587398e-09,4,False,250.0
b712773f15e0f684,20270301_h250_r0_p90_y80_TPMC_N400000_S101,101,sample,1268,triangle_1268,sailWall,-0.10985000000008083,-0.507181406758764,-0.0275397774236541,1.0,1.2809620221819365e-15,-2.9364304304186502e-12,0.0011510208539148477,-8.080992028387935e-14,7484.538922892781,-1319.726150268671,-2.4506143232995593e-08,7.411891374246075e-08,-1.4561460912436234e-08,9.70983141819641e-09,-7.848181352822925e-10,-2.0505500710110245e-08,9.70983141819641e-09,-7.848181352822925e-10,-2.0505500710110245e-08,5,False,250.0
b712773f15e0f684,20270301_h250_r0_p90_y80_TPMC_N400000_S101,101,sample,1269,triangle_1269,sailWall,-0.10985000000008095,-0.38773310478980366,-0.02758921731269426,1.0,9.49203674490248e-16,-2.93462065931782e-12,0.0011597313018615802,-8.080992028387935e-14,7484.538922892781,-1319.726150268671,-6.104940392620391e-08,2.252645271827028e-07,-4.158657544350467e-08,2.305998767158153e-08,-2.7625379612799994e-09,-4.831517951091753e-08,2.305998767158153e-08,-2.7625379612799994e-09,-4.831517951091753e-08,19,False,250.0
b712773f15e0f684,20270301_h250_r0_p90_y80_TPMC_N400000_S101,101,sample,1270,triangle_1270,sailWall,-0.10984999999886196,-0.027589027548879996,0.3877330207297527,1.0,-4.077705612846529e-16,-2.9352391937255162e-12,0.0011597153913116686,-8.080992028387935e-14,7484.538922892781,-1319.726150268671,-1.480550205876029e-08,8.536516480035575e-08,-1.589653179529493e-08,-3.1971206963538546e-08,-7.36255545020264e-09,-9.801827583962515e-09,-3.1971206963538546e-08,-7.36255545020264e-09,-9.801827583962515e-09,5,False,250.0
b712773f15e0f684,20270301_h250_r0_p90_y80_TPMC_N400000_S101,101,sample,1271,triangle_1271,sailWall,-0.10985000000113809,0.02758921731301542,-0.38773310478948186,1.0,1.1898329759070767e-15,-2.9342918008323806e-12,0.0011597313018615878,-8.080992028387935e-14,7484.538922892781,-1319.726150268671,-1.027215384094377e-08,8.364374443679507e-08,-1.1988279107302449e-08,3.148115796977041e-08,2.5950190477236934e-09,-8.93037677390195e-09,3.148115796977041e-08,2.5950190477236934e-09,-8.93037677390195e-09,4,False,250.0
b712773f15e0f684,20270301_h250_r0_p90_y80_TPMC_N400000_S101,101,sample,1272,triangle_1272,sailWall,-0.10984999999991903,0.3877331047898041,0.02758921731333815,1.0,9.492036744756237e-16,-2.9346206593178078e-12,0.00115973130186158,-8.080992028387935e-14,7484.538922892781,-1319.726150268671,-1.8905901633508206e-09,1.6886478425412173e-08,-4.334335156476095e-09,-2.0508165189066273e-09,-5.189259640065429e-10,-1.1271806128791699e-09,-2.0508165189066273e-09,-5.189259640065429e-10,-1.1271806128791699e-09,1,False,250.0
b712773f15e0f684,20270301_h250_r0_p90_y80_TPMC_N400000_S101,101,sample,1273,triangle_1273,sailWall,-0.10985000000135746,0.0019528647062671118,-0.46246894032413505,1.0,-9.285347669193245e-16,-2.9351418547647653e-12,0.001167932356051904,-8.080992028387935e-14,7484.538922892781,-1319.726150268671,-7.66401937710663e-09,4.893669676581529e-08,-7.158627060156336e-09,2.2097283127430102e-08,2.674799338848609e-09,-5.368065415323891e-09,2.2097283127430102e-08,2.674799338848609e-09,-5.368065415323891e-09,2,False,250.0
b712773f15e0f684,20270301_h250_r0_p90_y80_TPMC_N400000_S101,101,sample,1274,triangle_1274,sailWall,-0.1098499999999943,0.462468940324457,0.0019528647065903241,1.0,-6.351598641291979e-16,-2.9346975300235137e-12,0.0011679323560518924,-8.080992028387935e-14,7484.538922892781,-1319.726150268671,0.0,0.0,0.0,0.0,0.0,0.0,0.0,0.0,0.0,0,True,250.0
b712773f15e0f684,20270301_h250_r0_p90_y80_TPMC_N400000_S101,101,sample,1275,triangle_1275,sailWall,-0.10985000000000573,-0.4624689403244571,-0.0019528647059468378,1.0,4.470768160851268e-16,-2.936569644928141e-12,0.001167932356051901,-8.080992028387935e-14,7484.538922892781,-1319.726150268671,-2.3302196729892793e-08,9.779634387868671e-08,-1.69704887085013e-08,8.705487717372733e-09,-1.7652535554037784e-09,-2.1698620636614574e-08,8.705487717372733e-09,-1.7652535554037784e-09,-2.1698620636614574e-08,8,False,250.0
b712773f15e0f684,20270301_h250_r0_p90_y80_TPMC_N400000_S101,101,sample,1276,triangle_1276,sailWall,-0.1098499999998549,-0.4322682773631694,0.04943238237359978,1.0,4.872843760793284e-16,-2.934634716929887e-12,0.0011175060170542227,-8.080992028387935e-14,7484.538922892781,-1319.726150268671,-2.1128603851925402e-08,8.144274005688481e-08,-1.0098946443904637e-08,6.416693555529972e-10,-2.142179618703539e-09,-1.8168932432713223e-08,6.416693555529972e-10,-2.142179618703539e-09,-1.8168932432713223e-08,6,False,250.0
b712773f15e0f684,20270301_h250_r0_p90_y80_TPMC_N400000_S101,101,sample,1277,triangle_1277,sailWall,-0.10985000000014511,0.43226716742150956,-0.049430466671709715,1.0,9.956158061851092e-16,-2.934978114862464e-12,0.001117334020730933,-8.080992028387935e-14,7484.538922892781,-1319.726150268671,-4.9516618049298476e-09,3.4386515548321885e-08,-1.0140952167758134e-08,-2.9459569537207915e-09,-9.184799542060604e-10,-1.6457933598092966e-09,-2.9459569537207915e-09,-9.184799542060604e-10,-1.6457933598092966e-09,2,False,250.0
b712773f15e0f684,20270301_h250_r0_p90_y80_TPMC_N400000_S101,101,sample,1278,triangle_1278,sailWall,-0.10985000000126884,-0.049432382373279155,-0.432268277362847,1.0,3.7914263116837025e-16,-2.935407542445983e-12,0.0011175060170542088,-8.080992028387935e-14,7484.538922892781,-1319.726150268671,-1.2566605423659325e-08,6.426985467377501e-08,-1.932050314440439e-08,2.8906831882280375e-08,3.3310651755118026e-09,-7.65303010263693e-09,2.8906831882280375e-08,3.3310651755118026e-09,-7.65303010263693e-09,4,False,250.0
b712773f15e0f684,20270301_h250_r0_p90_y80_TPMC_N400000_S101,101,sample,1279,triangle_1279,sailWall,-0.1098499999987312,0.04943238237327808,0.43226827736349227,1.0,-1.5389369394948199e-15,-2.9346599747456556e-12,0.0011175060170542125,-8.080992028387935e-14,7484.538922892781,-1319.726150268671,-2.038417243702009e-08,1.0200418641855719e-07,-1.8290182834249346e-08,-4.547965467741424e-08,-1.0900352919309688e-08,-1.0061456791047012e-08,-4.547965467741424e-08,-1.0900352919309688e-08,-1.0061456791047012e-08,6,False,250.0
b712773f15e0f684,20270301_h250_r0_p90_y80_TPMC_N400000_S101,101,sample,1280,triangle_1280,sailWall,-0.10985000000014654,0.3429903867357798,-0.04992015382101502,1.0,3.18555199825156e-16,-2.9364480344613485e-12,0.0011498674171954732,-8.080992028387935e-14,7484.538922892781,-1319.726150268671,0.0,0.0,0.0,0.0,0.0,0.0,0.0,0.0,0.0,0,True,250.0
b712773f15e0f684,20270301_h250_r0_p90_y80_TPMC_N400000_S101,101,sample,1281,triangle_1281,sailWall,-0.10984999999899325,0.04992015382133678,0.34299038673610255,0.9999999999999999,5.385409857132864e-16,-2.9348951260875446e-12,0.0011498674171954743,-8.080992028387935e-14,7484.538922892781,-1319.726150268671,-1.1605849510922663e-08,8.500505787941668e-08,-2.0638717873614915e-08,-3.035727254752997e-08,-6.311485926500507e-09,-8.840625871587977e-09,-3.035727254752997e-08,-6.311485926500507e-09,-8.840625871587977e-09,4,False,250.0
b712773f15e0f684,20270301_h250_r0_p90_y80_TPMC_N400000_S101,101,sample,1282,triangle_1282,sailWall,-0.1098499999998535,-0.34299038673578,0.049920153821658965,1.0,-7.604810645452275e-16,-2.934564271204324e-12,0.0011498674171954689,-8.080992028387935e-14,7484.538922892781,-1319.726150268671,-4.7903407905020045e-08,1.6107147524154924e-07,-2.8861574331344274e-08,1.709506003876681e-09,-5.613509948958786e-09,-3.4120160774363365e-08,1.709506003876681e-09,-5.613509948958786e-09,-3.4120160774363365e-08,15,False,250.0
b712773f15e0f684,20270301_h250_r0_p90_y80_TPMC_N400000_S101,101,sample,1283,triangle_1283,sailWall,-0.10985000000100675,-0.04992015382133763,-0.3429903867354575,1.0,-1.0761132346061711e-15,-2.9358200143141815e-12,0.001149867417195468,-8.080992028387935e-14,7484.538922892781,-1319.726150268671,-1.5477166602673217e-08,3.338655697594379e-08,-1.7196496242292825e-08,1.2077295719141521e-08,3.429202652853786e-09,-4.421946180808346e-09,1.2077295719141521e-08,3.429202652853786e-09,-4.421946180808346e-09,6,False,250.0
b712773f15e0f684,20270301_h250_r0_p90_y80_TPMC_N400000_S101,101,sample,1284,triangle_1284,sailWall,-0.10985000000019163,0.024313320768403753,-0.06527071106868983,1.0,3.0650666384548506e-26,-2.9359802746027937e-12,0.0011453033301759361,-8.080992028387935e-14,7484.538922892781,-1319.726150268671,-4.6879240135387115e-08,1.6953214275721937e-07,-2.8406510131490662e-08,1.1508950399672329e-08,2.7995394032864054e-10,-1.7582290949727283e-08,1.1508950399672329e-08,2.7995394032864054e-10,-1.7582290949727283e-08,17,False,250.0
b712773f15e0f684,20270301_h250_r0_p90_y80_TPMC_N400000_S101,101,sample,1285,triangle_1285,sailWall,-0.10984999999980842,-0.02431332076840377,0.06527071106933476,1.0,3.0650666384548357e-26,-2.9338597770870733e-12,0.0011453033301759418,-8.080992028387935e-14,7484.538922892781,-1319.726150268671,-4.0854575811346646e-08,1.6063261371801054e-07,-2.0006362994934082e-08,-1.038666595262469e-08,-4.89589711436863e-09,-1.8748541170334104e-08,-1.038666595262469e-08,-4.89589711436863e-09,-1.8748541170334104e-08,16,False,250.0
b712773f15e0f684,20270301_h250_r0_p90_y80_TPMC_N400000_S101,101,sample,1286,triangle_1286,sailWall,-0.10984999999992863,0.06527071106901228,0.024313320768726193,1.0,9.628347045193408e-16,-2.9359847886212285e-12,0.0011453033301759403,-8.080992028387935e-14,7484.538922892781,-1319.726150268671,-5.511593401031256e-09,1.6973198850509468e-09,-3.9065194047279804e-09,-3.490955466184179e-10,-5.66428126446362e-10,2.3165525291672667e-10,-3.490955466184179e-10,-5.66428126446362e-10,2.3165525291672667e-10,2,False,250.0
b712773f15e0f684,20270301_h250_r0_p90_y80_TPMC_N400000_S101,101,sample,1287,triangle_1287,sailWall,-0.10985000000007135,-0.06527071106901228,-0.02431332076808136,1.0,1.2657629210505158e-15,-2.935984788621229e-12,0.0011453033301759398,-8.080992028387935e-14,7484.538922892781,-1319.726150268671,-1.866100152861204e-07,8.31666489197752e-08,-6.254165353099816e-08,6.09087850358962e-09,-2.37455281232865e-09,-2.0766139030467878e-08,6.09087850358962e-09,-2.37455281232865e-09,-2.0766139030467878e-08,73,False,250.0
b712773f15e0f684,20270301_h250_r0_p90_y80_TPMC_N400000_S101,101,sample,1288,triangle_1288,sailWall,-0.10985000000087614,0.12991679736200382,-0.29848167269057063,1.0,-1.348888496040343e-15,-2.9352539774465405e-12,0.001138546065841768,-8.080992028387935e-14,7484.538922892781,-1319.726150268671,-2.695103713939515e-08,1.3971118521518743e-07,-2.36224015828042e-08,3.7821954113301044e-08,5.311219989546335e-09,-1.1907022463477297e-08,3.7821954113301044e-08,5.311219989546335e-09,-1.1907022463477297e-08,9,False,250.0
b712773f15e0f684,20270301_h250_r0_p90_y80_TPMC_N400000_S101,101,sample,1289,triangle_1289,sailWall,-0.10984999999912388,-0.12991679736200448,0.298481672691215,1.0,7.969191580391692e-16,-2.9343019347365314e-12,0.0011385460658417668,-8.080992028387935e-14,7484.538922892781,-1319.726150268671,-3.194156919049364e-08,1.4960127524433648e-07,-3.503257869554616e-08,-3.994932754085038e-08,-1.3329632627174908e-08,-2.036183278398133e-08,-3.994932754085038e-08,-1.3329632627174908e-08,-2.036183278398133e-08,8,False,250.0
b712773f15e0f684,20270301_h250_r0_p90_y80_TPMC_N400000_S101,101,sample,1290,triangle_1290,sailWall,-0.10984999999961866,0.2984816726908925,0.12991679736232634,1.0,-1.8489714978029962e-15,-2.934802981111277e-12,0.0011385460658417704,-8.080992028387935e-14,7484.538922892781,-1319.726150268671,-2.5024192615731286e-08,1.4796772908983225e-07,-2.0119444130088894e-08,-2.4852883161976254e-08,-5.399701703354054e-09,-8.734637854046183e-09,-2.4852883161976254e-08,-5.399701703354054e-09,-8.734637854046183e-09,7,False,250.0
b712773f15e0f684,20270301_h250_r0_p90_y80_TPMC_N400000_S101,101,sample,1291,triangle_1291,sailWall,-0.10985000000038136,-0.29848167269089176,-0.12991679736168218,1.0,5.086220445482604e-16,-2.9350529371559863e-12,0.0011385460658417644,-8.080992028387935e-14,7484.538922892781,-1319.726150268671,-3.7302596392674935e-08,9.458035649934711e-08,-1.633285267593699e-08,1.7189979712236518e-08,3.022000810820645e-09,-2.1449790862935643e-08,1.7189979712236518e-08,3.022000810820645e-09,-2.1449790862935643e-08,16,False,250.0
b712773f15e0f684,20270301_h250_r0_p90_y80_TPMC_N400000_S101,101,sample,1292,triangle_1292,sailWall,-0.10984999999912626,-0.18144048393580467,0.29767787856391553,1.0,-5.861461546733646e-16,-2.9350080201803757e-12,0.0011398608567262621,-8.080992028387935e-14,7484.538922892781,-1319.726150268671,-2.7725954447800268e-08,9.597350620444333e-08,-1.4603614975542734e-08,-2.636156808267342e-08,-9.989233714309792e-09,-1.562163685530266e-08,-2.636156808267342e-08,-9.989233714309792e-09,-1.562163685530266e-08,9,False,250.0
b712773f15e0f684,20270301_h250_r0_p90_y80_TPMC_N400000_S101,101,sample,1293,triangle_1293,sailWall,-0.10985000000087373,0.18144048393580411,-0.29767787856327144,1.0,-5.861461546719813e-16,-2.935008020180407e-12,0.0011398608567262606,-8.080992028387935e-14,7484.538922892781,-1319.726150268671,-6.287717701269837e-09,4.6173879191909977e-08,-1.1260581217446192e-08,1.1679054061877609e-08,5.953546844257668e-10,-4.005451539432229e-09,1.1679054061877609e-08,5.953546844257668e-10,-4.005451539432229e-09,3,False,250.0
b712773f15e0f684,20270301_h250_r0_p90_y80_TPMC_N400000_S101,101,sample,1294,triangle_1294,sailWall,-0.10984999999946743,0.29767443597036797,0.1814436609546742,1.0,-1.293816919022391e-15,-2.9349071047031866e-12,0.0011399475469906478,-8.080992028387935e-14,7484.538922892781,-1319.726150268671,-2.1595239437862326e-08,1.375532810861902e-07,-1.6942405127066983e-08,-3.0341474240850714e-08,-5.840839042506629e-09,-8.708212590746264e-09,-3.0341474240850714e-08,-5.840839042506629e-09,-8.708212590746264e-09,8,False,250.0
b712773f15e0f684,20270301_h250_r0_p90_y80_TPMC_N400000_S101,101,sample,1295,triangle_1295,sailWall,-0.10985000000053262,-0.2976744359703672,-0.18144366095402972,1.0,9.928111671539177e-16,-2.9348039676367834e-12,0.0011399475469906406,-8.080992028387935e-14,7484.538922892781,-1319.726150268671,-4.150065500543977e-08,1.1816044129904853e-07,-4.062362905209703e-08,3.358814437497905e-08,3.182663778673944e-09,-2.5363129072174415e-08,3.358814437497905e-08,3.182663778673944e-09,-2.5363129072174415e-08,18,False,250.0
b712773f15e0f684,20270301_h250_r0_p90_y80_TPMC_N400000_S101,101,sample,1296,triangle_1296,sailWall,-0.10985000000087568,-0.02389770846970726,-0.2983203342157901,1.0,9.46507448270798e-16,-2.9344748186448643e-12,0.001145325302415586,-8.080992028387935e-14,7484.538922892781,-1319.726150268671,-2.1587518548298197e-08,1.178043985747552e-07,-1.8264668207163856e-08,3.540267398488392e-08,4.394387217802465e-09,-1.3392614584444431e-08,3.540267398488392e-08,4.394387217802465e-09,-1.3392614584444431e-08,8,False,250.0
b712773f15e0f684,20270301_h250_r0_p90_y80_TPMC_N400000_S101,101,sample,1297,triangle_1297,sailWall,-0.10985000000007013,0.29832033421611237,-0.023897708469384733,1.0,-6.026448047497679e-16,-2.9357977272657297e-12,0.001145325302415591,-8.080992028387935e-14,7484.538922892781,-1319.726150268671,-5.237821531742529e-09,1.6809629535714508e-08,-6.7168177131900745e-09,-1.532469229668638e-09,-6.28227442949233e-10,-3.771831186187285e-10,-1.532469229668638e-09,-6.28227442949233e-10,-3.771831186187285e-10,1,False,250.0
b712773f15e0f684,20270301_h250_r0_p90_y80_TPMC_N400000_S101,101,sample,1298,triangle_1298,sailWall,-0.10984999999912441,0.02389770846970656,0.29832033421643506,1.0,-6.755340772280665e-16,-2.9356926962470807e-12,0.0011453253024155858,-8.080992028387935e-14,7484.538922892781,-1319.726150268671,-1.2056252741068134e-08,9.281224250695748e-08,-1.4075422499959828e-08,-2.82138679823025e-08,-5.117398428350909e-09,-9.9047995523563e-09,-2.82138679823025e-08,-5.117398428350909e-09,-9.9047995523563e-09,5,False,250.0
b712773f15e0f684,20270301_h250_r0_p90_y80_TPMC_N400000_S101,101,sample,1299,triangle_1299,sailWall,-0.10984999999992988,-0.29832033421611237,0.02389770847002894,1.0,-7.622187464410025e-16,-2.936068451877104e-12,0.0011453253024155895,-8.080992028387935e-14,7484.538922892781,-1319.726150268671,-4.7117748289450366e-08,6.522894458998182e-08,-2.6883300967324357e-08,6.771481098842149e-09,-4.172823541899971e-09,-2.131114604032797e-08,6.771481098842149e-09,-4.172823541899971e-09,-2.131114604032797e-08,19,False,250.0
b712773f15e0f684,20270301_h250_r0_p90_y80_TPMC_N400000_S101,101,sample,1300,triangle_1300,sailWall,-0.10985000000100686,-0.15326821608486016,-0.34302534787946953,1.0,6.566328295370852e-16,-2.9357443036375326e-12,0.0011575475306066048,-8.080992028387935e-14,7484.538922892781,-1319.726150268671,-3.912913982786791e-08,1.499608160743795e-07,-4.477817777791603e-08,5.903143794018748e-08,8.620170479060356e-09,-2.2466074797502098e-08,5.903143794018748e-08,8.620170479060356e-09,-2.2466074797502098e-08,16,False,250.0
b712773f15e0f684,20270301_h250_r0_p90_y80_TPMC_N400000_S101,101,sample,1301,triangle_1301,sailWall,-0.10984999999899316,0.15326821608485933,0.3430253478801147,0.9999999999999999,-9.538083567733241e-16,-2.9345022710768235e-12,0.0011575475306065987,-8.080992028387935e-14,7484.538922892781,-1319.726150268671,-3.724918000085419e-08,1.7329194672701002e-07,-2.89689718469811e-08,-6.232185747083443e-08,-1.563417062957827e-08,-1.327094349515297e-08,-6.232185747083443e-08,-1.563417062957827e-08,-1.327094349515297e-08,9,False,250.0
b712773f15e0f684,20270301_h250_r0_p90_y80_TPMC_N400000_S101,101,sample,1302,triangle_1302,sailWall,-0.10985000000044987,0.34302534787979194,-0.15326821608453733,1.0,-1.496456123056442e-16,-2.9339413244132675e-12,0.0011575475306065943,-8.080992028387935e-14,7484.538922892781,-1319.726150268671,-7.530378116156477e-09,3.4386727402493676e-08,-6.578877687556164e-09,3.2230781712768177e-09,4.845316115412416e-10,-1.1606619510365005e-09,3.2230781712768177e-09,4.845316115412416e-10,-1.1606619510365005e-09,2,False,250.0
b712773f15e0f684,20270301_h250_r0_p90_y80_TPMC_N400000_S101,101,sample,1303,triangle_1303,sailWall,-0.10984999999955014,-0.34302534787979294,0.15326821608518132,1.0,-3.045035910253092e-16,-2.933673262964646e-12,0.0011575475306065982,-8.080992028387935e-14,7484.538922892781,-1319.726150268671,-2.9674906157501997e-08,1.1924375242762112e-07,-2.272670896452818e-08,-1.0661957360682834e-08,-7.063250010664763e-09,-2.3233775198021764e-08,-1.0661957360682834e-08,-7.063250010664763e-09,-2.3233775198021764e-08,12,False,250.0
b712773f15e0f684,20270301_h250_r0_p90_y80_TPMC_N400000_S101,101,sample,1304,triangle_1304,sailWall,-0.10985000000045603,0.3757433941963734,-0.1553676477659652,1.0,5.048083318281973e-16,-2.9339406997059833e-12,0.00138166166583974,-8.080992028387935e-14,7484.538922892781,-1319.726150268671,-9.088909536088605e-09,3.592072759338041e-08,-3.916673765188916e-09,4.543677462434577e-09,1.1164911245912444e-09,-4.977642089137461e-10,4.543677462434577e-09,1.1164911245912444e-09,-4.977642089137461e-10,2,False,250.0
b712773f15e0f684,20270301_h250_r0_p90_y80_TPMC_N400000_S101,101,sample,1305,triangle_1305,sailWall,-0.10984999999889712,0.15536860296914787,0.375742634443664,0.9999999999999999,-9.525569788070603e-16,-2.935813235854074e-12,0.0013816026279193012,-8.080992028387935e-14,7484.538922892781,-1319.726150268671,-2.1378600408909983e-08,9.869932657635402e-08,-2.009988452324106e-08,-3.970227623668468e-08,-1.0225535671885867e-08,-7.550468088528507e-09,-3.970227623668468e-08,-1.0225535671885867e-08,-7.550468088528507e-09,6,False,250.0
b712773f15e0f684,20270301_h250_r0_p90_y80_TPMC_N400000_S101,101,sample,1306,triangle_1306,sailWall,-0.1098500000011029,-0.15536860296914867,-0.37574263444301875,0.9999999999999999,6.558865648635784e-16,-2.9349625041108256e-12,0.0013816026279193086,-8.080992028387935e-14,7484.538922892781,-1319.726150268671,-4.1234523832223776e-08,1.3420364001933503e-07,-3.094146679501201e-08,5.524558957797716e-08,1.2020109438307462e-08,-2.1054338911368094e-08,5.524558957797716e-08,1.2020109438307462e-08,-2.1054338911368094e-08,15,False,250.0
b712773f15e0f684,20270301_h250_r0_p90_y80_TPMC_N400000_S101,101,sample,1307,triangle_1307,sailWall,-0.10984999999954397,-0.3757426344433421,0.1553686029694697,0.9999999999999999,5.087860307174973e-16,-2.933672486641185e-12,0.0013816026279192862,-8.080992028387935e-14,7484.538922892781,-1319.726150268671,-9.18983365990151e-09,1.0340182670875218e-08,3.31056289822512e-09,-2.819192293896793e-09,-1.0812886017840417e-09,-4.514848019383341e-09,-2.819192293896793e-09,-1.0812886017840417e-09,-4.514848019383341e-09,5,False,250.0
b712773f15e0f684,20270301_h250_r0_p90_y80_TPMC_N400000_S101,101,sample,1308,triangle_1308,sailWall,-0.10985000000087568,0.02705174633369371,-0.29832919680784203,1.0,-8.23372768090458e-16,-2.9364303764869263e-12,0.0011381671747910248,-8.080992028387935e-14,7484.538922892781,-1319.726150268671,-2.8154551029192592e-08,1.769468874690123e-07,-3.2588702963773714e-08,5.22663159437526e-08,4.934504784691792e-09,-1.873358360403572e-08,5.22663159437526e-08,4.934504784691792e-09,-1.873358360403572e-08,11,False,250.0
b712773f15e0f684,20270301_h250_r0_p90_y80_TPMC_N400000_S101,101,sample,1309,triangle_1309,sailWall,-0.10984999999992057,0.29832919680816433,0.027051746334016153,1.0,-4.3625500146599517e-16,-2.9352406237686854e-12,0.0011381671747910198,-8.080992028387935e-14,7484.538922892781,-1319.726150268671,0.0,0.0,0.0,0.0,0.0,0.0,0.0,0.0,0.0,0,True,250.0
b712773f15e0f684,20270301_h250_r0_p90_y80_TPMC_N400000_S101,101,sample,1310,triangle_1310,sailWall,-0.10985000000007943,-0.29832919680816405,-0.02705174633337204,1.0,-5.940573653484556e-16,-2.934970056602125e-12,0.0011381671747910187,-8.080992028387935e-14,7484.538922892781,-1319.726150268671,-3.042020314907796e-08,3.5066068417287214e-08,-2.0370422309573e-08,6.9039073168670824e-09,-1.4053755459334467e-09,-1.2840745004998008e-08,6.9039073168670824e-09,-1.4053755459334467e-09,-1.2840745004998008e-08,13,False,250.0
b712773f15e0f684,20270301_h250_r0_p90_y80_TPMC_N400000_S101,101,sample,1311,triangle_1311,sailWall,-0.10984999999912437,-0.027051746333694376,0.2983291968084869,1.0,8.000302312409648e-16,-2.9354835623036678e-12,0.001138167174791022,-8.080992028387935e-14,7484.538922892781,-1319.726150268671,-1.806409200684002e-08,8.62055463727621e-08,-1.6717488834055877e-08,-2.605759898572577e-08,-7.380149598809117e-09,-9.975175942171692e-09,-2.605759898572577e-08,-7.380149598809117e-09,-9.975175942171692e-09,5,False,250.0
b712773f15e0f684,20270301_h250_r0_p90_y80_TPMC_N400000_S101,101,sample,1312,triangle_1312,sailWall,-0.10984999999904006,-0.1822904264804982,0.32704544819681497,1.0,-5.684299448129122e-16,-2.935402415198404e-12,0.0012268133704500597,-8.080992028387935e-14,7484.538922892781,-1319.726150268671,-1.6737516425759578e-08,1.2440489678556975e-07,-1.5296774872256267e-08,-3.753571218142241e-08,-7.140842892360794e-09,-1.6738018177679365e-08,-3.753571218142241e-08,-7.140842892360794e-09,-1.6738018177679365e-08,7,False,250.0
b712773f15e0f684,20270301_h250_r0_p90_y80_TPMC_N400000_S101,101,sample,1313,triangle_1313,sailWall,-0.10985000000053506,-0.32704200560326646,-0.1822936034987238,1.0,9.690651997330288e-16,-2.934805038685212e-12,0.0012271597031250732,-8.080992028387935e-14,7484.538922892781,-1319.726150268671,-2.8753869304224418e-08,1.1748953902422699e-07,-1.843841688044366e-08,2.690561717508659e-08,3.0396888930648205e-09,-2.2210731701714496e-08,2.690561717508659e-08,3.0396888930648205e-09,-2.2210731701714496e-08,10,False,250.0
b712773f15e0f684,20270301_h250_r0_p90_y80_TPMC_N400000_S101,101,sample,1314,triangle_1314,sailWall,-0.10985000000095994,0.18229042648049756,-0.3270454481961709,0.9999999999999999,-5.684299448141889e-16,-2.935402415198383e-12,0.0012268133704500797,-8.080992028387935e-14,7484.538922892781,-1319.726150268671,-1.8681379633008688e-08,7.54244017596785e-08,-1.559669109831187e-08,2.121394618094466e-08,4.2408307159286386e-09,-4.762167196354114e-09,2.121394618094466e-08,4.2408307159286386e-09,-4.762167196354114e-09,6,False,250.0
b712773f15e0f684,20270301_h250_r0_p90_y80_TPMC_N400000_S101,101,sample,1315,triangle_1315,sailWall,-0.10984999999946493,0.3270420056032674,0.18229360349936782,1.0,6.656192980730234e-16,-2.9348187254409437e-12,0.0012271597031250905,-8.080992028387935e-14,7484.538922892781,-1319.726150268671,-2.1001229811284965e-08,1.1500724261106093e-07,-2.1672689360609625e-08,-2.8232333929146483e-08,-6.2398725903304215e-09,-5.838404720238136e-09,-2.8232333929146483e-08,-6.2398725903304215e-09,-5.838404720238136e-09,6,False,250.0
b712773f15e0f684,20270301_h250_r0_p90_y80_TPMC_N400000_S101,101,sample,1316,triangle_1316,sailWall,-0.10984999999992935,-0.41755726048030145,0.02406093736975551,1.0,5.037654418231946e-16,-2.9346631953803233e-12,0.0011608324744581298,-8.080992028387935e-14,7484.538922892781,-1319.726150268671,-2.3591077434835634e-08,5.526848764361801e-08,-1.2979758186060003e-08,3.794356455228308e-09,-2.0075682617233403e-09,-1.5821678099588775e-08,3.794356455228308e-09,-2.0075682617233403e-09,-1.5821678099588775e-08,9,False,250.0
b712773f15e0f684,20270301_h250_r0_p90_y80_TPMC_N400000_S101,101,sample,1317,triangle_1317,sailWall,-0.10985000000122563,-0.024060937369434782,-0.4175572604799793,0.9999999999999999,-9.945853695281408e-16,-2.936202547130105e-12,0.0011608324744581283,-8.080992028387935e-14,7484.538922892781,-1319.726150268671,-1.614865570499105e-08,9.245733304210242e-08,-1.7098235025409014e-08,3.880399626978268e-08,4.838113868567297e-09,-1.0668523858237431e-08,3.880399626978268e-08,4.838113868567297e-09,-1.0668523858237431e-08,4,False,250.0
b712773f15e0f684,20270301_h250_r0_p90_y80_TPMC_N400000_S101,101,sample,1318,triangle_1318,sailWall,-0.10984999999877439,0.0240609373694337,0.4175572604806244,1.0,-9.988728946212948e-16,-2.93434742856098e-12,0.001160832474458137,-8.080992028387935e-14,7484.538922892781,-1319.726150268671,-9.297851222093081e-09,5.280698084694243e-08,-1.1258641889125151e-08,-2.2296724079055176e-08,-5.1363731239955255e-09,-5.657305814718614e-09,-2.2296724079055176e-08,-5.1363731239955255e-09,-5.657305814718614e-09,3,False,250.0
b712773f15e0f684,20270301_h250_r0_p90_y80_TPMC_N400000_S101,101,sample,1319,triangle_1319,sailWall,-0.10985000000007063,0.4175572604803015,-0.024060937369111895,1.0,8.129518700019851e-16,-2.9346624807927985e-12,0.0011608324744581293,-8.080992028387935e-14,7484.538922892781,-1319.726150268671,-8.295385392627906e-09,3.7797403208305615e-08,-1.303692153107828e-08,-4.293751581559035e-09,-1.1965938370544372e-09,-6.684271135285456e-10,-4.293751581559035e-09,-1.1965938370544372e-09,-6.684271135285456e-10,4,False,250.0
b712773f15e0f684,20270301_h250_r0_p90_y80_TPMC_N400000_S101,101,sample,1320,triangle_1320,sailWall,-0.10985000000109428,-0.04997825547080196,-0.3727976728297688,1.0,-1.077099480642661e-15,-2.935187853293895e-12,0.0011537820816743555,-8.080992028387935e-14,7484.538922892781,-1319.726150268671,-5.358197653885765e-08,2.4723697600797177e-07,-3.399677780325854e-08,9.340727249952184e-08,1.6157795295152305e-08,-2.9665852439336347e-08,9.340727249952184e-08,1.6157795295152305e-08,-2.9665852439336347e-08,14,False,250.0
b712773f15e0f684,20270301_h250_r0_p90_y80_TPMC_N400000_S101,101,sample,1321,triangle_1321,sailWall,-0.1098500000001467,0.372797672830091,-0.04997825547047926,1.0,-5.907056927856153e-16,-2.9364494530159928e-12,0.0011537820816743551,-8.080992028387935e-14,7484.538922892781,-1319.726150268671,0.0,0.0,0.0,0.0,0.0,0.0,0.0,0.0,0.0,0,True,250.0
b712773f15e0f684,20270301_h250_r0_p90_y80_TPMC_N400000_S101,101,sample,1322,triangle_1322,sailWall,-0.10984999999890577,0.049978255470801036,0.3727976728304139,1.0,5.404455268372635e-16,-2.936115893133135e-12,0.0011537820816743577,-8.080992028387935e-14,7484.538922892781,-1319.726150268671,-3.346418267692364e-08,1.8703543963549116e-07,-2.9319481005953206e-08,-7.120371386884746e-08,-1.5689671940042308e-08,-1.8761905265356347e-08,-7.120371386884746e-08,-1.5689671940042308e-08,-1.8761905265356347e-08,11,False,250.0
b712773f15e0f684,20270301_h250_r0_p90_y80_TPMC_N400000_S101,101,sample,1323,triangle_1323,sailWall,-0.10984999999985333,-0.3727976728300911,0.04997825547112302,1.0,4.920074530170176e-16,-2.9345623171739466e-12,0.0011537820816743512,-8.080992028387935e-14,7484.538922892781,-1319.726150268671,-4.711666251738686e-08,2.5828154739086627e-07,-4.5385753025338816e-08,4.280304028907002e-09,-7.293225274926443e-09,-4.6157463257384626e-08,4.280304028907002e-09,-7.293225274926443e-09,-4.6157463257384626e-08,17,False,250.0
b712773f15e0f684,20270301_h250_r0_p90_y80_TPMC_N400000_S101,101,sample,1324,triangle_1324,sailWall,-0.10985000000015566,-0.432637452439899,-0.05303179865659763,1.0,-1.8144066741968667e-15,-2.934753202049039e-12,0.001115506850701551,-8.080992028387935e-14,7484.538922892781,-1319.726150268671,-1.7148298549997503e-08,5.863860430099721e-08,-5.5002234296429905e-09,6.1460580817969695e-09,3.3400629950312173e-10,-1.3752294336278305e-08,6.1460580817969695e-09,3.3400629950312173e-10,-1.3752294336278305e-08,6,False,250.0
b712773f15e0f684,20270301_h250_r0_p90_y80_TPMC_N400000_S101,101,sample,1325,triangle_1325,sailWall,-0.10984999999984436,0.43263745243989926,0.05303179865724148,1.0,-4.552092863147081e-16,-2.9367104863904497e-12,0.0011155068507015587,-8.080992028387935e-14,7484.538922892781,-1319.726150268671,-1.8228245329086327e-08,1.2468851377324597e-07,-2.8105196049994507e-08,-1.8464508966883784e-08,-4.0063688966381334e-09,-5.776870743487944e-09,-1.8464508966883784e-08,-4.0063688966381334e-09,-5.776870743487944e-09,5,False,250.0
b712773f15e0f684,20270301_h250_r0_p90_y80_TPMC_N400000_S101,101,sample,1326,triangle_1326,sailWall,-0.10985000000126989,0.05303179865691865,-0.43263745243957713,1.0,4.484142277583494e-16,-2.93458807558906e-12,0.0011155068507015605,-8.080992028387935e-14,7484.538922892781,-1319.726150268671,-1.6028117583299443e-08,9.442337081801716e-08,-1.523728848864287e-08,3.953698316398178e-08,5.167066704529026e-09,-9.563919460173399e-09,3.953698316398178e-08,5.167066704529026e-09,-9.563919460173399e-09,6,False,250.0
b712773f15e0f684,20270301_h250_r0_p90_y80_TPMC_N400000_S101,101,sample,1327,triangle_1327,sailWall,-0.10984999999873013,-0.05302953497132201,0.4326363059592677,1.0,6.153950917358837e-16,-2.9365381974403567e-12,0.0011153478981618115,-8.080992028387935e-14,7484.538922892781,-1319.726150268671,-2.4348612180278744e-08,1.5267365413946874e-07,-3.090784274350471e-08,-6.459741270518623e-08,-1.3976885420472263e-08,-1.8196957716808445e-08,-6.459741270518623e-08,-1.3976885420472263e-08,-1.8196957716808445e-08,6,False,250.0
b712773f15e0f684,20270301_h250_r0_p90_y80_TPMC_N400000_S101,101,sample,1328,triangle_1328,sailWall,-0.10984999999951263,0.05045427793457139,0.16605430860538606,1.0,-6.671744781486809e-16,-2.934381362844232e-12,0.0010528650113391545,-8.080992028387935e-14,7484.538922892781,-1319.726150268671,-1.748291144983979e-08,1.0101611041957535e-07,-2.0507101038489285e-08,-1.8102577111800452e-08,-5.167094203676523e-09,-1.0264251437920152e-08,-1.8102577111800452e-08,-5.167094203676523e-09,-1.0264251437920152e-08,7,False,250.0
b712773f15e0f684,20270301_h250_r0_p90_y80_TPMC_N400000_S101,101,sample,1329,triangle_1329,sailWall,-0.10985000000014811,0.1660543086050635,-0.05045427793424917,1.0,-3.4658111830445195e-16,-2.9354254606474866e-12,0.0010528650113391573,-8.080992028387935e-14,7484.538922892781,-1319.726150268671,-1.6699252310411436e-09,5.325391948231252e-10,-7.103115440737244e-10,-9.112163898165503e-11,-1.2978656933535156e-11,2.0449432608537384e-10,-9.112163898165503e-11,-1.2978656933535156e-11,2.0449432608537384e-10,1,False,250.0
b712773f15e0f684,20270301_h250_r0_p90_y80_TPMC_N400000_S101,101,sample,1330,triangle_1330,sailWall,-0.1098499999998519,-0.16605430860506357,0.05045427793489382,1.0,-3.4658111830501446e-16,-2.935425460647486e-12,0.0010528650113391556,-8.080992028387935e-14,7484.538922892781,-1319.726150268671,-8.169381812434168e-08,-2.0539900192287598e-08,4.398087356038258e-09,6.806792644992531e-10,-3.529156252931029e-09,-1.1072640831133956e-08,6.806792644992531e-10,-3.529156252931029e-09,-1.1072640831133956e-08,35,False,250.0
b712773f15e0f684,20270301_h250_r0_p90_y80_TPMC_N400000_S101,101,sample,1331,triangle_1331,sailWall,-0.10985000000048743,-0.05045427793457158,-0.16605430860474105,1.0,-6.2985997074731165e-16,-2.9369624791307484e-12,0.0010528650113391593,-8.080992028387935e-14,7484.538922892781,-1319.726150268671,-1.4351923934867128e-08,3.168883603592359e-08,-1.3243757478051287e-08,5.195092178103762e-09,7.84201527713679e-10,-4.140475802572124e-09,5.195092178103762e-09,7.84201527713679e-10,-4.140475802572124e-09,6,False,250.0
b712773f15e0f684,20270301_h250_r0_p90_y80_TPMC_N400000_S101,101,sample,1332,triangle_1332,sailWall,-0.10985000000023126,-0.32819633487291705,-0.07878427458284608,1.0,1.1627853775008839e-15,-2.9352627917153897e-12,0.0011528664653639637,-8.080992028387935e-14,7484.538922892781,-1319.726150268671,-2.4217569337977783e-08,7.972538936861956e-08,-2.0751622347360292e-08,1.3373586551350324e-08,-4.0363241997014597e-10,-1.6652634804685707e-08,1.3373586551350324e-08,-4.0363241997014597e-10,-1.6652634804685707e-08,10,False,250.0
b712773f15e0f684,20270301_h250_r0_p90_y80_TPMC_N400000_S101,101,sample,1333,triangle_1333,sailWall,-0.10984999999976873,0.3281963348729177,0.07878427458349017,1.0,1.1627853775111426e-15,-2.9352627917153945e-12,0.001152866465363969,-8.080992028387935e-14,7484.538922892781,-1319.726150268671,-2.273145705142421e-08,1.4202061050543603e-07,-2.7374570652913434e-08,-1.9189105785573406e-08,-4.675063061261961e-09,-8.110024755903811e-09,-1.9189105785573406e-08,-4.675063061261961e-09,-8.110024755903811e-09,7,False,250.0
b712773f15e0f684,20270301_h250_r0_p90_y80_TPMC_N400000_S101,101,sample,1334,triangle_1334,sailWall,-0.1098499999990367,-0.07878425761350008,0.32819634282201154,1.0,-7.556522716177045e-16,-2.934858926105571e-12,0.0011528670869115675,-8.080992028387935e-14,7484.538922892781,-1319.726150268671,-2.1732291024022128e-08,1.1718182115461664e-07,-2.7744010359606786e-08,-3.667046446607927e-08,-1.024353495167719e-08,-1.4681264487975764e-08,-3.667046446607927e-08,-1.024353495167719e-08,-1.4681264487975764e-08,7,False,250.0
b712773f15e0f684,20270301_h250_r0_p90_y80_TPMC_N400000_S101,101,sample,1335,triangle_1335,sailWall,-0.10985000000096336,0.07878427458316761,-0.32819633487259553,1.0,1.1261396526006483e-15,-2.9359061242185538e-12,0.001152866465363964,-8.080992028387935e-14,7484.538922892781,-1319.726150268671,-1.0794012477879565e-08,8.76305971856688e-08,-1.8036040318394573e-08,2.7371497181486037e-08,1.575584180871078e-09,-8.822458072764364e-09,2.7371497181486037e-08,1.575584180871078e-09,-8.822458072764364e-09,4,False,250.0
b712773f15e0f684,20270301_h250_r0_p90_y80_TPMC_N400000_S101,101,sample,1336,triangle_1336,sailWall,-0.10984999999903704,0.024162605010399046,0.32808047893900566,1.0,-6.756422911560641e-16,-2.935590621013709e-12,0.001144414695454345,-8.080992028387935e-14,7484.538922892781,-1319.726150268671,-2.7063432219793464e-08,1.4311856914801022e-07,-1.8801642827961104e-08,-4.7331211711171834e-08,-1.0923081508117647e-08,-1.5244473917908015e-08,-4.7331211711171834e-08,-1.0923081508117647e-08,-1.5244473917908015e-08,7,False,250.0
b712773f15e0f684,20270301_h250_r0_p90_y80_TPMC_N400000_S101,101,sample,1337,triangle_1337,sailWall,-0.10985000000096301,-0.02416260501039986,-0.3280804789383607,1.0,9.467051720089996e-16,-2.9346613260295098e-12,0.0011444146954543383,-8.080992028387935e-14,7484.538922892781,-1319.726150268671,-2.7280821469220618e-08,1.1964640901886119e-07,-1.4060507311286277e-08,3.967747033053118e-08,7.495455082038767e-09,-1.3611373257890343e-08,3.967747033053118e-08,7.495455082038767e-09,-1.3611373257890343e-08,11,False,250.0
b712773f15e0f684,20270301_h250_r0_p90_y80_TPMC_N400000_S101,101,sample,1338,triangle_1338,sailWall,-0.1098499999999291,-0.328080478938683,0.0241626050107213,1.0,1.006029818939248e-16,-2.9360675371662054e-12,0.0011444146954543422,-8.080992028387935e-14,7484.538922892781,-1319.726150268671,-2.9794352512053193e-08,7.796740091698505e-08,-8.060881056403691e-09,6.68773882927714e-10,-1.519005278709456e-09,-1.833698177844582e-08,6.68773882927714e-10,-1.519005278709456e-09,-1.833698177844582e-08,13,False,250.0
b712773f15e0f684,20270301_h250_r0_p90_y80_TPMC_N400000_S101,101,sample,1339,triangle_1339,sailWall,-0.1098500000000709,0.328080478938683,-0.02416260501007722,1.0,-5.427951549424035e-17,-2.935797145922343e-12,0.0011444146954543433,-8.080992028387935e-14,7484.538922892781,-1319.726150268671,-8.877042638582803e-09,5.9345706542053057e-08,-1.8551670128394095e-08,-5.195098616007126e-09,-1.8095243582138182e-09,-3.583723487574324e-09,-5.195098616007126e-09,-1.8095243582138182e-09,-3.583723487574324e-09,2,False,250.0
b712773f15e0f684,20270301_h250_r0_p90_y80_TPMC_N400000_S101,101,sample,1340,triangle_1340,sailWall,-0.10984999999970528,-0.10966039724011756,0.10041934690563024,1.0,-1.3459407897909885e-15,-2.935283191696575e-12,0.001050425171255413,-8.080992028387935e-14,7484.538922892781,-1319.726150268671,-6.775908256238834e-08,8.892930432830554e-08,-8.192027409330455e-09,-7.26915316531459e-09,-7.666481541403388e-09,-1.715088414330622e-08,-7.26915316531459e-09,-7.666481541403388e-09,-1.715088414330622e-08,29,False,250.0
b712773f15e0f684,20270301_h250_r0_p90_y80_TPMC_N400000_S101,101,sample,1341,triangle_1341,sailWall,-0.10985000000029477,0.10966039724011756,-0.10041934690498551,1.0,6.538912143560473e-16,-2.9352722935768403e-12,0.0010504251712554096,-8.080992028387935e-14,7484.538922892781,-1319.726150268671,-4.118461996816681e-08,2.081088889193917e-07,-4.799536400931084e-08,1.64062287155477e-08,-8.76302306105811e-10,-1.856150533253094e-08,1.64062287155477e-08,-8.76302306105811e-10,-1.856150533253094e-08,15,False,250.0
b712773f15e0f684,20270301_h250_r0_p90_y80_TPMC_N400000_S101,101,sample,1342,triangle_1342,sailWall,-0.10985000000032193,-0.10041934690530789,-0.10966039723979505,1.0,3.1634721284460054e-16,-2.934918270612562e-12,0.0010504251712554105,-8.080992028387935e-14,7484.538922892781,-1319.726150268671,-4.762855968880784e-08,9.91300000287063e-08,-3.145269096374362e-08,1.4513917734817223e-08,1.690647372423678e-09,-1.5774126861694614e-08,1.4513917734817223e-08,1.690647372423678e-09,-1.5774126861694614e-08,21,False,250.0
b712773f15e0f684,20270301_h250_r0_p90_y80_TPMC_N400000_S101,101,sample,1343,triangle_1343,sailWall,-0.10984999999967816,0.10041934690530772,0.10966039724044015,1.0,3.163472128672459e-16,-2.9349182706125702e-12,0.0010504251712554064,-8.080992028387935e-14,7484.538922892781,-1319.726150268671,-9.434820473271391e-09,3.3121042941765485e-08,-6.1972683187136084e-09,-4.2090971060195945e-09,-1.720117873278596e-09,-2.688416594972159e-09,-4.2090971060195945e-09,-1.720117873278596e-09,-2.688416594972159e-09,2,False,250.0
b712773f15e0f684,20270301_h250_r0_p90_y80_TPMC_N400000_S101,101,sample,1344,triangle_1344,sailWall,-0.10985000000074367,0.0032472362720972255,-0.2533563783712338,0.9999999999999999,-1.6761957641968156e-15,-2.9351992656840244e-12,0.0011531463687516565,-8.080992028387935e-14,7484.538922892781,-1319.726150268671,-4.403555959435592e-08,1.9732295720192678e-07,-4.29155110335626e-08,4.948069574664003e-08,6.281730604921404e-09,-2.150314013634239e-08,4.948069574664003e-08,6.281730604921404e-09,-2.150314013634239e-08,17,False,250.0
b712773f15e0f684,20270301_h250_r0_p90_y80_TPMC_N400000_S101,101,sample,1345,triangle_1345,sailWall,-0.10985000000000954,-0.25335637837155595,-0.003247236271775258,1.0,1.1585661571737866e-16,-2.935666361706059e-12,0.001153146368751659,-8.080992028387935e-14,7484.538922892781,-1319.726150268671,-6.242035564115888e-08,1.0071379452753607e-07,-3.146586067204255e-08,7.934640385887327e-09,-3.346293294890282e-09,-2.684793403168689e-08,7.934640385887327e-09,-3.346293294890282e-09,-2.684793403168689e-08,26,False,250.0
b712773f15e0f684,20270301_h250_r0_p90_y80_TPMC_N400000_S101,101,sample,1346,triangle_1346,sailWall,-0.10984999999925638,-0.0032472362720977078,0.2533563783718787,1.0,2.584737225686856e-16,-2.934029864585592e-12,0.0011531463687516588,-8.080992028387935e-14,7484.538922892781,-1319.726150268671,-1.6490317874697645e-08,9.070081230989615e-08,-8.000307277883858e-09,-2.3376943157888294e-08,-5.107613867234897e-09,-9.840377902192529e-09,-2.3376943157888294e-08,-5.107613867234897e-09,-9.840377902192529e-09,4,False,250.0
b712773f15e0f684,20270301_h250_r0_p90_y80_TPMC_N400000_S101,101,sample,1347,triangle_1347,sailWall,-0.10984999999999047,0.25335637837155617,0.003247236272419593,1.0,-1.8689291345600242e-16,-2.9356653637540077e-12,0.0011531463687516493,-8.080992028387935e-14,7484.538922892781,-1319.726150268671,-1.3125270546370216e-09,1.770087906346802e-08,-3.520609593807109e-09,-1.1092930582457282e-09,-4.049923728251262e-10,-1.6226575853752407e-09,-1.1092930582457282e-09,-4.049923728251262e-10,-1.6226575853752407e-09,1,False,250.0
b712773f15e0f684,20270301_h250_r0_p90_y80_TPMC_N400000_S101,101,sample,1348,triangle_1348,sailWall,-0.1098500000005322,0.38867485631953164,-0.18132281128648534,0.9999999999999999,7.365623690466633e-16,-2.934571610806984e-12,0.0010772203975268162,-8.080992028387935e-14,7484.538922892781,-1319.726150268671,-2.8672815072637104e-08,1.8149432258068757e-07,-2.6172737961742488e-08,2.2225999081118687e-08,2.1967617761571073e-09,-8.862430402850627e-09,2.2225999081118687e-08,2.1967617761571073e-09,-8.862430402850627e-09,9,False,250.0
b712773f15e0f684,20270301_h250_r0_p90_y80_TPMC_N400000_S101,101,sample,1349,triangle_1349,sailWall,-0.10984999999885915,0.18132390294721956,0.3886739880306747,1.0,8.139061066489163e-16,-2.9351644239916373e-12,0.001077142847697873,-8.080992028387935e-14,7484.538922892781,-1319.726150268671,-4.1582330376433374e-08,2.036150025175468e-07,-4.103785853059037e-08,-8.631412817649949e-08,-2.0632834187446052e-08,-1.4688208957429884e-08,-8.631412817649949e-08,-2.0632834187446052e-08,-1.4688208957429884e-08,10,False,250.0
b712773f15e0f684,20270301_h250_r0_p90_y80_TPMC_N400000_S101,101,sample,1350,triangle_1350,sailWall,-0.1098499999994678,-0.3886739880303531,0.1813239029475414,1.0,9.182750631882454e-16,-2.9347873664725155e-12,0.0010771428476978667,-8.080992028387935e-14,7484.538922892781,-1319.726150268671,-1.7953194948143655e-08,6.190292801265243e-08,-8.945941411236558e-09,-7.984955117768487e-09,-4.26236093231881e-09,-1.375646781972688e-08,-7.984955117768487e-09,-4.26236093231881e-09,-1.375646781972688e-08,10,False,250.0
b712773f15e0f684,20270301_h250_r0_p90_y80_TPMC_N400000_S101,101,sample,1351,triangle_1351,sailWall,-0.10985000000114083,-0.18132390294722037,-0.38867398803002945,1.0,5.643151109352423e-16,-2.934996137785969e-12,0.0010771428476978743,-8.080992028387935e-14,7484.538922892781,-1319.726150268671,-2.7812404832227626e-08,1.139254422237253e-07,-2.6471172667540397e-08,4.8617010409019096e-08,7.79593975384881e-09,-1.754477390771324e-08,4.8617010409019096e-08,7.79593975384881e-09,-1.754477390771324e-08,8,False,250.0
b712773f15e0f684,20270301_h250_r0_p90_y80_TPMC_N400000_S101,101,sample,1352,triangle_1352,sailWall,-0.10984999999976612,0.05005736393300922,0.07968579144811316,1.0,7.163115766693953e-16,-2.9341196260423734e-12,0.0011177261048679174,-8.080992028387935e-14,7484.538922892781,-1319.726150268671,-1.606394047155575e-08,1.2969320320518356e-07,-1.3051474047554704e-08,-1.144991578878459e-08,-2.6995506255525873e-09,-1.3384994981903077e-08,-1.144991578878459e-08,-2.6995506255525873e-09,-1.3384994981903077e-08,8,False,250.0
b712773f15e0f684,20270301_h250_r0_p90_y80_TPMC_N400000_S101,101,sample,1353,triangle_1353,sailWall,-0.10985000000023393,-0.05005736393300934,-0.0796857914474683,1.0,-1.1702757257849063e-15,-2.935206788662715e-12,0.0011177261048679167,-8.080992028387935e-14,7484.538922892781,-1319.726150268671,-2.8643524909129494e-08,1.0290440960900046e-07,-2.6073042114678555e-08,9.963245199252934e-09,-5.284754203985039e-10,-1.2628153105015418e-08,9.963245199252934e-09,-5.284754203985039e-10,-1.2628153105015418e-08,11,False,250.0
b712773f15e0f684,20270301_h250_r0_p90_y80_TPMC_N400000_S101,101,sample,1354,triangle_1354,sailWall,-0.10985000000014693,0.07968579144779071,-0.05005736393268692,1.0,-1.1540413675864478e-15,-2.9358269444358487e-12,0.001117726104867918,-8.080992028387935e-14,7484.538922892781,-1319.726150268671,-7.9625587055772e-09,1.418492136810237e-08,3.37078189095949e-10,9.14997408545493e-10,5.618719351149439e-10,-8.619549416500344e-10,9.14997408545493e-10,5.618719351149439e-10,-8.619549416500344e-10,2,False,250.0
b712773f15e0f684,20270301_h250_r0_p90_y80_TPMC_N400000_S101,101,sample,1355,triangle_1355,sailWall,-0.10984999999985308,-0.07968579144779066,0.05005736393333177,1.0,-1.1540413675860981e-15,-2.935826944435852e-12,0.0011177261048679148,-8.080992028387935e-14,7484.538922892781,-1319.726150268671,-1.8309085341434528e-07,-1.1244849334893014e-09,-2.6324028861417343e-09,-2.2351203322422454e-10,-8.818149461599447e-09,-1.4283737099562815e-08,-2.2351203322422454e-10,-8.818149461599447e-09,-1.4283737099562815e-08,67,False,250.0
b712773f15e0f684,20270301_h250_r0_p90_y80_TPMC_N400000_S101,101,sample,1356,triangle_1356,sailWall,-0.10984999999851137,0.023319212019336264,0.5071644568628938,1.0,2.5241960064202085e-16,-2.933644491444333e-12,0.0011427113967428337,-8.080992028387935e-14,7484.538922892781,-1319.726150268671,-8.754602578611694e-09,5.506285364235987e-08,-1.611418171900431e-08,-2.8306165221486806e-08,-6.179758342117964e-09,-5.857631209900904e-09,-2.8306165221486806e-08,-6.179758342117964e-09,-5.857631209900904e-09,4,False,250.0
b712773f15e0f684,20270301_h250_r0_p90_y80_TPMC_N400000_S101,101,sample,1357,triangle_1357,sailWall,-0.10984999999968191,0.15054781167649453,0.10838158524289059,1.0,-1.3119621707353179e-15,-2.9345486756222453e-12,0.0010573401833382104,-8.080992028387935e-14,7484.538922892781,-1319.726150268671,-2.2046572460200797e-08,1.2225176920360833e-07,-1.3213986226301327e-08,-1.489108269914723e-08,-3.785759541187809e-09,-9.992455838525839e-09,-1.489108269914723e-08,-3.785759541187809e-09,-9.992455838525839e-09,7,False,250.0
b712773f15e0f684,20270301_h250_r0_p90_y80_TPMC_N400000_S101,101,sample,1358,triangle_1358,sailWall,-0.10984999999955809,-0.10838158524256813,0.15054781167681705,1.0,1.0137023004560974e-15,-2.934974745517939e-12,0.0010573401833382213,-8.080992028387935e-14,7484.538922892781,-1319.726150268671,-2.552308917026549e-08,7.942847324500572e-08,-1.7195502355415552e-09,-1.11311703017434e-08,-3.890492819046398e-09,-1.16502336318844e-08,-1.11311703017434e-08,-3.890492819046398e-09,-1.16502336318844e-08,11,False,250.0
b712773f15e0f684,20270301_h250_r0_p90_y80_TPMC_N400000_S101,101,sample,1359,triangle_1359,sailWall,-0.10985000000044191,0.10838158524256787,-0.1505478116761723,1.0,1.0137023004602156e-15,-2.9349747455179456e-12,0.0010573401833382059,-8.080992028387935e-14,7484.538922892781,-1319.726150268671,-5.1809119043271266e-08,2.3431977505481844e-07,-4.97002682205257e-08,2.99879888724802e-08,2.377919806444889e-09,-2.0243605344399254e-08,2.99879888724802e-08,2.377919806444889e-09,-2.0243605344399254e-08,15,False,250.0
b712773f15e0f684,20270301_h250_r0_p90_y80_TPMC_N400000_S101,101,sample,1360,triangle_1360,sailWall,-0.10985000000031818,-0.15054781167649467,-0.10838158524224528,1.0,8.058116364928655e-16,-2.9358107689886703e-12,0.001057340183338214,-8.080992028387935e-14,7484.538922892781,-1319.726150268671,-7.594026081807999e-08,2.0489152686190166e-07,-5.421792095252068e-08,3.0110573478923443e-08,2.2026319559411806e-09,-3.3624765478683226e-08,3.0110573478923443e-08,2.2026319559411806e-09,-3.3624765478683226e-08,28,False,250.0
b712773f15e0f684,20270301_h250_r0_p90_y80_TPMC_N400000_S101,101,sample,1361,triangle_1361,sailWall,-0.10984999999993156,-0.5071669186877005,0.023323376613458107,1.0,-3.348138190663121e-16,-2.9339477908967344e-12,0.0011428375413380558,-8.080992028387935e-14,7484.538922892781,-1319.726150268671,-1.3565141134168204e-08,6.692740757269168e-08,-1.2720762995899713e-08,5.555651347097026e-09,-1.5961051866114017e-09,-1.4279593341394405e-08,5.555651347097026e-09,-1.5961051866114017e-09,-1.4279593341394405e-08,5,False,250.0
b712773f15e0f684,20270301_h250_r0_p90_y80_TPMC_N400000_S101,101,sample,1362,triangle_1362,sailWall,-0.109850000000069,0.507272691812981,-0.023508970779925847,1.0,-1.010097784889884e-15,-2.935117465732976e-12,0.0011512748100944135,-8.080992028387935e-14,7484.538922892781,-1319.726150268671,0.0,0.0,0.0,0.0,0.0,0.0,0.0,0.0,0.0,0,True,250.0
b712773f15e0f684,20270301_h250_r0_p90_y80_TPMC_N400000_S101,101,sample,1363,triangle_1363,sailWall,-0.10985000000148866,-0.02332337661313827,-0.5071669186873783,1.0,1.3029161900227377e-16,-2.935759191619098e-12,0.0011428375413380459,-8.080992028387935e-14,7484.538922892781,-1319.726150268671,-1.9268302544587136e-08,9.666589349879054e-08,-1.6371301080159904e-08,4.932354466141405e-08,7.905516977186593e-09,-1.1175893945538216e-08,4.932354466141405e-08,7.905516977186593e-09,-1.1175893945538216e-08,6,False,250.0
b712773f15e0f684,20270301_h250_r0_p90_y80_TPMC_N400000_S101,101,sample,1364,triangle_1364,sailWall,-0.1098500000008321,0.0016528860275949891,-0.28348045882798867,1.0,-1.6786460885902861e-15,-2.9359426225871226e-12,0.0011206862032186599,-8.080992028387935e-14,7484.538922892781,-1319.726150268671,-2.0549869969123026e-08,1.108184234580494e-07,-1.9439304067000485e-08,3.1271454320756576e-08,3.6772532362230866e-09,-1.2176383356239068e-08,3.1271454320756576e-08,3.6772532362230866e-09,-1.2176383356239068e-08,6,False,250.0
b712773f15e0f684,20270301_h250_r0_p90_y80_TPMC_N400000_S101,101,sample,1365,triangle_1365,sailWall,-0.10985000000000487,-0.28348045882831086,-0.0016528860272732617,1.0,-9.890761641479667e-16,-2.9356627195205464e-12,0.0011206862032186562,-8.080992028387935e-14,7484.538922892781,-1319.726150268671,-5.063251289475478e-08,5.2051370538635206e-08,-1.567958327018736e-08,4.1652363621740245e-09,-1.6592701523687324e-09,-2.014232642014538e-08,4.1652363621740245e-09,-1.6592701523687324e-09,-2.014232642014538e-08,20,False,250.0
b712773f15e0f684,20270301_h250_r0_p90_y80_TPMC_N400000_S101,101,sample,1366,triangle_1366,sailWall,-0.10984999999999512,0.28348045882831097,0.0016528860279174304,1.0,-6.775576327638663e-16,-2.9356637463778506e-12,0.0011206862032186549,-8.080992028387935e-14,7484.538922892781,-1319.726150268671,0.0,0.0,0.0,0.0,0.0,0.0,0.0,0.0,0.0,0,True,250.0
b712773f15e0f684,20270301_h250_r0_p90_y80_TPMC_N400000_S101,101,sample,1367,triangle_1367,sailWall,-0.10984999999916796,-0.0016528860275956566,0.28348045882863365,1.0,2.5470702765227717e-16,-2.935172569884252e-12,0.0011206862032186594,-8.080992028387935e-14,7484.538922892781,-1319.726150268671,-9.120891101265546e-09,6.884945786581998e-08,-1.693281084530782e-08,-1.958210270136275e-08,-4.478231167839674e-09,-7.592357928119574e-09,-1.958210270136275e-08,-4.478231167839674e-09,-7.592357928119574e-09,3,False,250.0
b712773f15e0f684,20270301_h250_r0_p90_y80_TPMC_N400000_S101,101,sample,1368,triangle_1368,sailWall,-0.10984999999993157,-0.2091474775299904,0.023315941992925287,0.9999999999999999,-4.452234787551066e-17,-2.935095355128601e-12,0.0012339811247283339,-8.080992028387935e-14,7484.538922892781,-1319.726150268671,-1.1580309997970186e-07,1.3382667283835258e-07,-2.0955512954044915e-08,8.886044791859188e-10,-4.813979637576947e-09,-3.881222671741932e-08,8.886044791859188e-10,-4.813979637576947e-09,-3.881222671741932e-08,47,False,250.0
b712773f15e0f684,20270301_h250_r0_p90_y80_TPMC_N400000_S101,101,sample,1369,triangle_1369,sailWall,-0.10984999999938612,0.023315941992602812,0.20914747753031301,1.0,7.710011803633936e-16,-2.936539975021704e-12,0.0012339811247283384,-8.080992028387935e-14,7484.538922892781,-1319.726150268671,-2.373003965975037e-08,1.2894427461863245e-07,-1.9670614331283957e-08,-2.8063425468005553e-08,-7.218223005581478e-09,-1.3441749908925042e-08,-2.8063425468005553e-08,-7.218223005581478e-09,-1.3441749908925042e-08,6,False,250.0
b712773f15e0f684,20270301_h250_r0_p90_y80_TPMC_N400000_S101,101,sample,1370,triangle_1370,sailWall,-0.10985000000006843,0.20914747752999052,-0.02331594199228069,1.0,-4.452234788254254e-17,-2.9350953551285873e-12,0.00123398112472834,-8.080992028387935e-14,7484.538922892781,-1319.726150268671,0.0,0.0,0.0,0.0,0.0,0.0,0.0,0.0,0.0,0,True,250.0
b712773f15e0f684,20270301_h250_r0_p90_y80_TPMC_N400000_S101,101,sample,1371,triangle_1371,sailWall,-0.10985000000061389,-0.023315941992603072,-0.2091474775296681,1.0,6.906119371835454e-16,-2.934005002038452e-12,0.001233981124728341,-8.080992028387935e-14,7484.538922892781,-1319.726150268671,-4.069405456877774e-08,1.638649401266998e-07,-3.487243167984284e-08,3.550863887239891e-08,4.71647681802007e-09,-1.887937521021451e-08,3.550863887239891e-08,4.71647681802007e-09,-1.887937521021451e-08,15,False,250.0
b712773f15e0f684,20270301_h250_r0_p90_y80_TPMC_N400000_S101,101,sample,1372,triangle_1372,sailWall,-0.10985000000035978,-0.024931243384819373,-0.12257598135486113,1.0,1.3755625989262098e-15,-2.9352061247029866e-12,0.001098096984379777,-8.080992028387935e-14,7484.538922892781,-1319.726150268671,-3.761064567924722e-08,8.034561391121926e-08,-2.323335990720863e-08,1.045616364953596e-08,2.027106434741244e-09,-9.748811491985356e-09,1.045616364953596e-08,2.027106434741244e-09,-9.748811491985356e-09,14,False,250.0
b712773f15e0f684,20270301_h250_r0_p90_y80_TPMC_N400000_S101,101,sample,1373,triangle_1373,sailWall,-0.10984999999992684,-0.1225759813551836,0.024931243385141705,1.0,5.732814338120304e-16,-2.9358758770834117e-12,0.0010980969843797793,-8.080992028387935e-14,7484.538922892781,-1319.726150268671,-1.9582216554160386e-07,1.2377343771127189e-07,-3.909699931416769e-08,1.2556184240028094e-10,-8.90515009086564e-09,-3.706711673909731e-08,1.2556184240028094e-10,-8.90515009086564e-09,-3.706711673909731e-08,76,False,250.0
b712773f15e0f684,20270301_h250_r0_p90_y80_TPMC_N400000_S101,101,sample,1374,triangle_1374,sailWall,-0.10985000000007317,0.12257598135518356,-0.02493124338449695,1.0,5.732814338008947e-16,-2.935875877083405e-12,0.0010980969843797806,-8.080992028387935e-14,7484.538922892781,-1319.726150268671,0.0,0.0,0.0,0.0,0.0,0.0,0.0,0.0,0.0,0,True,250.0
b712773f15e0f684,20270301_h250_r0_p90_y80_TPMC_N400000_S101,101,sample,1375,triangle_1375,sailWall,-0.10984999999964022,0.024931243384819238,0.12257598135550608,1.0,1.1005035468418957e-15,-2.935365235019665e-12,0.0010980969843797815,-8.080992028387935e-14,7484.538922892781,-1319.726150268671,-1.3928339132624134e-08,5.251383661096638e-08,-1.1087182951191029e-08,-6.331349787424145e-09,-2.9174577918901646e-09,-5.413773349264817e-09,-6.331349787424145e-09,-2.9174577918901646e-09,-5.413773349264817e-09,5,False,250.0
b712773f15e0f684,20270301_h250_r0_p90_y80_TPMC_N400000_S101,101,sample,1376,triangle_1376,sailWall,-0.10984999999890453,0.10180230723102117,0.3732282969743288,1.0,3.376696579324889e-16,-2.9356907364087262e-12,0.0011867563641704847,-8.080992028387935e-14,7484.538922892781,-1319.726150268671,-2.2469595520050683e-08,1.5473020923390378e-07,-3.044929515197559e-08,-6.037531721286136e-08,-1.1716590594577615e-08,-1.480610644118976e-08,-6.037531721286136e-08,-1.1716590594577615e-08,-1.480610644118976e-08,7,False,250.0
b712773f15e0f684,20270301_h250_r0_p90_y80_TPMC_N400000_S101,101,sample,1377,triangle_1377,sailWall,-0.10985000000109553,-0.10180230723102209,-0.3732282969736837,1.0,3.374612198691341e-16,-2.9338785816331496e-12,0.0011867563641704878,-8.080992028387935e-14,7484.538922892781,-1319.726150268671,-3.15042656013608e-08,1.0409178995514027e-07,-2.1545828495357048e-08,4.0792594484532396e-08,9.342878188414166e-09,-1.4599242461744637e-08,4.0792594484532396e-08,9.342878188414166e-09,-1.4599242461744637e-08,10,False,250.0
b712773f15e0f684,20270301_h250_r0_p90_y80_TPMC_N400000_S101,101,sample,1378,triangle_1378,sailWall,-0.10985000000029882,0.3732282386092349,-0.10180182874668146,1.0,-7.585119176787926e-16,-2.9348545824063534e-12,0.001186751846155297,-8.080992028387935e-14,7484.538922892781,-1319.726150268671,-4.2154395117190726e-09,4.615865281830518e-08,-1.3685108442059139e-09,4.166884879420657e-09,2.9816205706736846e-10,-3.488334585775772e-09,4.166884879420657e-09,2.9816205706736846e-10,-3.488334585775772e-09,2,False,250.0
b712773f15e0f684,20270301_h250_r0_p90_y80_TPMC_N400000_S101,101,sample,1379,triangle_1379,sailWall,-0.10984999999970119,-0.37322829697400656,0.10180230723134322,1.0,1.7983694820517855e-16,-2.9367351025846957e-12,0.0011867563641704746,-8.080992028387935e-14,7484.538922892781,-1319.726150268671,-5.0167923677991755e-08,2.5824622512727866e-07,-4.698021291670959e-08,-8.165887039798156e-09,-1.0342937867157226e-08,-4.71404315564512e-08,-8.165887039798156e-09,-1.0342937867157226e-08,-4.71404315564512e-08,16,False,250.0
b712773f15e0f684,20270301_h250_r0_p90_y80_TPMC_N400000_S101,101,sample,1380,triangle_1380,sailWall,-0.10985000000022073,0.15184660599428937,-0.07519524530842438,1.0,-3.9924541675116803e-16,-2.9355163029569214e-12,0.0010928335940884122,-8.080992028387935e-14,7484.538922892781,-1319.726150268671,-1.0154216888463207e-08,6.629705455603987e-08,-7.512721089965445e-09,4.296525502109134e-09,-6.128612043495487e-11,-5.792518728272056e-09,4.296525502109134e-09,-6.128612043495487e-11,-5.792518728272056e-09,3,False,250.0
b712773f15e0f684,20270301_h250_r0_p90_y80_TPMC_N400000_S101,101,sample,1381,triangle_1381,sailWall,-0.10984999999977929,-0.15184660599428954,0.07519524530906904,1.0,5.587720715509031e-16,-2.9338637883752382e-12,0.0010928335940884144,-8.080992028387935e-14,7484.538922892781,-1319.726150268671,-8.845499322644974e-08,4.408481420549795e-08,-8.43901943333736e-09,-2.285966304372874e-09,-7.360925964142702e-09,-1.8154174315311513e-08,-2.285966304372874e-09,-7.360925964142702e-09,-1.8154174315311513e-08,35,False,250.0
b712773f15e0f684,20270301_h250_r0_p90_y80_TPMC_N400000_S101,101,sample,1382,triangle_1382,sailWall,-0.10985000000044574,-0.07519524530874679,-0.15184660599396696,1.0,-1.4502775541804327e-15,-2.936486855858583e-12,0.0010928335940884161,-8.080992028387935e-14,7484.538922892781,-1319.726150268671,-2.9471812589066655e-08,5.8102794084204605e-08,-2.746628971186063e-08,1.0763092262057933e-08,1.3951886951831296e-09,-8.505756294433632e-09,1.0763092262057933e-08,1.3951886951831296e-09,-8.505756294433632e-09,13,False,250.0
b712773f15e0f684,20270301_h250_r0_p90_y80_TPMC_N400000_S101,101,sample,1383,triangle_1383,sailWall,-0.10984999999955432,0.07519524530874662,0.151846605994612,1.0,7.507390846709749e-16,-2.9352033743442455e-12,0.0010928335940884153,-8.080992028387935e-14,7484.538922892781,-1319.726150268671,-4.464994478986146e-08,2.3014361047109917e-07,-5.22896647363336e-08,-3.8548660890771704e-08,-1.2487044206248721e-08,-2.190423875291594e-08,-3.8548660890771704e-08,-1.2487044206248721e-08,-2.190423875291594e-08,11,False,250.0
b712773f15e0f684,20270301_h250_r0_p90_y80_TPMC_N400000_S101,101,sample,1384,triangle_1384,sailWall,-0.10985000000022098,0.21001496883464688,-0.07527633934903098,1.0,3.1798064477634474e-16,-2.936363624500093e-12,0.0011100756291111534,-8.080992028387935e-14,7484.538922892781,-1319.726150268671,0.0,0.0,0.0,0.0,0.0,0.0,0.0,0.0,0.0,0,True,250.0
b712773f15e0f684,20270301_h250_r0_p90_y80_TPMC_N400000_S101,101,sample,1385,triangle_1385,sailWall,-0.10984999999938361,0.07527633934935303,0.2100149688349696,1.0,4.898955966940387e-16,-2.935129972116144e-12,0.0011100756291111558,-8.080992028387935e-14,7484.538922892781,-1319.726150268671,-9.387671647251987e-09,4.830726182974299e-08,-4.3472582221783455e-09,-1.0035702322802154e-08,-2.342972162223192e-09,-4.610962337014966e-09,-1.0035702322802154e-08,-2.342972162223192e-09,-4.610962337014966e-09,3,False,250.0
b712773f15e0f684,20270301_h250_r0_p90_y80_TPMC_N400000_S101,101,sample,1386,triangle_1386,sailWall,-0.10984999999977907,-0.21001496883464701,0.07527633934967548,1.0,-7.805307595223386e-16,-2.9344451580348547e-12,0.0011100756291111506,-8.080992028387935e-14,7484.538922892781,-1319.726150268671,-5.968685854573468e-08,8.379718236355843e-08,-6.678349025358055e-09,-5.140358848198518e-09,-5.2447904375723344e-09,-2.1824883453913678e-08,-5.140358848198518e-09,-5.2447904375723344e-09,-2.1824883453913678e-08,24,False,250.0
b712773f15e0f684,20270301_h250_r0_p90_y80_TPMC_N400000_S101,101,sample,1387,triangle_1387,sailWall,-0.10985000000061647,-0.07527633934935328,-0.2100149688343246,1.0,-1.7080248646425985e-15,-2.933856335059954e-12,0.0011100756291111532,-8.080992028387935e-14,7484.538922892781,-1319.726150268671,-3.1480211170527134e-08,9.554133081407161e-08,-3.4486299108275296e-08,2.2652172213400956e-08,2.7031567775863657e-09,-1.2951696667958143e-08,2.2652172213400956e-08,2.7031567775863657e-09,-1.2951696667958143e-08,14,False,250.0
b712773f15e0f684,20270301_h250_r0_p90_y80_TPMC_N400000_S101,101,sample,1388,triangle_1388,sailWall,-0.10985000000022165,0.41772732529702816,-0.07550817135472844,1.0,7.265334600290192e-16,-2.9354637823664584e-12,0.001135994787519147,-8.080992028387935e-14,7484.538922892781,-1319.726150268671,0.0,0.0,0.0,0.0,0.0,0.0,0.0,0.0,0.0,0,True,250.0
b712773f15e0f684,20270301_h250_r0_p90_y80_TPMC_N400000_S101,101,sample,1389,triangle_1389,sailWall,-0.10984999999877387,0.07551056554031466,0.417728493603782,1.0,8.077452487824482e-16,-2.935960353687765e-12,0.0011361078398689692,-8.080992028387935e-14,7484.538922892781,-1319.726150268671,-2.105675787628257e-08,1.0986965536292881e-07,-1.8529713584451747e-08,-4.843088773776221e-08,-1.1001753334426895e-08,-1.0419113825374657e-08,-4.843088773776221e-08,-1.1001753334426895e-08,-1.0419113825374657e-08,7,False,250.0
b712773f15e0f684,20270301_h250_r0_p90_y80_TPMC_N400000_S101,101,sample,1390,triangle_1390,sailWall,-0.10984999999977836,-0.4177284936034593,0.07551056554063652,1.0,6.40597886788229e-17,-2.9353984739923338e-12,0.0011361078398689768,-8.080992028387935e-14,7484.538922892781,-1319.726150268671,-5.014976599857419e-08,1.2655136003196746e-07,-2.9220486296579672e-08,3.268674271626367e-09,-6.917582630301597e-09,-3.493047561462262e-08,3.268674271626367e-09,-6.917582630301597e-09,-3.493047561462262e-08,17,False,250.0
b712773f15e0f684,20270301_h250_r0_p90_y80_TPMC_N400000_S101,101,sample,1391,triangle_1391,sailWall,-0.10985000000122613,-0.07551056554031566,-0.4177284936031369,1.0,8.003822395995685e-16,-2.9356409660936857e-12,0.0011361078398689657,-8.080992028387935e-14,7484.538922892781,-1319.726150268671,-3.096476660592788e-08,1.8865537192658627e-07,-2.725525748696637e-08,8.103122416311852e-08,9.933531945503246e-09,-2.3048803811819766e-08,8.103122416311852e-08,9.933531945503246e-09,-2.3048803811819766e-08,11,False,250.0
b712773f15e0f684,20270301_h250_r0_p90_y80_TPMC_N400000_S101,101,sample,1392,triangle_1392,sailWall,-0.10985000000022076,0.12347820219617438,-0.07520671445952982,1.0,5.070005084297079e-16,-2.935515476229794e-12,0.0010524378692555016,-8.080992028387935e-14,7484.538922892781,-1319.726150268671,-1.924676060654012e-09,1.9185165865031937e-08,-3.2054756397502427e-09,1.0044528917062366e-09,-2.0996858859204027e-10,-1.8597953325176826e-09,1.0044528917062366e-09,-2.0996858859204027e-10,-1.8597953325176826e-09,1,False,250.0
b712773f15e0f684,20270301_h250_r0_p90_y80_TPMC_N400000_S101,101,sample,1393,triangle_1393,sailWall,-0.10984999999977925,-0.12347820219617443,0.07520671446017455,1.0,-4.891496906110846e-16,-2.933864744346818e-12,0.0010524378692555103,-8.080992028387935e-14,7484.538922892781,-1319.726150268671,-1.5519100285397392e-07,2.0678549613031018e-07,-1.9177380962326412e-08,-1.4030626173066842e-08,-1.4103123099417958e-08,-4.214652452679378e-08,-1.4030626173066842e-08,-1.4103123099417958e-08,-4.214652452679378e-08,57,False,250.0
b712773f15e0f684,20270301_h250_r0_p90_y80_TPMC_N400000_S101,101,sample,1394,triangle_1394,sailWall,-0.10984999999963758,0.0752067144598521,0.12347820219649693,1.0,7.507183504075025e-16,-2.9351806457542697e-12,0.001052437869255506,-8.080992028387935e-14,7484.538922892781,-1319.726150268671,-3.2738424771342336e-08,1.5509486136513039e-07,-3.214855365383175e-08,-2.1428782229807317e-08,-7.568915443554978e-09,-1.4620475111365854e-08,-2.1428782229807317e-08,-7.568915443554978e-09,-1.4620475111365854e-08,9,False,250.0
b712773f15e0f684,20270301_h250_r0_p90_y80_TPMC_N400000_S101,101,sample,1395,triangle_1395,sailWall,-0.10985000000036248,-0.07520671445985223,-0.12347820219585193,1.0,-1.452683298209577e-15,-2.9338497151978628e-12,0.0010524378692555018,-8.080992028387935e-14,7484.538922892781,-1319.726150268671,-5.0138757467521405e-08,8.390002340347375e-08,-2.902540371323053e-08,1.2573348356540787e-08,2.9989143303509235e-09,-1.2937611238017646e-08,1.2573348356540787e-08,2.9989143303509235e-09,-1.2937611238017646e-08,19,False,250.0
b712773f15e0f684,20270301_h250_r0_p90_y80_TPMC_N400000_S101,101,sample,1396,triangle_1396,sailWall,-0.10984999999886073,0.0759823058138863,0.38814182091394905,1.0,8.077769108497878e-16,-2.9359617271033415e-12,0.0011855293103930653,-8.080992028387935e-14,7484.538922892781,-1319.726150268671,-2.9664210049925178e-08,1.7966782290611014e-07,-3.537880234085936e-08,-7.219322391171347e-08,-1.541442923469553e-08,-1.754333466052534e-08,-7.219322391171347e-08,-1.541442923469553e-08,-1.754333466052534e-08,9,False,250.0
b712773f15e0f684,20270301_h250_r0_p90_y80_TPMC_N400000_S101,101,sample,1397,triangle_1397,sailWall,-0.1098500000011393,-0.07598230581388725,-0.38814182091330385,1.0,7.654405178320373e-16,-2.9341252879039338e-12,0.0011855293103930705,-8.080992028387935e-14,7484.538922892781,-1319.726150268671,-1.2004504948842398e-08,9.798512785365803e-08,-2.104215731253129e-08,3.957143006920345e-08,2.329648331528887e-09,-1.1719082470985039e-08,3.957143006920345e-08,2.329648331528887e-09,-1.1719082470985039e-08,4,False,250.0
b712773f15e0f684,20270301_h250_r0_p90_y80_TPMC_N400000_S101,101,sample,1398,triangle_1398,sailWall,-0.10985000000022303,0.38814176254885496,-0.07598182732954663,1.0,-1.1343899227440758e-15,-2.9355066781527213e-12,0.0011854949355322554,-8.080992028387935e-14,7484.538922892781,-1319.726150268671,-2.270116605847046e-09,1.7346954200591032e-08,-8.521262015996044e-10,1.0780456800981266e-09,8.92420515425901e-11,-1.055256390060934e-09,1.0780456800981266e-09,8.92420515425901e-11,-1.055256390060934e-09,1,False,250.0
b712773f15e0f684,20270301_h250_r0_p90_y80_TPMC_N400000_S101,101,sample,1399,triangle_1399,sailWall,-0.109849999999777,-0.3881418209136263,0.0759823058142083,1.0,9.622653389748733e-16,-2.9353777671901632e-12,0.00118552931039307,-8.080992028387935e-14,7484.538922892781,-1319.726150268671,-2.8735800470083267e-08,1.1882305019013987e-07,-9.359630198545966e-09,-6.15006111174279e-09,-3.3723788427349942e-09,-2.4224358480642623e-08,-6.15006111174279e-09,-3.3723788427349942e-09,-2.4224358480642623e-08,12,False,250.0
b712773f15e0f684,20270301_h250_r0_p90_y80_TPMC_N400000_S101,101,sample,1400,triangle_1400,sailWall,-0.10985000000014693,0.10880990190733025,-0.05006005204488315,1.0,6.466819605366261e-16,-2.935746943960938e-12,0.0010756087079271891,-8.080992028387935e-14,7484.538922892781,-1319.726150268671,-2.3118480319692314e-09,-1.3774977714345463e-10,3.529117211966428e-10,2.980259384196432e-11,1.1883929431074618e-10,2.416161014408535e-10,2.980259384196432e-11,1.1883929431074618e-10,2.416161014408535e-10,1,False,250.0
b712773f15e0f684,20270301_h250_r0_p90_y80_TPMC_N400000_S101,101,sample,1401,triangle_1401,sailWall,-0.10984999999985308,-0.10880990190733024,0.050060052045527936,1.0,6.466819605501918e-16,-2.93574694396094e-12,0.001075608707927193,-8.080992028387935e-14,7484.538922892781,-1319.726150268671,-1.4915619599792608e-07,3.064028286470483e-08,-6.8600140981206666e-09,-1.5222698724411872e-09,-8.486027305215745e-09,-1.976980090040183e-08,-1.5222698724411872e-09,-8.486027305215745e-09,-1.976980090040183e-08,56,False,250.0
b712773f15e0f684,20270301_h250_r0_p90_y80_TPMC_N400000_S101,101,sample,1402,triangle_1402,sailWall,-0.10985000000031941,-0.050060052045205576,-0.10880990190700779,1.0,-1.2363656685878717e-15,-2.9337191762217705e-12,0.0010756087079271872,-8.080992028387935e-14,7484.538922892781,-1319.726150268671,-4.729938170211561e-08,1.435370370879418e-07,-3.7249136560803205e-08,1.8902309744470726e-08,1.34762666345545e-09,-1.818677854107916e-08,1.8902309744470726e-08,1.34762666345545e-09,-1.818677854107916e-08,16,False,250.0
b712773f15e0f684,20270301_h250_r0_p90_y80_TPMC_N400000_S101,101,sample,1403,triangle_1403,sailWall,-0.10984999999968063,0.05006005204520541,0.10880990190765276,1.0,7.631169420045355e-16,-2.935173163703662e-12,0.0010756087079271928,-8.080992028387935e-14,7484.538922892781,-1319.726150268671,-2.8127884679766908e-08,1.387023999678341e-07,-1.875318720005126e-08,-1.5753138291748e-08,-5.061469729963327e-09,-1.389817685624779e-08,-1.5753138291748e-08,-5.061469729963327e-09,-1.389817685624779e-08,9,False,250.0
b712773f15e0f684,20270301_h250_r0_p90_y80_TPMC_N400000_S101,101,sample,1404,triangle_1404,sailWall,-0.10984999999859958,0.023304261622719907,0.4771048150617023,1.0,1.804898929620782e-16,-2.936755130550043e-12,0.0011088678148952927,-8.080992028387935e-14,7484.538922892781,-1319.726150268671,-1.2781291122161868e-08,9.828873570371249e-08,-1.4922504320001472e-08,-4.8094218893777695e-08,-7.866106428667759e-09,-1.0498929430843379e-08,-4.8094218893777695e-08,-7.866106428667759e-09,-1.0498929430843379e-08,5,False,250.0
b712773f15e0f684,20270301_h250_r0_p90_y80_TPMC_N400000_S101,101,sample,1405,triangle_1405,sailWall,-0.10985000000100585,-0.20575024765251756,-0.34266713317867786,1.0,-9.566104640285141e-16,-2.9346838165144626e-12,0.0011873027599248252,-8.080992028387935e-14,7484.538922892781,-1319.726150268671,-2.8319610800072305e-08,1.5009305114109133e-07,-2.9824234416919667e-08,5.7252136030438075e-08,6.311175922202666e-09,-2.2264226786552968e-08,5.7252136030438075e-08,6.311175922202666e-09,-2.2264226786552968e-08,12,False,250.0
b712773f15e0f684,20270301_h250_r0_p90_y80_TPMC_N400000_S101,101,sample,1406,triangle_1406,sailWall,-0.10985000000060392,0.3426634990690398,-0.20575414731257632,1.0,-2.0943462902460363e-15,-2.9356750983120332e-12,0.0011875848858357296,-8.080992028387935e-14,7484.538922892781,-1319.726150268671,-2.351133142395464e-08,1.4294600452464067e-07,-3.078566049300518e-08,1.8699514891194865e-08,1.4114229967285826e-09,-7.549144828352047e-09,1.8699514891194865e-08,1.4114229967285826e-09,-7.549144828352047e-09,8,False,250.0
b712773f15e0f684,20270301_h250_r0_p90_y80_TPMC_N400000_S101,101,sample,1407,triangle_1407,sailWall,-0.1098499999993961,-0.34266349906904114,0.2057541473132201,1.0,1.869759824240291e-16,-2.935943891234193e-12,0.001187584885835736,-8.080992028387935e-14,7484.538922892781,-1319.726150268671,-2.0640054485879634e-08,4.981333169038136e-08,-1.0425885584405134e-08,-6.756850444234253e-09,-5.370133917222767e-09,-1.251912162070543e-08,-6.756850444234253e-09,-5.370133917222767e-09,-1.251912162070543e-08,8,False,250.0
b712773f15e0f684,20270301_h250_r0_p90_y80_TPMC_N400000_S101,101,sample,1408,triangle_1408,sailWall,-0.10984999999899424,0.2057502476525165,0.3426671331793234,1.0,9.194178029154008e-16,-2.9356554959445433e-12,0.0011873027599248168,-8.080992028387935e-14,7484.538922892781,-1319.726150268671,-1.1085416656873288e-08,7.03934337403961e-08,-4.152893049541971e-09,-2.5576973679010727e-08,-4.358901209478046e-09,-5.430388452876845e-09,-2.5576973679010727e-08,-4.358901209478046e-09,-5.430388452876845e-09,4,False,250.0
b712773f15e0f684,20270301_h250_r0_p90_y80_TPMC_N400000_S101,101,sample,1409,triangle_1409,sailWall,-0.10984999999999819,-0.10872258196465634,0.0006152345045422972,1.0,-6.392605608424256e-16,-2.9337797172705346e-12,0.0010128064873025392,-8.080992028387935e-14,7484.538922892781,-1319.726150268671,-1.5572608781655048e-07,9.959524261609631e-08,-6.391410554416199e-08,7.239611785405326e-09,-7.068966912810735e-09,-2.7873697484418442e-08,7.239611785405326e-09,-7.068966912810735e-09,-2.7873697484418442e-08,61,False,250.0
b712773f15e0f684,20270301_h250_r0_p90_y80_TPMC_N400000_S101,101,sample,1410,triangle_1410,sailWall,-0.10984999999968087,0.0006152345042198248,0.10872258196497882,1.0,-7.379242302816263e-16,-2.936428689661915e-12,0.0010128064873025358,-8.080992028387935e-14,7484.538922892781,-1319.726150268671,-2.4133064410911388e-08,1.4087066636066011e-07,-1.46393728519828e-08,-1.5859561400712825e-08,-4.343433110848798e-09,-1.5416308459483414e-08,-1.5859561400712825e-08,-4.343433110848798e-09,-1.5416308459483414e-08,10,False,250.0
b712773f15e0f684,20270301_h250_r0_p90_y80_TPMC_N400000_S101,101,sample,1411,triangle_1411,sailWall,-0.10985000000000182,0.10872258196465634,-0.0006152345038974808,1.0,-4.667512403255324e-16,-2.934077939605616e-12,0.0010128064873025382,-8.080992028387935e-14,7484.538922892781,-1319.726150268671,0.0,0.0,0.0,0.0,0.0,0.0,0.0,0.0,0.0,0,True,250.0
b712773f15e0f684,20270301_h250_r0_p90_y80_TPMC_N400000_S101,101,sample,1412,triangle_1412,sailWall,-0.10985000000031915,-0.0006152345042199208,-0.10872258196433386,1.0,1.3496321152798368e-15,-2.9352211244182613e-12,0.0010128064873025375,-8.080992028387935e-14,7484.538922892781,-1319.726150268671,-2.239523005776172e-08,6.177835049688498e-08,-2.370085562150782e-08,6.6423205130696196e-09,-1.2897450900118577e-10,-6.863935832958577e-09,6.6423205130696196e-09,-1.2897450900118577e-10,-6.863935832958577e-09,9,False,250.0
b712773f15e0f684,20270301_h250_r0_p90_y80_TPMC_N400000_S101,101,sample,1413,triangle_1413,sailWall,-0.10985000000140044,-0.023305156566980827,-0.47710538460825996,1.0,1.5913724964173042e-16,-2.934513090713243e-12,0.0011088894174011536,-8.080992028387935e-14,7484.538922892781,-1319.726150268671,-2.329599854056607e-08,1.5671191177744313e-07,-3.259559126679672e-08,7.61019682183645e-08,7.637524093128952e-09,-1.7661203925013425e-08,7.61019682183645e-08,7.637524093128952e-09,-1.7661203925013425e-08,8,False,250.0
b712773f15e0f684,20270301_h250_r0_p90_y80_TPMC_N400000_S101,101,sample,1414,triangle_1414,sailWall,-0.10985000000006896,0.47721115773386263,-0.023490750733768568,1.0,-3.864142382981643e-16,-2.935127824433322e-12,0.001125550080491999,-8.080992028387935e-14,7484.538922892781,-1319.726150268671,-1.259408573957626e-08,7.377234086859925e-08,-2.4323726231281888e-08,-1.0423627984735652e-08,-2.456619095671642e-09,-2.0615340063779054e-09,-1.0423627984735652e-08,-2.456619095671642e-09,-2.0615340063779054e-09,4,False,250.0
b712773f15e0f684,20270301_h250_r0_p90_y80_TPMC_N400000_S101,101,sample,1415,triangle_1415,sailWall,-0.1098499999999316,-0.47710538460858215,0.02330515656730096,1.0,-1.0785230743869956e-15,-2.933930574985582e-12,0.0011088894174011554,-8.080992028387935e-14,7484.538922892781,-1319.726150268671,-1.7116112754146952e-08,1.306422666857019e-07,-2.2780058292744627e-08,8.08326622549808e-09,-2.818070156491012e-09,-2.2406700342344354e-08,8.08326622549808e-09,-2.818070156491012e-09,-2.2406700342344354e-08,8,False,250.0
b712773f15e0f684,20270301_h250_r0_p90_y80_TPMC_N400000_S101,101,sample,1416,triangle_1416,sailWall,-0.10985000000109409,0.0016549150673994515,-0.3727477950116047,1.0,9.044725811820945e-16,-2.9341279279334964e-12,0.0011539415247701786,-8.080992028387935e-14,7484.538922892781,-1319.726150268671,-2.2756266725157586e-08,9.919451139440274e-08,-3.235885024243693e-08,3.631580579244544e-08,4.810579061734265e-09,-1.0819980353525822e-08,3.631580579244544e-08,4.810579061734265e-09,-1.0819980353525822e-08,8,False,250.0
b712773f15e0f684,20270301_h250_r0_p90_y80_TPMC_N400000_S101,101,sample,1417,triangle_1417,sailWall,-0.10985000000000485,-0.37274779501192673,-0.0016549150670783057,1.0,6.809382694258225e-16,-2.9350878038084685e-12,0.0011539415247701684,-8.080992028387935e-14,7484.538922892781,-1319.726150268671,-4.046474513788073e-08,1.04550307036388e-07,-2.355030042367653e-08,8.544007964326512e-09,-2.665702704663664e-09,-2.6409154155102884e-08,8.544007964326512e-09,-2.665702704663664e-09,-2.6409154155102884e-08,15,False,250.0
b712773f15e0f684,20270301_h250_r0_p90_y80_TPMC_N400000_S101,101,sample,1418,triangle_1418,sailWall,-0.10984999999999513,0.37274779501192695,0.0016549150677221784,1.0,6.809382694094138e-16,-2.9350878038084584e-12,0.0011539415247701715,-8.080992028387935e-14,7484.538922892781,-1319.726150268671,0.0,0.0,0.0,0.0,0.0,0.0,0.0,0.0,0.0,0,True,250.0
b712773f15e0f684,20270301_h250_r0_p90_y80_TPMC_N400000_S101,101,sample,1419,triangle_1419,sailWall,-0.10984999999890593,-0.0016549122391224316,0.3727477963370449,1.0,-7.08761884807906e-16,-2.9350663445505534e-12,0.0011539412834235924,-8.080992028387935e-14,7484.538922892781,-1319.726150268671,-2.6527456230425145e-08,1.5496355898707888e-07,-1.981175233251564e-08,-5.679888732371855e-08,-1.1962832503820847e-08,-1.7361620526674437e-08,-5.679888732371855e-08,-1.1962832503820847e-08,-1.7361620526674437e-08,8,False,250.0
b712773f15e0f684,20270301_h250_r0_p90_y80_TPMC_N400000_S101,101,sample,1420,triangle_1420,sailWall,-0.1098499999994273,0.05046810777153274,0.19512819970166503,1.0,-6.469414042182452e-16,-2.9357809235051707e-12,0.0010821034429233456,-8.080992028387935e-14,7484.538922892781,-1319.726150268671,-1.9473956241707858e-08,1.5379178025651586e-07,-2.2399888808067297e-08,-3.1138560520550626e-08,-6.252381500597002e-09,-1.5928300702247122e-08,-3.1138560520550626e-08,-6.252381500597002e-09,-1.5928300702247122e-08,7,False,250.0
b712773f15e0f684,20270301_h250_r0_p90_y80_TPMC_N400000_S101,101,sample,1421,triangle_1421,sailWall,-0.10985000000014812,0.19512819970134246,-0.050468107771210614,1.0,-2.2025646142849916e-16,-2.9354236344057287e-12,0.001082103442923345,-8.080992028387935e-14,7484.538922892781,-1319.726150268671,0.0,0.0,0.0,0.0,0.0,0.0,0.0,0.0,0.0,0,True,250.0
b712773f15e0f684,20270301_h250_r0_p90_y80_TPMC_N400000_S101,101,sample,1422,triangle_1422,sailWall,-0.10984999999985189,-0.19512819970134251,0.050468107771855196,1.0,-2.202564614142836e-16,-2.935423634405728e-12,0.0010821034429233443,-8.080992028387935e-14,7484.538922892781,-1319.726150268671,-8.245210817147679e-08,8.278029853667227e-08,-2.5282590857682524e-08,2.603274798071109e-10,-7.176749623414777e-09,-2.4907926724793417e-08,2.603274798071109e-10,-7.176749623414777e-09,-2.4907926724793417e-08,30,False,250.0
b712773f15e0f684,20270301_h250_r0_p90_y80_TPMC_N400000_S101,101,sample,1423,triangle_1423,sailWall,-0.10985000000057277,-0.05046810777153298,-0.1951281997010201,1.0,-6.832476737582306e-16,-2.93326954897249e-12,0.0010821034429233478,-8.080992028387935e-14,7484.538922892781,-1319.726150268671,-3.493010501455362e-08,1.1610142972316633e-07,-2.7586964213511316e-08,2.3609105854122782e-08,3.758775662893707e-09,-1.4456862941697817e-08,2.3609105854122782e-08,3.758775662893707e-09,-1.4456862941697817e-08,13,False,250.0
b712773f15e0f684,20270301_h250_r0_p90_y80_TPMC_N400000_S101,101,sample,1424,triangle_1424,sailWall,-0.10984999999993426,-0.2386497161129085,0.022394776453800096,0.9999999999999999,4.982756194861936e-16,-2.935078141880933e-12,0.0012622089827634656,-8.080992028387935e-14,7484.538922892781,-1319.726150268671,-7.050945214234565e-08,8.279839377767901e-08,-2.833774992576782e-08,5.802225569284133e-09,-4.5546058512805916e-09,-2.5895923420260126e-08,5.802225569284133e-09,-4.5546058512805916e-09,-2.5895923420260126e-08,26,False,250.0
b712773f15e0f684,20270301_h250_r0_p90_y80_TPMC_N400000_S101,101,sample,1425,triangle_1425,sailWall,-0.10984999999929952,0.022394776453477608,0.2386497161132312,1.0,7.00513900189397e-16,-2.93431724790239e-12,0.0012622089827634703,-8.080992028387935e-14,7484.538922892781,-1319.726150268671,-2.9711614743902773e-08,1.795995381579751e-07,-3.3010942458716455e-08,-4.4565903033443226e-08,-1.0878555379163254e-08,-1.9087579390385872e-08,-4.4565903033443226e-08,-1.0878555379163254e-08,-1.9087579390385872e-08,10,False,250.0
b712773f15e0f684,20270301_h250_r0_p90_y80_TPMC_N400000_S101,101,sample,1426,triangle_1426,sailWall,-0.1098500000007005,-0.02239477645347802,-0.23864971611258623,1.0,7.791053300206268e-16,-2.9367955291187035e-12,0.0012622089827634647,-8.080992028387935e-14,7484.538922892781,-1319.726150268671,-3.745858554071963e-08,1.634373944908829e-07,-3.3317066932967736e-08,3.9391740818206414e-08,5.2634897981961825e-09,-1.8774522774968728e-08,3.9391740818206414e-08,5.2634897981961825e-09,-1.8774522774968728e-08,14,False,250.0
b712773f15e0f684,20270301_h250_r0_p90_y80_TPMC_N400000_S101,101,sample,1427,triangle_1427,sailWall,-0.10985000000006573,0.23864971611290856,-0.02239477645315563,0.9999999999999999,1.8849046742900148e-16,-2.935087965809649e-12,0.0012622089827634677,-8.080992028387935e-14,7484.538922892781,-1319.726150268671,-2.6520369233901995e-09,1.211796942985852e-09,-2.3534453860430867e-09,-5.957780023765725e-10,-1.9652278386084983e-10,5.701766268699426e-10,-5.957780023765725e-10,-1.9652278386084983e-10,5.701766268699426e-10,1,False,250.0
b712773f15e0f684,20270301_h250_r0_p90_y80_TPMC_N400000_S101,101,sample,1428,triangle_1428,sailWall,-0.10984999999864443,0.048755767203967855,0.4618296818077634,1.0,-1.5574389186132406e-15,-2.9358076454731366e-12,0.0011134317617184923,-8.080992028387935e-14,7484.538922892781,-1319.726150268671,-1.7981466613582802e-08,1.1602120352111877e-07,-1.3096235972387271e-08,-5.356812941732012e-08,-9.64808038155015e-09,-1.1872613043351607e-08,-5.356812941732012e-08,-9.64808038155015e-09,-1.1872613043351607e-08,5,False,250.0
b712773f15e0f684,20270301_h250_r0_p90_y80_TPMC_N400000_S101,101,sample,1429,triangle_1429,sailWall,-0.1098499999998569,-0.4618297589877191,0.04875621583281401,1.0,-1.445439537034011e-15,-2.934603558848892e-12,0.0011134381345261895,-8.080992028387935e-14,7484.538922892781,-1319.726150268671,-3.9574203183066626e-08,1.0694191608759852e-07,-2.0138127833342412e-08,4.090449513925321e-09,-4.029295336275282e-09,-3.025460640063152e-08,4.090449513925321e-09,-4.029295336275282e-09,-3.025460640063152e-08,12,False,250.0
b712773f15e0f684,20270301_h250_r0_p90_y80_TPMC_N400000_S101,101,sample,1430,triangle_1430,sailWall,-0.1098500000013556,-0.04875621583249363,-0.46182975898739675,1.0,3.9151985971674606e-16,-2.934639787666792e-12,0.0011134381345261866,-8.080992028387935e-14,7484.538922892781,-1319.726150268671,-2.4060425085942678e-08,1.9055208402728e-07,-3.401023565728445e-08,9.021011818243613e-08,7.433913341745218e-09,-2.2141609652506466e-08,9.021011818243613e-08,7.433913341745218e-09,-2.2141609652506466e-08,10,False,250.0
b712773f15e0f684,20270301_h250_r0_p90_y80_TPMC_N400000_S101,101,sample,1431,triangle_1431,sailWall,-0.10985000000014367,0.4619344221713399,-0.048939894298035046,1.0,-2.919449294234707e-16,-2.9349572701061457e-12,0.0011215632392172258,-8.080992028387935e-14,7484.538922892781,-1319.726150268671,-4.032540811540343e-09,1.520909752123251e-08,-6.149208244318761e-09,-2.317478884641334e-09,-5.472054773543473e-10,1.663347007168453e-10,-2.317478884641334e-09,-5.472054773543473e-10,1.663347007168453e-10,1,False,250.0
b712773f15e0f684,20270301_h250_r0_p90_y80_TPMC_N400000_S101,101,sample,1432,triangle_1432,sailWall,-0.10984999999984386,0.3430176382397938,0.05318927304275082,1.0,7.878884711148967e-16,-2.9346294113895307e-12,0.0011661971692998095,-8.080992028387935e-14,7484.538922892781,-1319.726150268671,-2.6769368184431172e-08,1.2789148784252867e-07,-3.6028483951766125e-08,-2.012034250067201e-08,-5.569528282940867e-09,-4.686005829076047e-09,-2.012034250067201e-08,-5.569528282940867e-09,-4.686005829076047e-09,8,False,250.0
b712773f15e0f684,20270301_h250_r0_p90_y80_TPMC_N400000_S101,101,sample,1433,triangle_1433,sailWall,-0.1098499999989932,-0.053189253244482725,0.3430176475136828,1.0,1.4354300463531896e-16,-2.934326695011041e-12,0.0011661965752241279,-8.080992028387935e-14,7484.538922892781,-1319.726150268671,-1.6514631558822232e-08,1.189631774388501e-07,-3.1291635984782586e-08,-3.901275946100985e-08,-9.076966854285672e-09,-1.399531560440195e-08,-3.901275946100985e-08,-9.076966854285672e-09,-1.399531560440195e-08,7,False,250.0
b712773f15e0f684,20270301_h250_r0_p90_y80_TPMC_N400000_S101,101,sample,1434,triangle_1434,sailWall,-0.10985000000015611,-0.3430176382397932,-0.05318927304210671,1.0,7.878884711128747e-16,-2.9346294113895396e-12,0.0011661971692997987,-8.080992028387935e-14,7484.538922892781,-1319.726150268671,-5.16428849079415e-08,1.8150189462329578e-07,-3.4164879638953685e-08,2.1317856491236284e-08,-1.029992046445575e-09,-3.7783358152943707e-08,2.1317856491236284e-08,-1.029992046445575e-09,-3.7783358152943707e-08,20,False,250.0
b712773f15e0f684,20270301_h250_r0_p90_y80_TPMC_N400000_S101,101,sample,1435,triangle_1435,sailWall,-0.10985000000100686,0.05318927304242819,-0.34301763823947146,0.9999999999999999,4.0396142001401214e-16,-2.936333580478573e-12,0.0011661971692998087,-8.080992028387935e-14,7484.538922892781,-1319.726150268671,-2.3094594510201765e-08,1.2140518296731355e-07,-1.7689800853747037e-08,4.102498741581228e-08,6.027524515320369e-09,-1.2247398000721842e-08,4.102498741581228e-08,6.027524515320369e-09,-1.2247398000721842e-08,9,False,250.0
b712773f15e0f684,20270301_h250_r0_p90_y80_TPMC_N400000_S101,101,sample,1436,triangle_1436,sailWall,-0.10985000000114781,-0.1297322914452037,-0.3910415443309702,1.0,-4.391466880257328e-16,-2.9343039611767978e-12,0.0014106021530823443,-8.080992028387935e-14,7484.538922892781,-1319.726150268671,-3.145179867091002e-08,1.6449205560422916e-07,-3.0347016339446785e-08,6.801694605012758e-08,8.916801749418269e-09,-2.209206183888114e-08,6.801694605012758e-08,8.916801749418269e-09,-2.209206183888114e-08,10,False,250.0
b712773f15e0f684,20270301_h250_r0_p90_y80_TPMC_N400000_S101,101,sample,1437,triangle_1437,sailWall,-0.10984999999885224,0.12973229144520293,0.39104154433161536,1.0,-4.441643585920505e-16,-2.9361189785033236e-12,0.0014106021530823519,-8.080992028387935e-14,7484.538922892781,-1319.726150268671,-9.145913415070766e-09,1.0226600817596072e-07,-9.759161998548265e-09,-4.0594149572572955e-08,-4.588248659234691e-09,-1.010569514195528e-08,-4.0594149572572955e-08,-4.588248659234691e-09,-1.010569514195528e-08,6,False,250.0
b712773f15e0f684,20270301_h250_r0_p90_y80_TPMC_N400000_S101,101,sample,1438,triangle_1438,sailWall,-0.1098500000003808,0.39104224571955365,-0.12973085775800244,1.0,-4.18244269911156e-16,-2.935475765233091e-12,0.0014106005412486485,-8.080992028387935e-14,7484.538922892781,-1319.726150268671,-1.296721244633805e-08,9.078518147580019e-08,-6.555257113219761e-09,9.054823630969242e-09,9.430980336889982e-10,-4.954589874805237e-09,9.054823630969242e-09,9.430980336889982e-10,-4.954589874805237e-09,4,False,250.0
b712773f15e0f684,20270301_h250_r0_p90_y80_TPMC_N400000_S101,101,sample,1439,triangle_1439,sailWall,-0.1098499999996192,-0.3910415443312932,0.12973229144552487,1.0,-5.412865462120417e-16,-2.9354185601775773e-12,0.001410602153082334,-8.080992028387935e-14,7484.538922892781,-1319.726150268671,-4.246294523502221e-08,1.8029413889250042e-07,-1.8236771520279747e-08,-1.667051185224869e-08,-7.621342941569395e-09,-3.6413195683705006e-08,-1.667051185224869e-08,-7.621342941569395e-09,-3.6413195683705006e-08,15,False,250.0
b712773f15e0f684,20270301_h250_r0_p90_y80_TPMC_N400000_S101,101,sample,1440,triangle_1440,sailWall,-0.10984999999976593,0.0006808898650317851,0.07974185154531303,1.0,-6.250053053459622e-16,-2.9341727421716953e-12,0.0010702049557881157,-8.080992028387935e-14,7484.538922892781,-1319.726150268671,-2.3349594170925085e-08,4.6407578012848417e-08,3.050487752723604e-09,-3.312777688086459e-09,-1.2384447640218585e-09,-5.034864810192994e-09,-3.312777688086459e-09,-1.2384447640218585e-09,-5.034864810192994e-09,8,False,250.0
b712773f15e0f684,20270301_h250_r0_p90_y80_TPMC_N400000_S101,101,sample,1441,triangle_1441,sailWall,-0.10985000000023411,-0.0006808898650318603,-0.07974185154466812,1.0,1.3453536111134054e-15,-2.9353066023905455e-12,0.0010702049557881161,-8.080992028387935e-14,7484.538922892781,-1319.726150268671,-1.991151915139164e-08,8.560433687636494e-08,-8.172998502344208e-09,6.909155219164787e-09,7.071099757055238e-10,-9.460594479576903e-09,6.909155219164787e-09,7.071099757055238e-10,-9.460594479576903e-09,8,False,250.0
b712773f15e0f684,20270301_h250_r0_p90_y80_TPMC_N400000_S101,101,sample,1442,triangle_1442,sailWall,-0.109849999999998,-0.07974185154499057,0.0006808898653542691,1.0,1.821844226876559e-16,-2.9338208337791584e-12,0.001070204955788119,-8.080992028387935e-14,7484.538922892781,-1319.726150268671,-2.550503943619674e-07,1.1590767081119842e-08,-4.404716343847528e-08,3.754335929093974e-09,-5.16101042018832e-09,-2.1387760193368816e-08,3.754335929093974e-09,-5.16101042018832e-09,-2.1387760193368816e-08,96,False,250.0
b712773f15e0f684,20270301_h250_r0_p90_y80_TPMC_N400000_S101,101,sample,1443,triangle_1443,sailWall,-0.109850000000002,0.07974185154499057,-0.0006808898647094261,1.0,2.0204391424398415e-17,-2.934102313624367e-12,0.001070204955788118,-8.080992028387935e-14,7484.538922892781,-1319.726150268671,0.0,0.0,0.0,0.0,0.0,0.0,0.0,0.0,0.0,0,True,250.0
b712773f15e0f684,20270301_h250_r0_p90_y80_TPMC_N400000_S101,101,sample,1444,triangle_1444,sailWall,-0.10984999999963845,0.12525135777357854,0.12319804292849872,1.0,-1.8275906072458445e-16,-2.935221627450077e-12,0.0010075423832611625,-8.080992028387935e-14,7484.538922892781,-1319.726150268671,-8.370270705467988e-09,6.220721621875535e-08,-1.5868553554030478e-08,-9.868708960558997e-09,-2.818768199526852e-09,-5.792926128628949e-09,-9.868708960558997e-09,-2.818768199526852e-09,-5.792926128628949e-09,4,False,250.0
b712773f15e0f684,20270301_h250_r0_p90_y80_TPMC_N400000_S101,101,sample,1445,triangle_1445,sailWall,-0.10984999999963237,-0.12319804292817632,0.12525135777390103,1.0,-2.4732180917589265e-16,-2.937090725128223e-12,0.0010075423832611753,-8.080992028387935e-14,7484.538922892781,-1319.726150268671,-4.576205821962508e-08,1.1994254208429832e-07,-1.7257173425367693e-08,-1.3391770290730235e-08,-7.73171157906519e-09,-1.8718756457926385e-08,-1.3391770290730235e-08,-7.73171157906519e-09,-1.8718756457926385e-08,14,False,250.0
b712773f15e0f684,20270301_h250_r0_p90_y80_TPMC_N400000_S101,101,sample,1446,triangle_1446,sailWall,-0.10985000000036767,0.12319804292817604,-0.12525135777325633,1.0,7.46032455846447e-16,-2.9354238915169513e-12,0.0010075423832611636,-8.080992028387935e-14,7484.538922892781,-1319.726150268671,-2.5617791825973913e-08,1.4818591060127964e-07,-2.7607628696365644e-08,1.582940993417078e-08,3.1528212180499413e-10,-1.3114521675237758e-08,1.582940993417078e-08,3.1528212180499413e-10,-1.3114521675237758e-08,8,False,250.0
b712773f15e0f684,20270301_h250_r0_p90_y80_TPMC_N400000_S101,101,sample,1447,triangle_1447,sailWall,-0.10985000000036167,-0.12525135777357868,-0.12319804292785357,1.0,-1.827590607307735e-16,-2.9352216274500583e-12,0.001007542383261169,-8.080992028387935e-14,7484.538922892781,-1319.726150268671,-4.886721712001761e-08,1.9217490729617197e-07,-3.8769178364203466e-08,2.9221152231669837e-08,1.746630114600322e-09,-2.7341465098041194e-08,2.9221152231669837e-08,1.746630114600322e-09,-2.7341465098041194e-08,19,False,250.0
b712773f15e0f684,20270301_h250_r0_p90_y80_TPMC_N400000_S101,101,sample,1448,triangle_1448,sailWall,-0.10984999999992003,0.3280508246651477,0.02723303544803518,1.0,4.4287577728788953e-16,-2.9352391675394426e-12,0.001146347888805368,-8.080992028387935e-14,7484.538922892781,-1319.726150268671,-1.3258182705088976e-08,1.2372110267807663e-07,-2.356626387935177e-08,-1.17031757356315e-08,-3.0165199326827574e-09,-9.234003081210064e-09,-1.17031757356315e-08,-3.0165199326827574e-09,-9.234003081210064e-09,6,False,250.0
b712773f15e0f684,20270301_h250_r0_p90_y80_TPMC_N400000_S101,101,sample,1449,triangle_1449,sailWall,-0.10984999999903712,-0.02723303261943534,0.3280508259902655,1.0,7.987280194212025e-16,-2.9346974123913705e-12,0.001146347990272942,-8.080992028387935e-14,7484.538922892781,-1319.726150268671,-2.262118960344289e-08,1.3580616849624107e-07,-3.237341992727367e-08,-4.4462146840331525e-08,-1.1111307439131545e-08,-1.5494706839644547e-08,-4.4462146840331525e-08,-1.1111307439131545e-08,-1.5494706839644547e-08,6,False,250.0
b712773f15e0f684,20270301_h250_r0_p90_y80_TPMC_N400000_S101,101,sample,1450,triangle_1450,sailWall,-0.10985000000096294,0.027233035447712564,-0.3280508246648253,1.0,-8.246846528067527e-16,-2.9356383870124555e-12,0.0011463478888053705,-8.080992028387935e-14,7484.538922892781,-1319.726150268671,-1.885753668525216e-08,7.108116221112583e-08,-1.737750465098934e-08,2.264963776552308e-08,4.2062219652312135e-09,-7.061195692922297e-09,2.264963776552308e-08,4.2062219652312135e-09,-7.061195692922297e-09,5,False,250.0
b712773f15e0f684,20270301_h250_r0_p90_y80_TPMC_N400000_S101,101,sample,1451,triangle_1451,sailWall,-0.10985000000007995,-0.32805082466514734,-0.027233035447391068,1.0,5.962599590080906e-16,-2.934968084910384e-12,0.001146347888805366,-8.080992028387935e-14,7484.538922892781,-1319.726150268671,-2.2201513040218537e-08,4.09808652001587e-08,-8.752221103186036e-09,4.2612886700016535e-09,-4.4568733750431873e-10,-1.175356112556315e-08,4.2612886700016535e-09,-4.4568733750431873e-10,-1.175356112556315e-08,9,False,250.0
b712773f15e0f684,20270301_h250_r0_p90_y80_TPMC_N400000_S101,101,sample,1452,triangle_1452,sailWall,-0.10984999999999538,0.342962231407865,0.0015692786012439705,1.0,3.549815904281227e-16,-2.9350874864109504e-12,0.001153744925396248,-8.080992028387935e-14,7484.538922892781,-1319.726150268671,-3.2014873852849953e-09,1.67242403945905e-08,-4.046165343591662e-09,-1.37459345281224e-09,-4.4619219213501393e-10,-7.566378594068937e-10,-1.37459345281224e-09,-4.4619219213501393e-10,-7.566378594068937e-10,1,False,250.0
b712773f15e0f684,20270301_h250_r0_p90_y80_TPMC_N400000_S101,101,sample,1453,triangle_1453,sailWall,-0.10984999999899336,-0.0015692757726441338,0.3429622327329829,1.0,-7.092535587751457e-16,-2.9355712373736163e-12,0.0011537447871439572,-8.080992028387935e-14,7484.538922892781,-1319.726150268671,-1.945784101285607e-08,1.0927340573753888e-07,-1.548260316256824e-08,-3.778450639444841e-08,-8.431669980208714e-09,-1.2012479764855868e-08,-3.778450639444841e-08,-8.431669980208714e-09,-1.2012479764855868e-08,5,False,250.0
b712773f15e0f684,20270301_h250_r0_p90_y80_TPMC_N400000_S101,101,sample,1454,triangle_1454,sailWall,-0.1098500000010067,0.00156927860092125,-0.3429622314075426,1.0,9.039771835950402e-16,-2.9346366847705518e-12,0.001153744925396248,-8.080992028387935e-14,7484.538922892781,-1319.726150268671,-3.045268848232856e-08,1.788056636492052e-07,-2.7447216572528227e-08,6.153425662113326e-08,7.460002897835091e-09,-1.9498383227858583e-08,6.153425662113326e-08,7.460002897835091e-09,-1.9498383227858583e-08,10,False,250.0
b712773f15e0f684,20270301_h250_r0_p90_y80_TPMC_N400000_S101,101,sample,1455,triangle_1455,sailWall,-0.10985000000000462,-0.3429622314078647,-0.0015692786005999312,1.0,6.656244518210964e-16,-2.9350877888967697e-12,0.0011537449253962437,-8.080992028387935e-14,7484.538922892781,-1319.726150268671,-4.030554550973786e-08,1.199386394009162e-07,-2.7411953689908457e-08,9.916114456895919e-09,-2.8555455925026475e-09,-2.7014303976268027e-08,9.916114456895919e-09,-2.8555455925026475e-09,-2.7014303976268027e-08,13,False,250.0
b712773f15e0f684,20270301_h250_r0_p90_y80_TPMC_N400000_S101,101,sample,1456,triangle_1456,sailWall,-0.10985000000045743,-0.34264442560276437,-0.15584572031949442,1.0,1.0528078797652062e-15,-2.9349488934089097e-12,0.00114791043058558,-8.080992028387935e-14,7484.538922892781,-1319.726150268671,-1.3671803465615909e-08,8.72062021743924e-08,-2.4199395389823615e-08,2.2593686565128226e-08,-4.6549148807600543e-10,-1.4283981187053993e-08,2.2593686565128226e-08,-4.6549148807600543e-10,-1.4283981187053993e-08,7,False,250.0
b712773f15e0f684,20270301_h250_r0_p90_y80_TPMC_N400000_S101,101,sample,1457,triangle_1457,sailWall,-0.10985000000100574,0.15584572031981547,-0.3426444256024436,1.0,-3.947674775236417e-16,-2.9353013204268086e-12,0.00114791043058558,-8.080992028387935e-14,7484.538922892781,-1319.726150268671,-1.93655554869992e-08,1.0975334585937463e-07,-2.6779091388900944e-08,3.393576189806252e-08,3.768426440977969e-09,-9.179406414740467e-09,3.393576189806252e-08,3.768426440977969e-09,-9.179406414740467e-09,6,False,250.0
b712773f15e0f684,20270301_h250_r0_p90_y80_TPMC_N400000_S101,101,sample,1458,triangle_1458,sailWall,-0.10984999999954258,0.34264442560276526,0.15584572032013824,0.9999999999999999,7.407710983990701e-16,-2.934947822592684e-12,0.0011479104305855672,-8.080992028387935e-14,7484.538922892781,-1319.726150268671,-1.510492516256778e-08,8.529555313526292e-08,-1.6588678085373394e-08,-1.882838896508765e-08,-4.097149347475549e-09,-4.194829742252859e-09,-1.882838896508765e-08,-4.097149347475549e-09,-4.194829742252859e-09,6,False,250.0
b712773f15e0f684,20270301_h250_r0_p90_y80_TPMC_N400000_S101,101,sample,1459,triangle_1459,sailWall,-0.10984999999899427,-0.15584572031981636,0.3426444256030878,1.0,-3.947674774984167e-16,-2.9353013204268162e-12,0.0011479104305855703,-8.080992028387935e-14,7484.538922892781,-1319.726150268671,-2.2643600208177814e-08,1.276888312885989e-07,-1.7200366845264107e-08,-4.0311714439851536e-08,-9.536614112771646e-09,-1.745424249369606e-08,-4.0311714439851536e-08,-9.536614112771646e-09,-1.745424249369606e-08,7,False,250.0
b712773f15e0f684,20270301_h250_r0_p90_y80_TPMC_N400000_S101,101,sample,1460,triangle_1460,sailWall,-0.10985000000108862,-0.20511758953593032,-0.3708735592356591,1.0,-9.563780485176214e-16,-2.933970813610802e-12,0.0010031895526417117,-8.080992028387935e-14,7484.538922892781,-1319.726150268671,-2.9180213859362914e-08,1.0738858352506715e-07,-2.4443762369392925e-08,4.4806536651713254e-08,8.137838303080159e-09,-1.7724130665496494e-08,4.4806536651713254e-08,8.137838303080159e-09,-1.7724130665496494e-08,11,False,250.0
b712773f15e0f684,20270301_h250_r0_p90_y80_TPMC_N400000_S101,101,sample,1461,triangle_1461,sailWall,-0.10985000000060204,0.3708736677721292,-0.20511745307805573,1.0,-7.9024093547142e-18,-2.935675778424159e-12,0.0010031979780940905,-8.080992028387935e-14,7484.538922892781,-1319.726150268671,-2.371241047987517e-08,1.0741223209534722e-07,-2.3859436667006367e-08,1.2827423195990011e-08,2.1610557410885863e-09,-3.0516479178777533e-09,1.2827423195990011e-08,2.1610557410885863e-09,-3.0516479178777533e-09,6,False,250.0
b712773f15e0f684,20270301_h250_r0_p90_y80_TPMC_N400000_S101,101,sample,1462,triangle_1462,sailWall,-0.10984999999891143,0.2051175895359292,0.3708735592363046,1.0,9.195546565122295e-16,-2.935235657304928e-12,0.001003189552641702,-8.080992028387935e-14,7484.538922892781,-1319.726150268671,-2.1181611555259583e-08,1.4246494639322275e-07,-2.4632526107696865e-08,-5.739131573765258e-08,-1.0504631185813735e-08,-1.1365776860955954e-08,-5.739131573765258e-08,-1.0504631185813735e-08,-1.1365776860955954e-08,7,False,250.0
b712773f15e0f684,20270301_h250_r0_p90_y80_TPMC_N400000_S101,101,sample,1463,triangle_1463,sailWall,-0.10984999999939797,-0.37087355923598325,0.20511758953625095,1.0,1.3850132076166526e-16,-2.9359438754330467e-12,0.0010031895526416996,-8.080992028387935e-14,7484.538922892781,-1319.726150268671,-1.7863928068346867e-08,6.046568260764901e-08,-7.896961915299374e-09,-8.913235345544866e-09,-4.373246775165142e-09,-1.3237026737845447e-08,-8.913235345544866e-09,-4.373246775165142e-09,-1.3237026737845447e-08,6,False,250.0
b712773f15e0f684,20270301_h250_r0_p90_y80_TPMC_N400000_S101,101,sample,1464,triangle_1464,sailWall,-0.10985000000030691,-0.34295853219158445,-0.10455726259494998,1.0,1.1423698657516841e-15,-2.9352995329456215e-12,0.0011234061211510167,-8.080992028387935e-14,7484.538922892781,-1319.726150268671,-2.5762845117263057e-08,7.040485914831435e-08,-1.985928551442524e-08,1.370283620995699e-08,4.847018080879545e-10,-1.6553372699051536e-08,1.370283620995699e-08,4.847018080879545e-10,-1.6553372699051536e-08,10,False,250.0
b712773f15e0f684,20270301_h250_r0_p90_y80_TPMC_N400000_S101,101,sample,1465,triangle_1465,sailWall,-0.1098499999996931,0.3429585321915852,0.10455726259559406,1.0,1.1423698657583593e-15,-2.9352995329456328e-12,0.0011234061211510126,-8.080992028387935e-14,7484.538922892781,-1319.726150268671,-2.4150865467096606e-08,1.7214173024196564e-07,-2.4295776283766552e-08,-2.7219312734040553e-08,-5.311345157347375e-09,-1.0478323451751733e-08,-2.7219312734040553e-08,-5.311345157347375e-09,-1.0478323451751733e-08,9,False,250.0
b712773f15e0f684,20270301_h250_r0_p90_y80_TPMC_N400000_S101,101,sample,1466,triangle_1466,sailWall,-0.10984999999899336,-0.10455724562560394,0.34295854014067895,1.0,1.0462466328582643e-15,-2.9358601648730936e-12,0.0011234075487827082,-8.080992028387935e-14,7484.538922892781,-1319.726150268671,-1.5135202926961217e-08,1.0739293623511661e-07,-1.88365998685725e-08,-3.4521831804832573e-08,-7.2672672334520225e-09,-1.3354722520571385e-08,-3.4521831804832573e-08,-7.2672672334520225e-09,-1.3354722520571385e-08,5,False,250.0
b712773f15e0f684,20270301_h250_r0_p90_y80_TPMC_N400000_S101,101,sample,1467,triangle_1467,sailWall,-0.1098500000010067,0.10455726259527132,-0.3429585321912632,1.0,-1.1621511560565044e-15,-2.9346346200366003e-12,0.0011234061211510013,-8.080992028387935e-14,7484.538922892781,-1319.726150268671,-3.2354756525556775e-08,1.4961085069845843e-07,-3.9777428028228025e-08,4.714887772063409e-08,6.7145840245063116e-09,-1.3081266254218091e-08,4.714887772063409e-08,6.7145840245063116e-09,-1.3081266254218091e-08,9,False,250.0
b712773f15e0f684,20270301_h250_r0_p90_y80_TPMC_N400000_S101,101,sample,1468,triangle_1468,sailWall,-0.10985000000038163,-0.3279300477984523,-0.1300141779017062,1.0,9.949126959207002e-16,-2.9350489683655586e-12,0.0011387212767606904,-8.080992028387935e-14,7484.538922892781,-1319.726150268671,-1.765709334663969e-08,3.086878315395383e-08,-1.4006593417154376e-08,8.691524368181836e-09,8.489963286197436e-10,-9.266629728245674e-09,8.691524368181836e-09,8.489963286197436e-10,-9.266629728245674e-09,8,False,250.0
b712773f15e0f684,20270301_h250_r0_p90_y80_TPMC_N400000_S101,101,sample,1469,triangle_1469,sailWall,-0.10984999999961836,0.32793004779845303,0.13001417790235023,1.0,8.372474934926658e-16,-2.934781057925651e-12,0.0011387212767606878,-8.080992028387935e-14,7484.538922892781,-1319.726150268671,-2.4659295178682508e-08,1.6601008225526722e-07,-3.239794395547249e-08,-3.202152519499036e-08,-6.706396029915009e-09,-1.0209799501069881e-08,-3.202152519499036e-08,-6.706396029915009e-09,-1.0209799501069881e-08,8,False,250.0
b712773f15e0f684,20270301_h250_r0_p90_y80_TPMC_N400000_S101,101,sample,1470,triangle_1470,sailWall,-0.10984999999903745,-0.13001417790202832,0.3279300477987755,1.0,8.107674225799757e-16,-2.935998744307956e-12,0.0011387212767606828,-8.080992028387935e-14,7484.538922892781,-1319.726150268671,-2.3336867464410734e-08,1.2446674595239763e-07,-1.9077871066630536e-08,-3.831646156336629e-08,-9.74535958702238e-09,-1.6768527727967932e-08,-3.831646156336629e-08,-9.74535958702238e-09,-1.6768527727967932e-08,7,False,250.0
b712773f15e0f684,20270301_h250_r0_p90_y80_TPMC_N400000_S101,101,sample,1471,triangle_1471,sailWall,-0.10985000000096257,0.13001417790202746,-0.3279300477981311,0.9999999999999999,-1.3530265257731088e-15,-2.9347469501265183e-12,0.001138721276760681,-8.080992028387935e-14,7484.538922892781,-1319.726150268671,-2.4866357997093536e-08,1.0102615739739244e-07,-1.749976071823971e-08,3.1055469164889174e-08,6.1837213487972e-09,-7.988094886788006e-09,3.1055469164889174e-08,6.1837213487972e-09,-7.988094886788006e-09,7,False,250.0
b712773f15e0f684,20270301_h250_r0_p90_y80_TPMC_N400000_S101,101,sample,1472,triangle_1472,sailWall,-0.10984999999985456,-0.2835491108651846,0.04954340051455949,1.0,-4.928672348992139e-16,-2.9356114845144563e-12,0.0011572500907060738,-8.080992028387935e-14,7484.538922892781,-1319.726150268671,-4.519845694782424e-08,6.377275398204076e-08,-8.14213838211243e-09,-7.529434527632437e-10,-3.2254301473953647e-09,-1.9745979713604688e-08,-7.529434527632437e-10,-3.2254301473953647e-09,-1.9745979713604688e-08,17,False,250.0
b712773f15e0f684,20270301_h250_r0_p90_y80_TPMC_N400000_S101,101,sample,1473,triangle_1473,sailWall,-0.10985000000014543,0.2835491108651844,-0.04954340051391524,1.0,-4.928672349084188e-16,-2.9356114845144595e-12,0.0011572500907060682,-8.080992028387935e-14,7484.538922892781,-1319.726150268671,0.0,0.0,0.0,0.0,0.0,0.0,0.0,0.0,0.0,0,True,250.0
b712773f15e0f684,20270301_h250_r0_p90_y80_TPMC_N400000_S101,101,sample,1474,triangle_1474,sailWall,-0.10984999999916774,0.049543378949757085,0.283549130961537,1.0,-1.2943314897468928e-15,-2.935327956810474e-12,0.0011572478513112538,-8.080992028387935e-14,7484.538922892781,-1319.726150268671,-1.351878847992249e-08,4.8840488439734576e-08,-1.4581014462893996e-08,-1.4888386002505588e-08,-5.525397911317696e-09,-4.6443296390639114e-09,-1.4888386002505588e-08,-5.525397911317696e-09,-4.6443296390639114e-09,4,False,250.0
b712773f15e0f684,20270301_h250_r0_p90_y80_TPMC_N400000_S101,101,sample,1475,triangle_1475,sailWall,-0.1098500000008323,-0.049543378949757716,-0.283549130960892,0.9999999999999999,5.678913156648102e-16,-2.93425164991128e-12,0.001157247851311257,-8.080992028387935e-14,7484.538922892781,-1319.726150268671,-3.270400901057096e-08,1.709164109519222e-07,-3.439527406131729e-08,5.2279134449590296e-08,5.738496213545146e-09,-2.0270420982604012e-08,5.2279134449590296e-08,5.738496213545146e-09,-2.0270420982604012e-08,12,False,250.0
b712773f15e0f684,20270301_h250_r0_p90_y80_TPMC_N400000_S101,101,sample,1476,triangle_1476,sailWall,-0.10985000000070556,0.12710729130239543,-0.24037664006968476,0.9999999999999999,4.794482586799677e-16,-2.9357119762302556e-12,0.0011596402288394415,-8.080992028387935e-14,7484.538922892781,-1319.726150268671,-2.8936312228847645e-08,1.629962379221087e-07,-3.400693991769219e-08,3.4656129375183676e-08,3.1830090064657154e-09,-1.4218908148667964e-08,3.4656129375183676e-08,3.1830090064657154e-09,-1.4218908148667964e-08,12,False,250.0
b712773f15e0f684,20270301_h250_r0_p90_y80_TPMC_N400000_S101,101,sample,1477,triangle_1477,sailWall,-0.10984999999962693,0.24037664007000678,0.12710729130271775,1.0,9.984477000993538e-16,-2.934797362437483e-12,0.0011596402288394378,-8.080992028387935e-14,7484.538922892781,-1319.726150268671,-1.0445622285649833e-08,5.0396616604464835e-08,-8.265597798529864e-09,-8.162153956902874e-09,-2.184900895639305e-09,-3.086868909656878e-09,-8.162153956902874e-09,-2.184900895639305e-09,-3.086868909656878e-09,3,False,250.0
b712773f15e0f684,20270301_h250_r0_p90_y80_TPMC_N400000_S101,101,sample,1478,triangle_1478,sailWall,-0.10984999999929446,-0.12710729130239581,0.24037664007032933,1.0,-1.1138409688212783e-15,-2.9368294335667774e-12,0.0011596402288394402,-8.080992028387935e-14,7484.538922892781,-1319.726150268671,-1.1961619277402528e-08,6.409919804864369e-08,-9.513898879893505e-09,-1.4521886198602512e-08,-3.943435405185848e-09,-8.57319294059012e-09,-1.4521886198602512e-08,-3.943435405185848e-09,-8.57319294059012e-09,4,False,250.0
b712773f15e0f684,20270301_h250_r0_p90_y80_TPMC_N400000_S101,101,sample,1479,triangle_1479,sailWall,-0.10985000000037311,-0.24037664007000634,-0.12710729130207307,0.9999999999999999,-1.272205933574229e-15,-2.9346809114898678e-12,0.0011596402288394322,-8.080992028387935e-14,7484.538922892781,-1319.726150268671,-3.2747636082635376e-08,4.9511817549687575e-08,-2.2254545304582834e-08,1.1253217318221386e-08,1.7531598747368074e-09,-1.3172086318625444e-08,1.1253217318221386e-08,1.7531598747368074e-09,-1.3172086318625444e-08,14,False,250.0
b712773f15e0f684,20270301_h250_r0_p90_y80_TPMC_N400000_S101,101,sample,1480,triangle_1480,sailWall,-0.10984999999991862,0.417583675755358,0.027733419866586284,1.0,7.492195512804008e-16,-2.9346196995667097e-12,0.00115945622658448,-8.080992028387935e-14,7484.538922892781,-1319.726150268671,-1.611839976105409e-08,8.35232887220646e-08,-1.820523847958379e-08,-9.917173236548806e-09,-2.415928445940087e-09,-2.291260994612167e-09,-9.917173236548806e-09,-2.415928445940087e-09,-2.291260994612167e-09,5,False,250.0
b712773f15e0f684,20270301_h250_r0_p90_y80_TPMC_N400000_S101,101,sample,1481,triangle_1481,sailWall,-0.10985000000008138,-0.41758367575535776,-0.02773341986594254,1.0,-1.730644716950476e-15,-2.934607798359693e-12,0.00115945622658448,-8.080992028387935e-14,7484.538922892781,-1319.726150268671,-4.6169509322853e-08,1.6614163767342554e-07,-3.9902959417245465e-08,2.092592731236767e-08,-3.2189877121395244e-09,-3.755950379662568e-08,2.092592731236767e-08,-3.2189877121395244e-09,-3.755950379662568e-08,15,False,250.0
b712773f15e0f684,20270301_h250_r0_p90_y80_TPMC_N400000_S101,101,sample,1482,triangle_1482,sailWall,-0.10984999999877433,-0.02773312361860772,0.41758356127353635,1.0,-4.111631936176451e-16,-2.9359468408674176e-12,0.0011594447579707525,-8.080992028387935e-14,7484.538922892781,-1319.726150268671,-2.302454781684139e-08,1.6238598999065982e-07,-3.318347120462773e-08,-6.739959321239585e-08,-1.3285321031104396e-08,-1.8438446671411524e-08,-6.739959321239585e-08,-1.3285321031104396e-08,-1.8438446671411524e-08,9,False,250.0
b712773f15e0f684,20270301_h250_r0_p90_y80_TPMC_N400000_S101,101,sample,1483,triangle_1483,sailWall,-0.10985000000122569,0.027733419866263435,-0.417583675755036,1.0,1.186370947502159e-15,-2.935013186530101e-12,0.0011594562265844792,-8.080992028387935e-14,7484.538922892781,-1319.726150268671,-2.3803864247094826e-08,9.87168795872583e-08,-1.7065191063490743e-08,4.009119473173805e-08,7.956092790469536e-09,-1.0177362880975967e-08,4.009119473173805e-08,7.956092790469536e-09,-1.0177362880975967e-08,8,False,250.0
b712773f15e0f684,20270301_h250_r0_p90_y80_TPMC_N400000_S101,101,sample,1484,triangle_1484,sailWall,-0.10985000000044455,-0.025336938425290823,-0.15145198425447934,1.0,1.3809974451975623e-15,-2.9358404682806463e-12,0.0010762221629831252,-8.080992028387935e-14,7484.538922892781,-1319.726150268671,-3.749251214647421e-08,9.529626996327676e-08,-2.9351892107159533e-08,1.5437135685421094e-08,2.5438238664853696e-09,-1.1228852072041117e-08,1.5437135685421094e-08,2.5438238664853696e-09,-1.1228852072041117e-08,11,False,250.0
b712773f15e0f684,20270301_h250_r0_p90_y80_TPMC_N400000_S101,101,sample,1485,triangle_1485,sailWall,-0.10985000000007437,0.15145198425480183,-0.025336938424968408,1.0,-9.207861479622186e-17,-2.9358815776685552e-12,0.0010762221629831272,-8.080992028387935e-14,7484.538922892781,-1319.726150268671,0.0,0.0,0.0,0.0,0.0,0.0,0.0,0.0,0.0,0,True,250.0
b712773f15e0f684,20270301_h250_r0_p90_y80_TPMC_N400000_S101,101,sample,1486,triangle_1486,sailWall,-0.10984999999992563,-0.15145198425480183,0.025336938425613093,1.0,-9.207861479329049e-17,-2.9358815776685625e-12,0.0010762221629831202,-8.080992028387935e-14,7484.538922892781,-1319.726150268671,-1.1057615122506567e-07,1.2205148777883203e-07,-2.616726854983315e-08,7.759026008531877e-10,-5.6048638913035955e-09,-2.991486044197584e-08,7.759026008531877e-10,-5.6048638913035955e-09,-2.991486044197584e-08,42,False,250.0
b712773f15e0f684,20270301_h250_r0_p90_y80_TPMC_N400000_S101,101,sample,1487,triangle_1487,sailWall,-0.10984999999955547,0.025336938425290695,0.15145198425512432,1.0,1.0837038812668102e-15,-2.9334044141551328e-12,0.0010762221629831202,-8.080992028387935e-14,7484.538922892781,-1319.726150268671,-2.766315455274824e-08,1.7620491475667898e-07,-2.0427184681974857e-08,-2.6475673795596173e-08,-6.338478574767416e-09,-1.8862991684169765e-08,-2.6475673795596173e-08,-6.338478574767416e-09,-1.8862991684169765e-08,10,False,250.0
b712773f15e0f684,20270301_h250_r0_p90_y80_TPMC_N400000_S101,101,sample,1488,triangle_1488,sailWall,-0.1098499999998543,-0.2540025732187355,0.04963481874283263,1.0,8.163630947609767e-16,-2.935603489892472e-12,0.0011466460733592283,-8.080992028387935e-14,7484.538922892781,-1319.726150268671,-5.939653855877876e-08,1.0646666611846394e-07,-3.135806856353589e-08,3.0316020929491484e-09,-6.290379523741504e-09,-2.679761465931933e-08,3.0316020929491484e-09,-6.290379523741504e-09,-2.679761465931933e-08,25,False,250.0
b712773f15e0f684,20270301_h250_r0_p90_y80_TPMC_N400000_S101,101,sample,1489,triangle_1489,sailWall,-0.10984999999925447,0.04963479717803019,0.254002593315088,0.9999999999999999,-1.2931319552495147e-15,-2.9355243596889023e-12,0.001146645453820449,-8.080992028387935e-14,7484.538922892781,-1319.726150268671,-1.5646905692587544e-08,8.441616259265832e-08,-1.9586734348736947e-08,-2.2293278094232477e-08,-6.1330368885594465e-09,-8.350884866254698e-09,-2.2293278094232477e-08,-6.1330368885594465e-09,-8.350884866254698e-09,5,False,250.0
b712773f15e0f684,20270301_h250_r0_p90_y80_TPMC_N400000_S101,101,sample,1490,triangle_1490,sailWall,-0.1098500000001457,0.2540025732187355,-0.0496348187421883,1.0,5.017928065970769e-16,-2.9356054107695612e-12,0.0011466460733592257,-8.080992028387935e-14,7484.538922892781,-1319.726150268671,-2.321214613399409e-09,1.3161152661632495e-10,4.151480950776476e-10,1.0672426364261416e-10,1.7129520500323346e-10,5.424220889099288e-10,1.0672426364261416e-10,1.7129520500323346e-10,5.424220889099288e-10,1,False,250.0
b712773f15e0f684,20270301_h250_r0_p90_y80_TPMC_N400000_S101,101,sample,1491,triangle_1491,sailWall,-0.10985000000074557,-0.049634797178030717,-0.254002593314443,1.0,5.841490527658639e-16,-2.9369135711568558e-12,0.0011466454538204462,-8.080992028387935e-14,7484.538922892781,-1319.726150268671,-3.956458933605469e-08,1.9970034851572815e-07,-4.082006474640081e-08,5.451805239180803e-08,5.8643007295489134e-09,-2.3983574585997786e-08,5.451805239180803e-08,5.8643007295489134e-09,-2.3983574585997786e-08,13,False,250.0
b712773f15e0f684,20270301_h250_r0_p90_y80_TPMC_N400000_S101,101,sample,1492,triangle_1492,sailWall,-0.1098499999997788,-0.23938710376912198,0.07536421585977811,1.0,1.4828899270731966e-15,-2.9344403365723274e-12,0.0011181474962430084,-8.080992028387935e-14,7484.538922892781,-1319.726150268671,-5.315604518898379e-08,7.42617373537096e-08,-1.6589058953907666e-08,-2.1019544478423163e-09,-5.696797460702394e-09,-2.094326745268937e-08,-2.1019544478423163e-09,-5.696797460702394e-09,-2.094326745268937e-08,23,False,250.0
b712773f15e0f684,20270301_h250_r0_p90_y80_TPMC_N400000_S101,101,sample,1493,triangle_1493,sailWall,-0.10985000000022123,0.23938710376912184,-0.07536421585913373,1.0,6.70039208269156e-17,-2.9363641591222583e-12,0.0011181474962430092,-8.080992028387935e-14,7484.538922892781,-1319.726150268671,-6.814065007213876e-09,5.667326014444032e-08,-7.39957604940528e-09,3.3047028964659917e-09,-1.997078604279596e-10,-4.638337741898169e-09,3.3047028964659917e-09,-1.997078604279596e-10,-4.638337741898169e-09,3,False,250.0
b712773f15e0f684,20270301_h250_r0_p90_y80_TPMC_N400000_S101,101,sample,1494,triangle_1494,sailWall,-0.10984999999929736,0.07536419429497569,0.23938712386547445,1.0,4.929158537721438e-16,-2.9365478224697934e-12,0.001118149024258598,-8.080992028387935e-14,7484.538922892781,-1319.726150268671,-2.3827803330873337e-08,1.212000815265039e-07,-1.932611798052332e-08,-3.0792473819437035e-08,-7.819801759415913e-09,-1.1451459052687807e-08,-3.0792473819437035e-08,-7.819801759415913e-09,-1.1451459052687807e-08,7,False,250.0
b712773f15e0f684,20270301_h250_r0_p90_y80_TPMC_N400000_S101,101,sample,1495,triangle_1495,sailWall,-0.10985000000070266,-0.07536419429497607,-0.23938712386482952,1.0,-1.7043058543176361e-15,-2.9356022129662647e-12,0.0011181490242585957,-8.080992028387935e-14,7484.538922892781,-1319.726150268671,-4.064537554310152e-08,1.5754734447574892e-07,-2.8139317383811817e-08,3.899675032644989e-08,6.50330445272586e-09,-2.0514485800611757e-08,3.899675032644989e-08,6.50330445272586e-09,-2.0514485800611757e-08,14,False,250.0
b712773f15e0f684,20270301_h250_r0_p90_y80_TPMC_N400000_S101,101,sample,1496,triangle_1496,sailWall,-0.1098500000005735,-0.1007059813094845,-0.1953677873250009,0.9999999999999999,4.1958821623871244e-16,-2.9350892308397228e-12,0.0011260531641926498,-8.080992028387935e-14,7484.538922892781,-1319.726150268671,-4.545875828249365e-08,1.7990792521791126e-07,-2.9621578384683265e-08,3.758354635584916e-08,5.606196905407269e-09,-2.4500031184693335e-08,3.758354635584916e-08,5.606196905407269e-09,-2.4500031184693335e-08,17,False,250.0
b712773f15e0f684,20270301_h250_r0_p90_y80_TPMC_N400000_S101,101,sample,1497,triangle_1497,sailWall,-0.10984999999970442,-0.1953677676966432,0.10070600237278722,1.0,-8.266281750086529e-16,-2.93452470852549e-12,0.0011260553027457997,-8.080992028387935e-14,7484.538922892781,-1319.726150268671,-6.531956326624105e-08,2.199782663946184e-07,-3.1784954149217885e-08,-1.6259266854070827e-08,-1.0125294614623376e-08,-3.676642282895053e-08,-1.6259266854070827e-08,-1.0125294614623376e-08,-3.676642282895053e-08,27,False,250.0
b712773f15e0f684,20270301_h250_r0_p90_y80_TPMC_N400000_S101,101,sample,1498,triangle_1498,sailWall,-0.10984999999942661,0.10070598130948433,0.195367787325646,0.9999999999999999,4.195882162562037e-16,-2.935089230839731e-12,0.0011260531641926498,-8.080992028387935e-14,7484.538922892781,-1319.726150268671,-1.6221964090317846e-08,1.1693472810073792e-07,-2.5158785861744677e-08,-2.5312548301298227e-08,-5.950340114133393e-09,-1.12890790544876e-08,-2.5312548301298227e-08,-5.950340114133393e-09,-1.12890790544876e-08,5,False,250.0
b712773f15e0f684,20270301_h250_r0_p90_y80_TPMC_N400000_S101,101,sample,1499,triangle_1499,sailWall,-0.10985000000029561,0.19536776769664288,-0.10070600237214263,1.0,1.3811654067123498e-15,-2.934528882388062e-12,0.001126055302745801,-8.080992028387935e-14,7484.538922892781,-1319.726150268671,-7.435567874225465e-09,5.1475597032481614e-08,-4.5168004774175955e-09,4.170860582464156e-09,2.469910386786298e-10,-4.189269206629854e-09,4.170860582464156e-09,2.469910386786298e-10,-4.189269206629854e-09,3,False,250.0
b712773f15e0f684,20270301_h250_r0_p90_y80_TPMC_N400000_S101,101,sample,1500,triangle_1500,sailWall,-0.1098500000004881,-0.10063871710583938,-0.16627331558092226,1.0,4.1900707254491667e-16,-2.9353968176366575e-12,0.0011076887611528154,-8.080992028387935e-14,7484.538922892781,-1319.726150268671,-5.54646184837339e-08,1.6482304131361557e-07,-4.558219260164829e-08,3.257233417959626e-08,4.402311132211312e-09,-2.377457311052775e-08,3.257233417959626e-08,4.402311132211312e-09,-2.377457311052775e-08,23,False,250.0
b712773f15e0f684,20270301_h250_r0_p90_y80_TPMC_N400000_S101,101,sample,1501,triangle_1501,sailWall,-0.10984999999970463,-0.16627329595256465,0.10063873816914216,1.0,9.461295626107876e-16,-2.9345280599471164e-12,0.0011076893862143563,-8.080992028387935e-14,7484.538922892781,-1319.726150268671,-7.980665112355737e-08,5.590999147902057e-08,-1.5085952373606842e-08,-2.830276777282689e-09,-9.416649854483613e-09,-1.9330438540681978e-08,-2.830276777282689e-09,-9.416649854483613e-09,-1.9330438540681978e-08,29,False,250.0
b712773f15e0f684,20270301_h250_r0_p90_y80_TPMC_N400000_S101,101,sample,1502,triangle_1502,sailWall,-0.10985000000029539,0.16627329595256432,-0.10063873816849746,1.0,-9.776415654641902e-16,-2.934524423032714e-12,0.001107689386214348,-8.080992028387935e-14,7484.538922892781,-1319.726150268671,-1.7265341858517962e-08,7.007612272668229e-08,-7.68081523323793e-09,5.12377787281349e-09,7.510549786669344e-10,-4.7302944846995455e-09,5.12377787281349e-09,7.510549786669344e-10,-4.7302944846995455e-09,4,False,250.0
b712773f15e0f684,20270301_h250_r0_p90_y80_TPMC_N400000_S101,101,sample,1503,triangle_1503,sailWall,-0.109849999999512,0.10063871710583926,0.16627331558156735,1.0,4.1900707256244047e-16,-2.93539681763665e-12,0.0011076887611528212,-8.080992028387935e-14,7484.538922892781,-1319.726150268671,-2.8352162948874197e-08,1.641165429012362e-07,-2.6960542534889685e-08,-2.9472166829313042e-08,-7.558180137998272e-09,-1.5178258317908186e-08,-2.9472166829313042e-08,-7.558180137998272e-09,-1.5178258317908186e-08,8,False,250.0
b712773f15e0f684,20270301_h250_r0_p90_y80_TPMC_N400000_S101,101,sample,1504,triangle_1504,sailWall,-0.10984999999917226,-0.2069443484584148,0.2820065619001106,1.0,-3.9319703615445057e-17,-2.9346056540951726e-12,0.0011449459929167565,-8.080992028387935e-14,7484.538922892781,-1319.726150268671,-2.1779588515125e-08,1.1811075106783849e-07,-2.140062154850143e-08,-2.7739565205863555e-08,-8.262083575033158e-09,-1.738640267837021e-08,-2.7739565205863555e-08,-8.262083575033158e-09,-1.738640267837021e-08,7,False,250.0
b712773f15e0f684,20270301_h250_r0_p90_y80_TPMC_N400000_S101,101,sample,1505,triangle_1505,sailWall,-0.10985000000082773,0.20694434845841428,-0.28200656189946666,0.9999999999999999,-3.931970361346473e-17,-2.934605654095203e-12,0.0011449459929167409,-8.080992028387935e-14,7484.538922892781,-1319.726150268671,-2.6567796383498218e-08,1.4973185334282063e-07,-4.2539397028033494e-08,3.288216834363451e-08,2.7580317468735385e-09,-1.0909947859475889e-08,3.288216834363451e-08,2.7580317468735385e-09,-1.0909947859475889e-08,8,False,250.0
b712773f15e0f684,20270301_h250_r0_p90_y80_TPMC_N400000_S101,101,sample,1506,triangle_1506,sailWall,-0.10984999999939256,0.28200273651233165,0.206948682564666,1.0,-4.6447229630902775e-17,-2.9366013547636606e-12,0.0011447770000920143,-8.080992028387935e-14,7484.538922892781,-1319.726150268671,-1.9369077080906557e-08,8.914244231416969e-08,-1.3891135109981569e-08,-2.2634914486238505e-08,-5.572144483565516e-09,-4.189571652303334e-09,-2.2634914486238505e-08,-5.572144483565516e-09,-4.189571652303334e-09,5,False,250.0
b712773f15e0f684,20270301_h250_r0_p90_y80_TPMC_N400000_S101,101,sample,1507,triangle_1507,sailWall,-0.10985000000060748,-0.2820027365123308,-0.20694868256402113,1.0,9.230632869313215e-16,-2.934709232009255e-12,0.00114477700009201,-8.080992028387935e-14,7484.538922892781,-1319.726150268671,-3.612978391024687e-08,8.945945106183243e-08,-2.8891582988216072e-08,2.676670988793921e-08,4.312743952497465e-09,-2.006774828514209e-08,2.676670988793921e-08,4.312743952497465e-09,-2.006774828514209e-08,12,False,250.0
b712773f15e0f684,20270301_h250_r0_p90_y80_TPMC_N400000_S101,101,sample,1508,triangle_1508,sailWall,-0.1098499999996317,-0.15144253784250827,0.12548221818851846,1.0,-5.852403433652218e-16,-2.9370827582866936e-12,0.0010799672739501603,-8.080992028387935e-14,7484.538922892781,-1319.726150268671,-7.338870295765687e-08,1.334549661528808e-07,-4.8371647539851065e-09,-1.667713468220732e-08,-9.580801235234888e-09,-2.5834522225560337e-08,-1.667713468220732e-08,-9.580801235234888e-09,-2.5834522225560337e-08,25,False,250.0
b712773f15e0f684,20270301_h250_r0_p90_y80_TPMC_N400000_S101,101,sample,1509,triangle_1509,sailWall,-0.10984999999955554,0.12548219712521555,0.1514425574715109,1.0,-1.7844599412417083e-16,-2.935038686050054e-12,0.0010799686877031101,-8.080992028387935e-14,7484.538922892781,-1319.726150268671,-2.2284387289982984e-08,9.279298830560418e-08,-1.7076395510301455e-08,-1.6486302486220526e-08,-5.355599507199161e-09,-7.356858066332194e-09,-1.6486302486220526e-08,-5.355599507199161e-09,-7.356858066332194e-09,5,False,250.0
b712773f15e0f684,20270301_h250_r0_p90_y80_TPMC_N400000_S101,101,sample,1510,triangle_1510,sailWall,-0.10985000000036833,0.1514425378425078,-0.12548221818787372,1.0,-1.4852787615798328e-15,-2.9353712856339466e-12,0.0010799672739501534,-8.080992028387935e-14,7484.538922892781,-1319.726150268671,-1.0865959325618879e-08,6.689619303321518e-08,-1.1018111242927311e-08,6.734543119955979e-09,1.5447232020559148e-10,-5.807156365301342e-09,6.734543119955979e-09,1.5447232020559148e-10,-5.807156365301342e-09,3,False,250.0
b712773f15e0f684,20270301_h250_r0_p90_y80_TPMC_N400000_S101,101,sample,1511,triangle_1511,sailWall,-0.10985000000044458,-0.12548219712521566,-0.15144255747086574,1.0,-1.7844599413147613e-16,-2.9350386860500687e-12,0.0010799686877031051,-8.080992028387935e-14,7484.538922892781,-1319.726150268671,-8.377084871315364e-08,1.7195191667983192e-07,-5.500428271337916e-08,3.275080082665059e-08,6.629911499913253e-09,-2.9267204146557626e-08,3.275080082665059e-08,6.629911499913253e-09,-2.9267204146557626e-08,31,False,250.0
b712773f15e0f684,20270301_h250_r0_p90_y80_TPMC_N400000_S101,101,sample,1512,triangle_1512,sailWall,-0.10985000000053192,0.21028778245658597,-0.1812161508533459,1.0,-4.539753383076401e-16,-2.934302303580891e-12,0.0012989638959893233,-8.080992028387935e-14,7484.538922892781,-1319.726150268671,-2.15899777167335e-08,9.474049577885508e-08,-1.9303020577865108e-08,1.2737655432668228e-08,1.8066916144632178e-09,-5.8919499892524734e-09,1.2737655432668228e-08,1.8066916144632178e-09,-5.8919499892524734e-09,7,False,250.0
b712773f15e0f684,20270301_h250_r0_p90_y80_TPMC_N400000_S101,101,sample,1513,triangle_1513,sailWall,-0.10984999999946805,-0.21028778245658672,0.18121615085399037,1.0,-2.912609128671852e-16,-2.934552294329293e-12,0.0012989638959893263,-8.080992028387935e-14,7484.538922892781,-1319.726150268671,-5.424909427301201e-08,1.9023171385162932e-07,-2.827413795309568e-08,-2.8197768869437896e-08,-1.287998890061463e-08,-3.250313079413406e-08,-2.8197768869437896e-08,-1.287998890061463e-08,-3.250313079413406e-08,22,False,250.0
b712773f15e0f684,20270301_h250_r0_p90_y80_TPMC_N400000_S101,101,sample,1514,triangle_1514,sailWall,-0.10984999999938276,0.18121587961406246,0.21028803522624118,1.0,5.341541620598744e-16,-2.933645157693048e-12,0.0012989715131538101,-8.080992028387935e-14,7484.538922892781,-1319.726150268671,-2.7989045174741025e-08,1.6188131574809891e-07,-3.539169732347114e-08,-4.172349233498709e-08,-9.974636030011186e-09,-1.2643271825663447e-08,-4.172349233498709e-08,-9.974636030011186e-09,-1.2643271825663447e-08,9,False,250.0
b712773f15e0f684,20270301_h250_r0_p90_y80_TPMC_N400000_S101,101,sample,1515,triangle_1515,sailWall,-0.10985000000061725,-0.18121587961406246,-0.2102880352255958,1.0,-1.2305900591821336e-15,-2.934497258931997e-12,0.0012989715131537945,-8.080992028387935e-14,7484.538922892781,-1319.726150268671,-4.86096212862475e-08,1.8530111713010633e-07,-4.175395895794744e-08,4.634978719910091e-08,5.533245153661909e-09,-2.934421613862775e-08,4.634978719910091e-08,5.533245153661909e-09,-2.934421613862775e-08,18,False,250.0
b712773f15e0f684,20270301_h250_r0_p90_y80_TPMC_N400000_S101,101,sample,1516,triangle_1516,sailWall,-0.10985000000013356,-0.6392023268869939,-0.04549499492908055,1.0,1.0218136614340654e-15,-2.936462957131422e-12,0.001130004325219285,-8.080992028387935e-14,7484.538922892781,-1319.726150268671,-4.4686448710031765e-08,2.7435800505789596e-07,-5.003991526099786e-08,4.5543247055193873e-08,-3.3061983186134252e-09,-5.862764991666574e-08,4.5543247055193873e-08,-3.3061983186134252e-09,-5.862764991666574e-08,15,False,250.0
b712773f15e0f684,20270301_h250_r0_p90_y80_TPMC_N400000_S101,101,sample,1517,triangle_1517,sailWall,-0.10985000000187618,0.04549499492940331,-0.6392023268866711,1.0,-5.841422006686184e-16,-2.9342825494737364e-12,0.001130004325219302,-8.080992028387935e-14,7484.538922892781,-1319.726150268671,-2.7718899343745752e-08,1.5720746820529113e-07,-1.7976514573980197e-08,1.0041752718551748e-07,1.5900970370910217e-08,-1.6002429091709135e-08,1.0041752718551748e-07,1.5900970370910217e-08,-1.6002429091709135e-08,10,False,250.0
b712773f15e0f684,20270301_h250_r0_p90_y80_TPMC_N400000_S101,101,sample,1518,triangle_1518,sailWall,-0.10984999999986646,0.6392023268869939,0.04549499492972562,1.0,5.087521219168346e-16,-2.934357939552587e-12,0.001130004325219285,-8.080992028387935e-14,7484.538922892781,-1319.726150268671,-1.2048046206288528e-09,3.973235046076818e-09,-4.216302289148155e-11,-2.029997122522913e-10,-5.819420110095368e-11,3.1676457472016657e-10,-2.029997122522913e-10,-5.819420110095368e-11,3.1676457472016657e-10,1,False,250.0
b712773f15e0f684,20270301_h250_r0_p90_y80_TPMC_N400000_S101,101,sample,1519,triangle_1519,sailWall,-0.10985000000074856,0.10225015575691092,-0.2550178883857824,1.0,4.971453418663674e-16,-2.9356995643372354e-12,0.001178626323365115,-8.080992028387935e-14,7484.538922892781,-1319.726150268671,-4.9278288836386324e-08,2.1418669979504204e-07,-4.123744785273797e-08,5.0593041641847426e-08,8.030958446593232e-09,-1.8288926174872714e-08,5.0593041641847426e-08,8.030958446593232e-09,-1.8288926174872714e-08,15,False,250.0
b712773f15e0f684,20270301_h250_r0_p90_y80_TPMC_N400000_S101,101,sample,1520,triangle_1520,sailWall,-0.10984999999925145,-0.10225015575691136,0.2550178883864271,1.0,4.971453418854413e-16,-2.9356995643372298e-12,0.0011786263233651182,-8.080992028387935e-14,7484.538922892781,-1319.726150268671,-3.198102371963629e-08,1.7562578092201427e-07,-3.083920427710788e-08,-4.247603615800713e-08,-1.1644234294271429e-08,-2.2500183290239507e-08,-4.247603615800713e-08,-1.1644234294271429e-08,-2.2500183290239507e-08,9,False,250.0
b712773f15e0f684,20270301_h250_r0_p90_y80_TPMC_N400000_S101,101,sample,1521,triangle_1521,sailWall,-0.1098499999996999,0.2550178883861045,0.10225015575723319,1.0,9.789588199094183e-16,-2.934769574868466e-12,0.0011786263233651154,-8.080992028387935e-14,7484.538922892781,-1319.726150268671,-3.0645337603526876e-08,1.9835128901730723e-07,-3.28308235968193e-08,-2.963926454468273e-08,-6.837226678539239e-09,-1.4175562725397128e-08,-2.963926454468273e-08,-6.837226678539239e-09,-1.4175562725397128e-08,9,False,250.0
b712773f15e0f684,20270301_h250_r0_p90_y80_TPMC_N400000_S101,101,sample,1522,triangle_1522,sailWall,-0.10985000000030014,-0.255017888386104,-0.10225015575658868,1.0,1.3988011163243584e-16,-2.936694287222985e-12,0.0011786263233651124,-8.080992028387935e-14,7484.538922892781,-1319.726150268671,-4.660539576862181e-08,1.5295136277801093e-07,-3.922065917740675e-08,2.5847995822671243e-08,4.940844242038456e-10,-2.875645299617629e-08,2.5847995822671243e-08,4.940844242038456e-10,-2.875645299617629e-08,20,False,250.0
b712773f15e0f684,20270301_h250_r0_p90_y80_TPMC_N400000_S101,101,sample,1523,triangle_1523,sailWall,-0.10984999999812456,0.04544155787210533,0.6389479853297882,1.0,-4.651057557041141e-16,-2.935331797430179e-12,0.001147134634964855,-8.080992028387935e-14,7484.538922892781,-1319.726150268671,-1.94681592417074e-08,1.2413605381976285e-07,-1.898702345954168e-08,-8.043069500171558e-08,-1.4541061072764184e-08,-1.2613314666989355e-08,-8.043069500171558e-08,-1.4541061072764184e-08,-1.2613314666989355e-08,7,False,250.0
b712773f15e0f684,20270301_h250_r0_p90_y80_TPMC_N400000_S101,101,sample,1524,triangle_1524,sailWall,-0.10985000000037763,0.4222246503957387,-0.12865325930844315,1.0,3.979398432451322e-16,-2.9353690748407133e-12,0.0012816207859237302,-8.080992028387935e-14,7484.538922892781,-1319.726150268671,-7.681965419558525e-09,4.81164329469129e-08,-2.1628106692022436e-09,5.433566275743591e-09,7.600181718277481e-10,-2.1438629778346055e-09,5.433566275743591e-09,7.600181718277481e-10,-2.1438629778346055e-09,2,False,250.0
b712773f15e0f684,20270301_h250_r0_p90_y80_TPMC_N400000_S101,101,sample,1525,triangle_1525,sailWall,-0.1098499999987607,0.12865770695239853,0.42222412553291333,1.0,-6.372072615673171e-16,-2.9346416746308855e-12,0.0012816634217775605,-8.080992028387935e-14,7484.538922892781,-1319.726150268671,-1.493343264302441e-08,9.097808193431474e-08,-1.851149014600522e-08,-4.122349413544502e-08,-8.39106182146351e-09,-8.08285779603584e-09,-4.122349413544502e-08,-8.39106182146351e-09,-8.08285779603584e-09,5,False,250.0
b712773f15e0f684,20270301_h250_r0_p90_y80_TPMC_N400000_S101,101,sample,1526,triangle_1526,sailWall,-0.10985000000123929,-0.12865778749648857,-0.4222241004484637,0.9999999999999999,-4.193866289360702e-16,-2.9344551794363797e-12,0.0012816603611489224,-8.080992028387935e-14,7484.538922892781,-1319.726150268671,-7.427820931748637e-09,1.055428068455413e-07,-1.6104875865105686e-08,4.705054114636797e-08,1.3853143165386421e-09,-1.2565692344541943e-08,4.705054114636797e-08,1.3853143165386421e-09,-1.2565692344541943e-08,5,False,250.0
b712773f15e0f684,20270301_h250_r0_p90_y80_TPMC_N400000_S101,101,sample,1527,triangle_1527,sailWall,-0.10984999999962236,-0.4222241004487866,0.12865778749680973,1.0,-3.9133531506355346e-16,-2.935398965684186e-12,0.0012816603611489406,-8.080992028387935e-14,7484.538922892781,-1319.726150268671,-2.33451430532093e-08,7.617884057868965e-08,-1.7969694041839172e-08,-1.7654433638481965e-09,-4.9595062962511985e-09,-1.8117359925653266e-08,-1.7654433638481965e-09,-4.9595062962511985e-09,-1.8117359925653266e-08,8,False,250.0
b712773f15e0f684,20270301_h250_r0_p90_y80_TPMC_N400000_S101,101,sample,1528,triangle_1528,sailWall,-0.10985000000032867,-0.5128572763740403,-0.11195674975447505,1.0,-2.2331482862449035e-16,-2.934985062913357e-12,0.0010512077085011566,-8.080992028387935e-14,7484.538922892781,-1319.726150268671,-3.388227992514611e-08,1.4416884980389182e-07,-3.2695095014791786e-08,3.315365992999595e-08,3.2540326691911853e-10,-3.301767375755566e-08,3.315365992999595e-08,3.2540326691911853e-10,-3.301767375755566e-08,12,False,250.0
b712773f15e0f684,20270301_h250_r0_p90_y80_TPMC_N400000_S101,101,sample,1529,triangle_1529,sailWall,-0.10984999999967143,0.5128572763740404,0.11195674975511966,0.9999999999999999,-1.6890667742771258e-16,-2.9353120876387845e-12,0.0010512077085011603,-8.080992028387935e-14,7484.538922892781,-1319.726150268671,-1.048630174996467e-08,5.25187395160299e-08,-6.9850002443975804e-09,-9.50796953923037e-09,-1.951508116648553e-09,-3.3480497516060255e-10,-9.50796953923037e-09,-1.951508116648553e-09,-3.3480497516060255e-10,3,False,250.0
b712773f15e0f684,20270301_h250_r0_p90_y80_TPMC_N400000_S101,101,sample,1530,triangle_1530,sailWall,-0.10985000000150535,0.11195674909862362,-0.5128572770821056,1.0,-1.0666869911850358e-16,-2.9348164997676525e-12,0.0010512077068074595,-8.080992028387935e-14,7484.538922892781,-1319.726150268671,-3.163317221091088e-08,1.9894467237559208e-07,-3.807354854478365e-08,9.814371962633094e-08,1.2077388094196224e-08,-1.8217122636209775e-08,9.814371962633094e-08,1.2077388094196224e-08,-1.8217122636209775e-08,10,False,250.0
b712773f15e0f684,20270301_h250_r0_p90_y80_TPMC_N400000_S101,101,sample,1531,triangle_1531,sailWall,-0.10984999999849467,-0.11193990832101523,0.5128586915048651,1.0,1.733715328801161e-15,-2.9359817144327204e-12,0.0010516072839907888,-8.080992028387935e-14,7484.538922892781,-1319.726150268671,-4.3148967389294295e-08,2.603560676899046e-07,-4.4834747945545684e-08,-1.293671861994773e-07,-2.7251626412224675e-08,-3.329180014688406e-08,-1.293671861994773e-07,-2.7251626412224675e-08,-3.329180014688406e-08,13,False,250.0
b712773f15e0f684,20270301_h250_r0_p90_y80_TPMC_N400000_S101,101,sample,1532,triangle_1532,sailWall,-0.10985000000107724,0.20730526883759723,-0.3670083796031995,1.0,5.015480764582477e-17,-2.9349166292327824e-12,0.0008859165874394081,-8.080992028387935e-14,7484.538922892781,-1319.726150268671,-2.3715731935757953e-08,1.3870589728994922e-07,-2.0779641137343593e-08,4.6630688128334606e-08,6.455035542418308e-09,-1.0190917008124522e-08,4.6630688128334606e-08,6.455035542418308e-09,-1.0190917008124522e-08,10,False,250.0
b712773f15e0f684,20270301_h250_r0_p90_y80_TPMC_N400000_S101,101,sample,1533,triangle_1533,sailWall,-0.10984999999892275,-0.20730487146350732,0.36700863480756646,1.0,1.2322213231678748e-17,-2.934450389918278e-12,0.0008859337216509908,-8.080992028387935e-14,7484.538922892781,-1319.726150268671,-1.4061611886592887e-08,7.015209065583646e-08,-1.9585043952283624e-08,-2.1760205165021275e-08,-7.282621760005961e-09,-1.0528341842697313e-08,-2.1760205165021275e-08,-7.282621760005961e-09,-1.0528341842697313e-08,4,False,250.0
b712773f15e0f684,20270301_h250_r0_p90_y80_TPMC_N400000_S101,101,sample,1534,triangle_1534,sailWall,-0.10984999999939153,0.3670017023104078,0.20731198872703857,0.9999999999999999,-1.4967191807312387e-16,-2.9345880885581874e-12,0.0008862852127066285,-8.080992028387935e-14,7484.538922892781,-1319.726150268671,-2.1569334766828615e-08,1.0608141004449209e-07,-2.103620087967931e-08,-2.9345977794194244e-08,-6.758503382132395e-09,-3.773348696978632e-09,-2.9345977794194244e-08,-6.758503382132395e-09,-3.773348696978632e-09,6,False,250.0
b712773f15e0f684,20270301_h250_r0_p90_y80_TPMC_N400000_S101,101,sample,1535,triangle_1535,sailWall,-0.1098500000006085,-0.36700170231040713,-0.2073119887263942,1.0,1.0517063855393546e-15,-2.9366565991643753e-12,0.0008862852127066118,-8.080992028387935e-14,7484.538922892781,-1319.726150268671,-2.5908040644999826e-08,1.3574962532567157e-07,-2.5804171038875387e-08,3.817950265763309e-08,2.7157520780251075e-09,-2.4341296826944252e-08,3.817950265763309e-08,2.7157520780251075e-09,-2.4341296826944252e-08,9,False,250.0
b712773f15e0f684,20270301_h250_r0_p90_y80_TPMC_N400000_S101,101,sample,1536,triangle_1536,sailWall,-0.10984999999970574,-0.43399752578133305,0.10025606300905632,1.0,-2.0255945780540023e-16,-2.9349894497322523e-12,0.0011338057559454595,-8.080992028387935e-14,7484.538922892781,-1319.726150268671,-1.364997714470513e-08,6.29658025303409e-08,-1.6483285804926064e-08,4.898451449363405e-10,-3.156492119596191e-09,-1.275298214745751e-08,4.898451449363405e-10,-3.156492119596191e-09,-1.275298214745751e-08,5,False,250.0
b712773f15e0f684,20270301_h250_r0_p90_y80_TPMC_N400000_S101,101,sample,1537,triangle_1537,sailWall,-0.10985000000029427,0.4339962060335932,-0.100250574322304,0.9999999999999999,5.084403618053973e-16,-2.935129279082455e-12,0.0011337019008701382,-8.080992028387935e-14,7484.538922892781,-1319.726150268671,-6.584812035701147e-09,5.244862852850942e-08,-5.891244415142774e-09,3.231792230179209e-09,8.88804583656115e-11,-2.819451537806761e-09,3.231792230179209e-09,8.88804583656115e-11,-2.819451537806761e-09,3,False,250.0
b712773f15e0f684,20270301_h250_r0_p90_y80_TPMC_N400000_S101,101,sample,1538,triangle_1538,sailWall,-0.10984999999872613,0.10025598246464512,0.4339975508654598,1.0,1.3941916729272618e-15,-2.9355780831992667e-12,0.001133801633962504,-8.080992028387935e-14,7484.538922892781,-1319.726150268671,-3.561384791951939e-08,2.513333136000873e-07,-3.641904732570826e-08,-1.1278596327982918e-07,-1.9350044028699897e-08,-2.397512362729697e-08,-1.1278596327982918e-07,-1.9350044028699897e-08,-2.397512362729697e-08,13,False,250.0
b712773f15e0f684,20270301_h250_r0_p90_y80_TPMC_N400000_S101,101,sample,1539,triangle_1539,sailWall,-0.10985000000127387,-0.10025606300873535,-0.4339975257810102,1.0,1.3606782504935609e-15,-2.9352757415463615e-12,0.0011338057559454407,-8.080992028387935e-14,7484.538922892781,-1319.726150268671,-2.7228235594632785e-08,1.4884746424114641e-07,-2.8878293985936987e-08,6.796298087191628e-08,8.746931116151011e-09,-1.8850639651714242e-08,6.796298087191628e-08,8.746931116151011e-09,-1.8850639651714242e-08,9,False,250.0
b712773f15e0f684,20270301_h250_r0_p90_y80_TPMC_N400000_S101,101,sample,1540,triangle_1540,sailWall,-0.1098499999984953,0.11065534328513542,0.5126489418908408,1.0,-7.966085504271536e-16,-2.9352358583831225e-12,0.001090299911199207,-8.080992028387935e-14,7484.538922892781,-1319.726150268671,-1.897423097933237e-08,1.3828095863785416e-07,-1.4903595783307528e-08,-7.316057145294268e-08,-1.1439419023858799e-08,-1.316446073381326e-08,-7.316057145294268e-08,-1.1439419023858799e-08,-1.316446073381326e-08,7,False,250.0
b712773f15e0f684,20270301_h250_r0_p90_y80_TPMC_N400000_S101,101,sample,1541,triangle_1541,sailWall,-0.1098499999996752,-0.5126471217442558,0.11066089178638616,1.0,5.405824746137749e-17,-2.9366208894771912e-12,0.0010901710635035026,-8.080992028387935e-14,7484.538922892781,-1319.726150268671,-4.658640819459366e-08,2.2487923623749623e-07,-2.8121772642012522e-08,-9.293974551954192e-09,-8.022699638537528e-09,-4.862671550341039e-08,-9.293974551954192e-09,-8.022699638537528e-09,-4.862671550341039e-08,16,False,250.0
b712773f15e0f684,20270301_h250_r0_p90_y80_TPMC_N400000_S101,101,sample,1542,triangle_1542,sailWall,-0.10985000000150473,-0.11066089178606464,-0.5126471217439327,1.0,7.573361772170145e-16,-2.934032419125228e-12,0.0010901710635034933,-8.080992028387935e-14,7484.538922892781,-1319.726150268671,-1.212827345512314e-08,5.752717348864595e-08,-4.632651416619109e-09,3.073089466569894e-08,5.922163239633708e-09,-7.66211774586339e-09,3.073089466569894e-08,5.922163239633708e-09,-7.66211774586339e-09,3,False,250.0
b712773f15e0f684,20270301_h250_r0_p90_y80_TPMC_N400000_S101,101,sample,1543,triangle_1543,sailWall,-0.10985000000032484,0.5126629048914747,-0.11066448443900162,1.0,-1.2961536415119461e-15,-2.936461747453928e-12,0.0010886872597510133,-8.080992028387935e-14,7484.538922892781,-1319.726150268671,-4.9727136217412345e-09,3.372209238710558e-08,-9.273342982033766e-09,-9.336135809023296e-10,-4.716947180621059e-10,-1.1480013462881273e-09,-9.336135809023296e-10,-4.716947180621059e-10,-1.1480013462881273e-09,2,False,250.0
b712773f15e0f684,20270301_h250_r0_p90_y80_TPMC_N400000_S101,101,sample,1544,triangle_1544,sailWall,-0.10984999999860423,-0.14578920472313708,0.4755236020565152,1.0,2.4169704040749158e-17,-2.935870936179824e-12,0.001105530348142939,-8.080992028387935e-14,7484.538922892781,-1319.726150268671,-1.3436662144711595e-08,9.179277581047083e-08,-1.4259783161672426e-08,-4.231102821705471e-08,-8.084302454853735e-09,-1.2044505147603699e-08,-4.231102821705471e-08,-8.084302454853735e-09,-1.2044505147603699e-08,4,False,250.0
b712773f15e0f684,20270301_h250_r0_p90_y80_TPMC_N400000_S101,101,sample,1545,triangle_1545,sailWall,-0.10985000000139576,0.14580310844280872,-0.4755199929639686,1.0,8.341186882966489e-16,-2.9357495869713747e-12,0.0011057188729471598,-8.080992028387935e-14,7484.538922892781,-1319.726150268671,-1.6205482922738423e-08,1.024085132664342e-07,-1.9183971984934906e-08,4.5449009641638156e-08,5.569190650632622e-09,-8.795959014007452e-09,4.5449009641638156e-08,5.569190650632622e-09,-8.795959014007452e-09,6,False,250.0
b712773f15e0f684,20270301_h250_r0_p90_y80_TPMC_N400000_S101,101,sample,1546,triangle_1546,sailWall,-0.10984999999957207,0.4755199870138349,0.14580311395498952,1.0,5.026191735845467e-16,-2.9362932057610323e-12,0.0011057188802800324,-8.080992028387935e-14,7484.538922892781,-1319.726150268671,-2.7262919555393863e-08,1.7800756902450452e-07,-3.73705561071624e-08,-4.470055904050849e-08,-8.234440423560535e-09,-6.612681496005448e-09,-4.470055904050849e-08,-8.234440423560535e-09,-6.612681496005448e-09,9,False,250.0
b712773f15e0f684,20270301_h250_r0_p90_y80_TPMC_N400000_S101,101,sample,1547,triangle_1547,sailWall,-0.109850000000428,-0.47551998701383474,-0.14580311395434473,1.0,-7.971562157032438e-17,-2.9340594055791274e-12,0.0011057188802800243,-8.080992028387935e-14,7484.538922892781,-1319.726150268671,-2.3687075740369062e-08,8.556708870787498e-08,-2.6314244292749332e-08,2.4327580010213096e-08,3.505853559275896e-10,-2.050268980631771e-08,2.4327580010213096e-08,3.505853559275896e-10,-2.050268980631771e-08,11,False,250.0
b712773f15e0f684,20270301_h250_r0_p90_y80_TPMC_N400000_S101,101,sample,1548,triangle_1548,sailWall,-0.10985000000076896,-0.33945932528127315,-0.26197548473301774,1.0,-2.066239954770391e-15,-2.934960607634904e-12,0.0012815126864912487,-8.080992028387935e-14,7484.538922892781,-1319.726150268671,-3.369444868282712e-08,1.887768391248914e-07,-3.282659334495659e-08,6.09266193420794e-08,5.266706024349584e-09,-3.210931622805748e-08,6.09266193420794e-08,5.266706024349584e-09,-3.210931622805748e-08,12,False,250.0
b712773f15e0f684,20270301_h250_r0_p90_y80_TPMC_N400000_S101,101,sample,1549,triangle_1549,sailWall,-0.10984999999923106,0.3394593252812732,0.2619754847336626,1.0,-1.210584441318093e-15,-2.9369406286714627e-12,0.0012815126864912543,-8.080992028387935e-14,7484.538922892781,-1319.726150268671,-1.8594266721084253e-08,1.0560130277450589e-07,-1.4211110919901707e-08,-3.3339372473837435e-08,-6.515474770678555e-09,-5.296549227543531e-09,-3.3339372473837435e-08,-6.515474770678555e-09,-5.296549227543531e-09,5,False,250.0
b712773f15e0f684,20270301_h250_r0_p90_y80_TPMC_N400000_S101,101,sample,1550,triangle_1550,sailWall,-0.10984999999900352,-0.261942306517739,0.33949176312923535,0.9999999999999999,1.0706150351657381e-16,-2.9362658791272225e-12,0.0012805463423745998,-8.080992028387935e-14,7484.538922892781,-1319.726150268671,-1.3950165156224085e-08,6.456444561967003e-08,-5.153871563533013e-09,-2.0312618055901933e-08,-5.144471261978234e-09,-1.084111532074642e-08,-2.0312618055901933e-08,-5.144471261978234e-09,-1.084111532074642e-08,5,False,250.0
b712773f15e0f684,20270301_h250_r0_p90_y80_TPMC_N400000_S101,101,sample,1551,triangle_1551,sailWall,-0.10985000000099647,0.2619423065177389,-0.33949176312859053,1.0,3.5971719357408285e-16,-2.9364602487980855e-12,0.001280546342374601,-8.080992028387935e-14,7484.538922892781,-1319.726150268671,-1.6411254239034288e-08,8.793086073738333e-08,-2.4058619915587173e-08,2.4337630777303e-08,3.1208136844072327e-09,-5.237322090653616e-09,2.4337630777303e-08,3.1208136844072327e-09,-5.237322090653616e-09,5,False,250.0
b712773f15e0f684,20270301_h250_r0_p90_y80_TPMC_N400000_S101,101,sample,1552,triangle_1552,sailWall,-0.1098499999987221,-0.10275725192063324,0.43537318763164295,1.0,-7.569840345817499e-16,-2.9363664503115497e-12,0.00110785623481735,-8.080992028387935e-14,7484.538922892781,-1319.726150268671,-7.319373513316492e-09,6.802450888921191e-08,-1.5440486569292092e-08,-2.8442910429470007e-08,-4.947331866953543e-09,-8.236165711021186e-09,-2.8442910429470007e-08,-4.947331866953543e-09,-8.236165711021186e-09,3,False,250.0
b712773f15e0f684,20270301_h250_r0_p90_y80_TPMC_N400000_S101,101,sample,1553,triangle_1553,sailWall,-0.10985000000030166,-0.4353746359570187,-0.10276377365850646,1.0,-4.495620453035112e-16,-2.935793157734465e-12,0.001108015861355897,-8.080992028387935e-14,7484.538922892781,-1319.726150268671,-2.8691950553420408e-08,1.1553895303691746e-07,-2.1797459665095853e-08,2.225693862640037e-08,6.631144478398565e-10,-2.522962665954499e-08,2.225693862640037e-08,6.631144478398565e-10,-2.522962665954499e-08,10,False,250.0
b712773f15e0f684,20270301_h250_r0_p90_y80_TPMC_N400000_S101,101,sample,1554,triangle_1554,sailWall,-0.10984999999969836,0.43537463595701914,0.10276377365915075,1.0,8.785021248229113e-16,-2.934219238450228e-12,0.001108015861355904,-8.080992028387935e-14,7484.538922892781,-1319.726150268671,-1.6978299628990147e-08,1.0324297643826936e-07,-1.682982030012673e-08,-1.7830091090676532e-08,-3.544263506073327e-09,-3.837474632336662e-09,-1.7830091090676532e-08,-3.544263506073327e-09,-3.837474632336662e-09,5,False,250.0
b712773f15e0f684,20270301_h250_r0_p90_y80_TPMC_N400000_S101,101,sample,1555,triangle_1555,sailWall,-0.10985000000127794,0.10276376342251936,-0.43537464700754475,1.0,-6.284621766378153e-16,-2.933985728636527e-12,0.0011080153426132927,-8.080992028387935e-14,7484.538922892781,-1319.726150268671,-2.3414861103563344e-08,1.2132773883021616e-07,-2.2738040547976594e-08,5.101597298115474e-08,7.769158590974448e-09,-1.0903906526196274e-08,5.101597298115474e-08,7.769158590974448e-09,-1.0903906526196274e-08,9,False,250.0
b712773f15e0f684,20270301_h250_r0_p90_y80_TPMC_N400000_S101,101,sample,1556,triangle_1556,sailWall,-0.10984999999875956,-0.1310265975848686,0.42261124935283517,1.0,8.49380224412661e-16,-2.9356895009288734e-12,0.0013538608203877683,-8.080992028387935e-14,7484.538922892781,-1319.726150268671,-1.923000309914675e-08,1.2019558190937337e-07,-1.9865757063868408e-08,-4.78263180150144e-08,-1.0287499425878329e-08,-1.576781787091888e-08,-4.78263180150144e-08,-1.0287499425878329e-08,-1.576781787091888e-08,7,False,250.0
b712773f15e0f684,20270301_h250_r0_p90_y80_TPMC_N400000_S101,101,sample,1557,triangle_1557,sailWall,-0.10984999999961541,0.42261099200367375,0.1310321872055801,1.0,1.085963434131602e-15,-2.9347112931425876e-12,0.0013539195638942842,-8.080992028387935e-14,7484.538922892781,-1319.726150268671,-3.813764713825613e-08,2.2672374935330615e-07,-3.484485201641332e-08,-4.504518006362844e-08,-8.840225710841093e-09,-8.579609666999268e-09,-4.504518006362844e-08,-8.840225710841093e-09,-8.579609666999268e-09,11,False,250.0
b712773f15e0f684,20270301_h250_r0_p90_y80_TPMC_N400000_S101,101,sample,1558,triangle_1558,sailWall,-0.10985000000038463,-0.4226109920036733,-0.13103218720493562,1.0,-8.695927718873817e-16,-2.9347969329895277e-12,0.0013539195638942836,-8.080992028387935e-14,7484.538922892781,-1319.726150268671,-2.659425790706648e-08,8.555720005029395e-08,-2.3085975405455853e-08,2.1112523579192188e-08,1.1409170665926046e-09,-2.0551204317493408e-08,2.1112523579192188e-08,1.1409170665926046e-09,-2.0551204317493408e-08,11,False,250.0
b712773f15e0f684,20270301_h250_r0_p90_y80_TPMC_N400000_S101,101,sample,1559,triangle_1559,sailWall,-0.10985000000124047,0.1310321486222474,-0.4226110336565478,1.0,-8.447261708162157e-16,-2.934076910378285e-12,0.0013539171276067893,-8.080992028387935e-14,7484.538922892781,-1319.726150268671,-2.310528314223531e-08,1.5445061528057476e-07,-3.3912987925957273e-08,5.973560654361105e-08,5.9030519669708345e-09,-1.3782736843809436e-08,5.973560654361105e-08,5.9030519669708345e-09,-1.3782736843809436e-08,8,False,250.0
b712773f15e0f684,20270301_h250_r0_p90_y80_TPMC_N400000_S101,101,sample,1560,triangle_1560,sailWall,-0.10984999999925214,-0.3718294666101809,0.25479615004451944,1.0,3.928326948455335e-16,-2.934908795028892e-12,0.0011068362047308732,-8.080992028387935e-14,7484.538922892781,-1319.726150268671,-3.713070831433952e-08,1.3275720333838145e-07,-2.191480060593735e-08,-2.5707361879772338e-08,-1.1762637166832068e-08,-2.8245018883454945e-08,-2.5707361879772338e-08,-1.1762637166832068e-08,-2.8245018883454945e-08,14,False,250.0
b712773f15e0f684,20270301_h250_r0_p90_y80_TPMC_N400000_S101,101,sample,1561,triangle_1561,sailWall,-0.10984999999890777,0.254851665558591,0.37211983583498065,1.0,-8.252062919612176e-16,-2.9362399849331806e-12,0.0011031003288144436,-8.080992028387935e-14,7484.538922892781,-1319.726150268671,-1.2337221955117122e-08,7.377837202104586e-08,-1.4829486275086504e-08,-3.0825617853333186e-08,-6.1549643454274355e-09,-4.9415086389216414e-09,-3.0825617853333186e-08,-6.1549643454274355e-09,-4.9415086389216414e-09,4,False,250.0
b712773f15e0f684,20270301_h250_r0_p90_y80_TPMC_N400000_S101,101,sample,1562,triangle_1562,sailWall,-0.10985000000109228,-0.25485166555859157,-0.37211983583433517,1.0,1.0130956060506567e-15,-2.9344474191454455e-12,0.0011031003288144174,-8.080992028387935e-14,7484.538922892781,-1319.726150268671,-1.4696214959758641e-08,1.0161295437432788e-07,-1.7055309599908076e-08,4.230252159833874e-08,3.5956261749214873e-09,-1.4826687905266903e-08,4.230252159833874e-08,3.5956261749214873e-09,-1.4826687905266903e-08,6,False,250.0
b712773f15e0f684,20270301_h250_r0_p90_y80_TPMC_N400000_S101,101,sample,1563,triangle_1563,sailWall,-0.10985000000074786,0.37182947131898825,-0.25479614412370505,1.0,7.221617566625383e-16,-2.9349117919468154e-12,0.0011068365701574071,-8.080992028387935e-14,7484.538922892781,-1319.726150268671,-1.5228414466224797e-08,1.2262377202228847e-07,-1.459024516514026e-08,2.5710880292995472e-08,2.2686438243276222e-09,-7.806507335287707e-09,2.5710880292995472e-08,2.2686438243276222e-09,-7.806507335287707e-09,5,False,250.0
b712773f15e0f684,20270301_h250_r0_p90_y80_TPMC_N400000_S101,101,sample,1564,triangle_1564,sailWall,-0.10984999999918764,-0.3885662921071187,0.2767684302377009,1.0,6.620293267155287e-16,-2.9352556818502325e-12,0.0011270793684694945,-8.080992028387935e-14,7484.538922892781,-1319.726150268671,-1.6954070776365197e-08,6.414962624386784e-08,-1.7539842108502045e-08,-1.0776571766608876e-08,-6.643306969663167e-09,-1.3805133054059174e-08,-1.0776571766608876e-08,-6.643306969663167e-09,-1.3805133054059174e-08,6,False,250.0
b712773f15e0f684,20270301_h250_r0_p90_y80_TPMC_N400000_S101,101,sample,1565,triangle_1565,sailWall,-0.10984999999885864,0.2768239457517723,0.3888566613319187,1.0,8.421420449717948e-16,-2.9349152491365594e-12,0.0011083259816429651,-8.080992028387935e-14,7484.538922892781,-1319.726150268671,-2.8621353443920427e-08,1.5449037720641033e-07,-2.948696998420158e-08,-6.758991009442912e-08,-1.4280301603757206e-08,-9.032220085199621e-09,-6.758991009442912e-08,-1.4280301603757206e-08,-9.032220085199621e-09,8,False,250.0
b712773f15e0f684,20270301_h250_r0_p90_y80_TPMC_N400000_S101,101,sample,1566,triangle_1566,sailWall,-0.10985000000114137,-0.2768239457517725,-0.38885666133127345,1.0,5.300347101302565e-16,-2.9348312190069373e-12,0.0011083259816429577,-8.080992028387935e-14,7484.538922892781,-1319.726150268671,-2.1655799189723678e-08,1.327004291627206e-07,-2.6260303541679776e-08,5.927896936560769e-08,5.615714145831323e-09,-2.0617420987403512e-08,5.927896936560769e-08,5.615714145831323e-09,-2.0617420987403512e-08,8,False,250.0
b712773f15e0f684,20270301_h250_r0_p90_y80_TPMC_N400000_S101,101,sample,1567,triangle_1567,sailWall,-0.10985000000081237,0.3885662968159265,-0.27676842431688603,1.0,9.49480996734749e-16,-2.9352047154943928e-12,0.0011270799145093786,-8.080992028387935e-14,7484.538922892781,-1319.726150268671,-2.00827547494715e-08,1.2054190128384514e-07,-2.712844117268126e-08,2.2884150656524464e-08,2.5338975380746477e-09,-5.520391949870441e-09,2.2884150656524464e-08,2.5338975380746477e-09,-5.520391949870441e-09,6,False,250.0
b712773f15e0f684,20270301_h250_r0_p90_y80_TPMC_N400000_S101,101,sample,1568,triangle_1568,sailWall,-0.1098499999982153,0.05199878690155655,0.608032544493754,1.0,-6.314154799478516e-16,-2.9346839045065757e-12,0.001258725082292561,-8.080992028387935e-14,7484.538922892781,-1319.726150268671,-7.888392609949367e-09,3.026623656440626e-08,-4.4228972187109856e-09,-1.8600052174654122e-08,-5.2946680194560594e-09,-2.916094444066634e-09,-1.8600052174654122e-08,-5.2946680194560594e-09,-2.916094444066634e-09,2,False,250.0
b712773f15e0f684,20270301_h250_r0_p90_y80_TPMC_N400000_S101,101,sample,1569,triangle_1569,sailWall,-0.1098500000017853,0.052586289465253545,-0.6082263990468605,1.0,-6.294259293531625e-16,-2.9344696927960682e-12,0.0012748722052358641,-8.080992028387935e-14,7484.538922892781,-1319.726150268671,-5.9461579735336024e-08,3.357628436978768e-07,-5.825320668694989e-08,1.9929353151035988e-07,2.9465411213860376e-08,-3.365957399859351e-08,1.9929353151035988e-07,2.9465411213860376e-08,-3.365957399859351e-08,18,False,250.0
b712773f15e0f684,20270301_h250_r0_p90_y80_TPMC_N400000_S101,101,sample,1570,triangle_1570,sailWall,-0.1098500000001544,-0.6082263990471831,-0.05258628946493114,1.0,-3.870166643388185e-16,-2.9361220574966403e-12,0.0012748722052358568,-8.080992028387935e-14,7484.538922892781,-1319.726150268671,-3.547610466255142e-08,1.8348557854094344e-07,-4.0908409653482265e-08,3.362058827186206e-08,-2.7274225942762502e-09,-4.1894757873361985e-08,3.362058827186206e-08,-2.7274225942762502e-09,-4.1894757873361985e-08,13,False,250.0
b712773f15e0f684,20270301_h250_r0_p90_y80_TPMC_N400000_S101,101,sample,1571,triangle_1571,sailWall,-0.10984999999984568,0.6082263990471833,0.052586289465575975,1.0,-7.232646795013143e-16,-2.9340598241088995e-12,0.001274872205235857,-8.080992028387935e-14,7484.538922892781,-1319.726150268671,-6.32590390435327e-09,3.097757125136852e-08,-4.935330049181795e-09,-4.634817014343297e-09,-8.974734749485075e-10,3.1880498311928695e-10,-4.634817014343297e-09,-8.974734749485075e-10,3.1880498311928695e-10,2,False,250.0
b712773f15e0f684,20270301_h250_r0_p90_y80_TPMC_N400000_S101,101,sample,1572,triangle_1572,sailWall,-0.10984999999989008,0.21955693106149585,0.037460441987118585,0.9999999999999999,1.0219236550471737e-15,-2.934394721895789e-12,0.0009556382357978745,-8.080992028387935e-14,7484.538922892781,-1319.726150268671,-9.528635954210602e-09,4.8026372041762995e-08,-1.5623814457435744e-08,-5.79865777774371e-09,-2.20099255761961e-09,-3.1625263894576513e-09,-5.79865777774371e-09,-2.20099255761961e-09,-3.1625263894576513e-09,3,False,250.0
b712773f15e0f684,20270301_h250_r0_p90_y80_TPMC_N400000_S101,101,sample,1573,triangle_1573,sailWall,-0.10985000000064443,0.03746044198679616,-0.21955693106117344,1.0,-7.117354970866113e-16,-2.935207063542295e-12,0.0009556382357978801,-8.080992028387935e-14,7484.538922892781,-1319.726150268671,-1.1405958979849625e-08,3.617546102949327e-08,-5.028006166323214e-09,7.783364883713305e-09,2.0046535508033057e-09,-3.6509811752509353e-09,7.783364883713305e-09,2.0046535508033057e-09,-3.6509811752509353e-09,4,False,250.0
b712773f15e0f684,20270301_h250_r0_p90_y80_TPMC_N400000_S101,101,sample,1574,triangle_1574,sailWall,-0.10984999999935556,-0.037460441986796496,0.2195569310618182,1.0,-8.959377287178566e-16,-2.9348644159531176e-12,0.0009556382357978852,-8.080992028387935e-14,7484.538922892781,-1319.726150268671,-2.5752793313433513e-08,1.3991449648543044e-07,-1.789411879056999e-08,-3.0087673595106273e-08,-7.59830724491852e-09,-1.627116176171917e-08,-3.0087673595106273e-08,-7.59830724491852e-09,-1.627116176171917e-08,7,False,250.0
b712773f15e0f684,20270301_h250_r0_p90_y80_TPMC_N400000_S101,101,sample,1575,triangle_1575,sailWall,-0.10985000000010997,-0.21955693106149557,-0.03746044198647395,1.0,-1.033961879956861e-15,-2.935499935285574e-12,0.0009556382357978754,-8.080992028387935e-14,7484.538922892781,-1319.726150268671,-6.378262343881969e-08,1.1410846073456098e-07,-4.409072618818508e-08,1.3032056282651363e-08,-2.635395786111863e-09,-2.6481452607051006e-08,1.3032056282651363e-08,-2.635395786111863e-09,-2.6481452607051006e-08,27,False,250.0
b712773f15e0f684,20270301_h250_r0_p90_y80_TPMC_N400000_S101,101,sample,1576,triangle_1576,sailWall,-0.1098499999984716,-0.08695461322017602,0.5207228964438443,1.0,1.6609308519394063e-16,-2.9362422293045143e-12,0.000902781660709297,-8.080992028387935e-14,7484.538922892781,-1319.726150268671,-2.106587337162328e-08,1.2121797739224816e-07,-2.0164016971901353e-08,-6.01603499034275e-08,-1.297500701572387e-08,-1.518068891064844e-08,-6.01603499034275e-08,-1.297500701572387e-08,-1.518068891064844e-08,7,False,250.0
b712773f15e0f684,20270301_h250_r0_p90_y80_TPMC_N400000_S101,101,sample,1577,triangle_1577,sailWall,-0.10985000000025613,-0.5206856422689553,-0.08725537156369916,0.9999999999999999,2.469345353966657e-16,-2.9378115358933556e-12,0.0008812370936241107,-8.080992028387935e-14,7484.538922892781,-1319.726150268671,-1.292560892917434e-08,5.8845800697325133e-08,-9.301061665765476e-09,1.0047588012541796e-08,1.1062711959057713e-10,-1.3109974682615443e-08,1.0047588012541796e-08,1.1062711959057713e-10,-1.3109974682615443e-08,3,False,250.0
b712773f15e0f684,20270301_h250_r0_p90_y80_TPMC_N400000_S101,101,sample,1578,triangle_1578,sailWall,-0.10984999999974393,0.5206856422689556,0.0872553715643435,1.0,-2.0738119672884072e-16,-2.9350808333351247e-12,0.0008812370936241182,-8.080992028387935e-14,7484.538922892781,-1319.726150268671,-1.7949283841297603e-08,1.3235494800591549e-07,-2.1471170027426135e-08,-2.3110872869441303e-08,-3.946010795054841e-09,-5.07964345392428e-09,-2.3110872869441303e-08,-3.946010795054841e-09,-5.07964345392428e-09,7,False,250.0
b712773f15e0f684,20270301_h250_r0_p90_y80_TPMC_N400000_S101,101,sample,1579,triangle_1579,sailWall,-0.10985000000152834,0.08725537087368578,-0.5206856430139011,0.9999999999999999,7.124656223740118e-16,-2.9346802177281727e-12,0.0008812370426862566,-8.080992028387935e-14,7484.538922892781,-1319.726150268671,-5.8620074406611984e-09,3.49646282914913e-08,-7.852459991816213e-09,1.7553375884669915e-08,2.1796864236111208e-09,-3.3497711729543626e-09,1.7553375884669915e-08,2.1796864236111208e-09,-3.3497711729543626e-09,2,False,250.0
b712773f15e0f684,20270301_h250_r0_p90_y80_TPMC_N400000_S101,101,sample,1580,triangle_1580,sailWall,-0.1098499999999254,0.19875210759279774,0.025416197273445906,0.9999999999999999,1.8438013736386884e-16,-2.9348449727947374e-12,0.0009753546845823064,-8.080992028387935e-14,7484.538922892781,-1319.726150268671,-5.120736168219122e-09,6.295260430300231e-08,-1.5194294580946e-08,-4.8129831304410375e-09,-1.8249893414369693e-09,-5.928100827893628e-09,-4.8129831304410375e-09,-1.8249893414369693e-09,-5.928100827893628e-09,3,False,250.0
b712773f15e0f684,20270301_h250_r0_p90_y80_TPMC_N400000_S101,101,sample,1581,triangle_1581,sailWall,-0.10985000000058337,0.0254161972731234,-0.1987521075924752,1.0,-3.6061219119191554e-16,-2.9358602128185018e-12,0.0009753546845823216,-8.080992028387935e-14,7484.538922892781,-1319.726150268671,-3.885044469312754e-08,1.5905695474250766e-07,-2.604054962049011e-08,3.157373043457001e-08,4.978934202202172e-09,-1.6568333468981447e-08,3.157373043457001e-08,4.978934202202172e-09,-1.6568333468981447e-08,10,False,250.0
b712773f15e0f684,20270301_h250_r0_p90_y80_TPMC_N400000_S101,101,sample,1582,triangle_1582,sailWall,-0.10984999999941662,-0.025416197273123692,0.1987521075931201,1.0,-1.801335422792417e-16,-2.9361959339082897e-12,0.0009753546845823095,-8.080992028387935e-14,7484.538922892781,-1319.726150268671,-1.708447697395961e-08,9.563335079184015e-08,-2.3917999995270168e-08,-1.8610654080443804e-08,-6.068043861083914e-09,-1.0890652493348174e-08,-1.8610654080443804e-08,-6.068043861083914e-09,-1.0890652493348174e-08,5,False,250.0
b712773f15e0f684,20270301_h250_r0_p90_y80_TPMC_N400000_S101,101,sample,1583,triangle_1583,sailWall,-0.1098500000000746,-0.19875210759279746,-0.025416197272801064,1.0,-1.5134095237291141e-16,-2.9350254514436176e-12,0.0009753546845823168,-8.080992028387935e-14,7484.538922892781,-1319.726150268671,-6.324267390078818e-08,5.436721067008972e-08,-3.217598074052519e-08,7.172848590021705e-09,-2.070004723342336e-09,-1.851649345828295e-08,7.172848590021705e-09,-2.070004723342336e-09,-1.851649345828295e-08,27,False,250.0
b712773f15e0f684,20270301_h250_r0_p90_y80_TPMC_N400000_S101,101,sample,1584,triangle_1584,sailWall,-0.10984999999943153,0.4110171861275922,0.19367006882460694,1.0,-1.7070322456419975e-15,-2.9353843822203562e-12,0.0010134255881357164,-8.080992028387935e-14,7484.538922892781,-1319.726150268671,-1.7855546736733315e-08,1.1208624246965536e-07,-1.972886002172134e-08,-2.955558097952128e-08,-5.626651912937796e-09,-4.9417251439018224e-09,-2.955558097952128e-08,-5.626651912937796e-09,-4.9417251439018224e-09,6,False,250.0
b712773f15e0f684,20270301_h250_r0_p90_y80_TPMC_N400000_S101,101,sample,1585,triangle_1585,sailWall,-0.10985000000120643,0.1936684858466415,-0.4110187988478136,1.0,7.42534556464288e-17,-2.9364285788580926e-12,0.0010132870064129846,-8.080992028387935e-14,7484.538922892781,-1319.726150268671,-1.8048415294247305e-08,1.0986540555038724e-07,-1.8793866946022147e-08,4.1908983876913066e-08,5.431561035325724e-09,-8.404428379675762e-09,4.1908983876913066e-08,5.431561035325724e-09,-8.404428379675762e-09,6,False,250.0
b712773f15e0f684,20270301_h250_r0_p90_y80_TPMC_N400000_S101,101,sample,1586,triangle_1586,sailWall,-0.10985000000056848,-0.4110171861275919,-0.19367006882396212,1.0,-1.7070322456587336e-15,-2.9353843822203784e-12,0.0010134255881357162,-8.080992028387935e-14,7484.538922892781,-1319.726150268671,-2.194001406449735e-08,8.685522271865784e-08,-1.3440669227682027e-08,2.243366234571656e-08,2.7499390531741768e-09,-1.863143393416391e-08,2.243366234571656e-08,2.7499390531741768e-09,-1.863143393416391e-08,7,False,250.0
b712773f15e0f684,20270301_h250_r0_p90_y80_TPMC_N400000_S101,101,sample,1587,triangle_1587,sailWall,-0.10984999999879357,-0.1936661016021001,0.4110203300707942,1.0,-4.96910894075968e-17,-2.9366822934629787e-12,0.0010133375942575408,-8.080992028387935e-14,7484.538922892781,-1319.726150268671,-8.82387414719537e-09,5.079323205638675e-08,-4.043073349630794e-09,-2.0258599484559045e-08,-4.127189381166229e-09,-7.360615086498746e-09,-2.0258599484559045e-08,-4.127189381166229e-09,-7.360615086498746e-09,4,False,250.0
b712773f15e0f684,20270301_h250_r0_p90_y80_TPMC_N400000_S101,101,sample,1588,triangle_1588,sailWall,-0.1098499999986629,0.23032581171736086,0.4555457724970388,1.0,1.2854750064600731e-15,-2.933581216668006e-12,0.0010646473522953144,-8.080992028387935e-14,7484.538922892781,-1319.726150268671,-4.1362137867027243e-08,2.1514730023899558e-07,-3.576882197183633e-08,-1.0541711870589182e-07,-2.2627499100017606e-08,-1.4431462610357364e-08,-1.0541711870589182e-07,-2.2627499100017606e-08,-1.4431462610357364e-08,11,False,250.0
b712773f15e0f684,20270301_h250_r0_p90_y80_TPMC_N400000_S101,101,sample,1589,triangle_1589,sailWall,-0.10985000000067606,0.45554527228446967,-0.2303249535217661,1.0,4.767375228349115e-16,-2.9353434291972484e-12,0.001064722958398006,-8.080992028387935e-14,7484.538922892781,-1319.726150268671,-1.0088736368696222e-08,8.515405073922997e-08,-2.0573185480110627e-08,9.78341052669676e-09,6.2392719386062566e-12,-4.781312717871306e-09,9.78341052669676e-09,6.2392719386062566e-12,-4.781312717871306e-09,4,False,250.0
b712773f15e0f684,20270301_h250_r0_p90_y80_TPMC_N400000_S101,101,sample,1590,triangle_1590,sailWall,-0.10985000000133717,-0.23032581171736097,-0.4555457724963938,1.0,-6.492086896771428e-16,-2.9355159003641425e-12,0.001064647352295313,-8.080992028387935e-14,7484.538922892781,-1319.726150268671,-1.8557749944040933e-08,1.0489602682616158e-07,-1.122532568260538e-08,5.074921042686401e-08,7.277366449847584e-09,-1.5808277596134404e-08,5.074921042686401e-08,7.277366449847584e-09,-1.5808277596134404e-08,6,False,250.0
b712773f15e0f684,20270301_h250_r0_p90_y80_TPMC_N400000_S101,101,sample,1591,triangle_1591,sailWall,-0.10984999999932397,-0.4555447458159992,0.23032561542722463,1.0,-1.5123652398163069e-15,-2.9359724055529634e-12,0.00106471542029628,-8.080992028387935e-14,7484.538922892781,-1319.726150268671,-2.3596902154571705e-08,8.900200485364508e-08,-1.097535393293095e-08,-1.5265682844342056e-08,-6.50987851183144e-09,-2.0378715731459687e-08,-1.5265682844342056e-08,-6.50987851183144e-09,-2.0378715731459687e-08,8,False,250.0
b712773f15e0f684,20270301_h250_r0_p90_y80_TPMC_N400000_S101,101,sample,1592,triangle_1592,sailWall,-0.10984999999839347,0.04751041089670995,0.547332098248149,1.0,-1.7559968513023554e-15,-2.9354896954038572e-12,0.0008442829639779775,-8.080992028387935e-14,7484.538922892781,-1319.726150268671,-2.8540556730581827e-08,1.9350438631267473e-07,-3.08787426088514e-08,-1.0897271992511003e-07,-1.9254101808504586e-08,-1.9761035661836733e-08,-1.0897271992511003e-07,-1.9254101808504586e-08,-1.9761035661836733e-08,8,False,250.0
b712773f15e0f684,20270301_h250_r0_p90_y80_TPMC_N400000_S101,101,sample,1593,triangle_1593,sailWall,-0.10984999999986093,-0.5474659551320361,0.04738954662301461,1.0,-4.942580801677081e-16,-2.935640426877491e-12,0.0008501393798584271,-8.080992028387935e-14,7484.538922892781,-1319.726150268671,-1.7629075710305017e-08,5.594669660068072e-08,-7.863316510770195e-09,1.4611136093966767e-09,-1.657447559977323e-09,-1.5776999759653997e-08,1.4611136093966767e-09,-1.657447559977323e-09,-1.5776999759653997e-08,4,False,250.0
b712773f15e0f684,20270301_h250_r0_p90_y80_TPMC_N400000_S101,101,sample,1594,triangle_1594,sailWall,-0.10985000000013906,0.5474665563219739,-0.047388317747903475,1.0,-2.979771098045322e-16,-2.935315974839709e-12,0.0008501576924195554,-8.080992028387935e-14,7484.538922892781,-1319.726150268671,-4.561427798099891e-09,2.9209504387369262e-08,-9.488719359490915e-09,-4.146836304644479e-09,-8.811765827611249e-10,-7.190893320296336e-10,-4.146836304644479e-09,-8.811765827611249e-10,-7.190893320296336e-10,1,False,250.0
b712773f15e0f684,20270301_h250_r0_p90_y80_TPMC_N400000_S101,101,sample,1595,triangle_1595,sailWall,-0.10985000000160698,-0.04738954662269416,-0.5474659551317135,0.9999999999999999,5.372237658429573e-17,-2.935412084897753e-12,0.0008501393798584104,-8.080992028387935e-14,7484.538922892781,-1319.726150268671,-1.2557122022181667e-08,1.0919763343873022e-07,-1.7829793198635018e-08,6.023456372261398e-08,4.876692961837466e-09,-1.2488136161527402e-08,6.023456372261398e-08,4.876692961837466e-09,-1.2488136161527402e-08,6,False,250.0
b712773f15e0f684,20270301_h250_r0_p90_y80_TPMC_N400000_S101,101,sample,1596,triangle_1596,sailWall,-0.10985000000036216,0.06944811871985966,-0.12338771607576043,0.9999999999999999,3.988213259247033e-16,-2.934867399679914e-12,0.000899201836105654,-8.080992028387935e-14,7484.538922892781,-1319.726150268671,-7.434961329182184e-08,1.1119305110455856e-07,-2.9051289564516807e-08,1.1490484366695705e-08,5.6188633105694285e-09,-7.120778887790463e-09,1.1490484366695705e-08,5.6188633105694285e-09,-7.120778887790463e-09,25,False,250.0
b712773f15e0f684,20270301_h250_r0_p90_y80_TPMC_N400000_S101,101,sample,1597,triangle_1597,sailWall,-0.10984999999979621,0.12338771607608266,0.06944811872018225,1.0,4.171053275654497e-16,-2.935236427236679e-12,0.0008992018361056559,-8.080992028387935e-14,7484.538922892781,-1319.726150268671,-4.343962457900648e-09,1.762295776654483e-08,-5.890897031590567e-09,-1.8011787776279948e-09,-9.209830670037017e-10,-1.426980077642957e-09,-1.8011787776279948e-09,-9.209830670037017e-10,-1.426980077642957e-09,1,False,250.0
b712773f15e0f684,20270301_h250_r0_p90_y80_TPMC_N400000_S101,101,sample,1598,triangle_1598,sailWall,-0.10984999999963783,-0.06944811871985966,0.12338771607640524,1.0,5.88359000252247e-17,-2.934755731986278e-12,0.0008992018361056471,-8.080992028387935e-14,7484.538922892781,-1319.726150268671,-7.06990760542726e-09,6.167819112579083e-08,-1.261778003912743e-08,-7.016007826369734e-09,-2.272878967752402e-09,-7.216846893984553e-09,-7.016007826369734e-09,-2.272878967752402e-09,-7.216846893984553e-09,3,False,250.0
b712773f15e0f684,20270301_h250_r0_p90_y80_TPMC_N400000_S101,101,sample,1599,triangle_1599,sailWall,-0.10985000000020384,-0.12338771607608277,-0.06944811871953711,0.9999999999999999,-1.1400054710869746e-16,-2.937812457323724e-12,0.0008992018361056457,-8.080992028387935e-14,7484.538922892781,-1319.726150268671,-6.65483683438694e-08,3.9752926897926665e-08,-3.227347899873586e-08,6.6337337030052484e-09,8.288663802523708e-10,-1.287895752140224e-08,6.6337337030052484e-09,8.288663802523708e-10,-1.287895752140224e-08,24,False,250.0
b712773f15e0f684,20270301_h250_r0_p90_y80_TPMC_N400000_S101,101,sample,1600,triangle_1600,sailWall,-0.1098500000002502,0.5212773600704291,-0.08524653161850132,1.0,-1.0603187302864098e-15,-2.935243729872881e-12,0.0009379886595442212,-8.080992028387935e-14,7484.538922892781,-1319.726150268671,0.0,0.0,0.0,0.0,0.0,0.0,0.0,0.0,0.0,0,True,250.0
b712773f15e0f684,20270301_h250_r0_p90_y80_TPMC_N400000_S101,101,sample,1601,triangle_1601,sailWall,-0.10984999999847,0.08523204333735009,0.5212651411957544,1.0,1.5070710311560635e-15,-2.9356847404023467e-12,0.0009385481426717851,-8.080992028387935e-14,7484.538922892781,-1319.726150268671,-7.760659749663992e-09,9.214664535206694e-08,-1.9534680188628768e-08,-4.914062928768134e-08,-6.154258466236549e-09,-9.438339898111911e-09,-4.914062928768134e-08,-6.154258466236549e-09,-9.438339898111911e-09,5,False,250.0
b712773f15e0f684,20270301_h250_r0_p90_y80_TPMC_N400000_S101,101,sample,1602,triangle_1602,sailWall,-0.10984999999974983,-0.5212620547483494,0.08523847517442346,1.0,3.774892430249608e-16,-2.9349627819040963e-12,0.0009386131322803315,-8.080992028387935e-14,7484.538922892781,-1319.726150268671,-3.811625279286907e-08,1.5408680294285074e-07,-2.7794433798765764e-08,1.4404708899487236e-09,-6.302470257164373e-09,-3.683858248633127e-08,1.4404708899487236e-09,-6.302470257164373e-09,-3.683858248633127e-08,12,False,250.0
b712773f15e0f684,20270301_h250_r0_p90_y80_TPMC_N400000_S101,101,sample,1603,triangle_1603,sailWall,-0.10985000000153004,-0.08523847517410221,-0.5212620547480262,1.0,1.0333640014274146e-15,-2.9340862612012407e-12,0.0009386131322803091,-8.080992028387935e-14,7484.538922892781,-1319.726150268671,-1.8487935123205206e-08,6.392675677396238e-08,-1.959490012131542e-08,3.5689057818695445e-08,7.574382859103896e-09,-8.730790870814269e-09,3.5689057818695445e-08,7.574382859103896e-09,-8.730790870814269e-09,5,False,250.0
b712773f15e0f684,20270301_h250_r0_p90_y80_TPMC_N400000_S101,101,sample,1604,triangle_1604,sailWall,-0.10985000000197986,0.012368421052638546,-0.6745229537071841,1.0,-1.0906566283325637e-15,-2.93415004634872e-12,0.0010078879574291456,-8.080992028387935e-14,7484.538922892781,-1319.726150268671,-1.4517026768074839e-08,8.471347672506624e-08,-1.6300803536251703e-08,5.6561383787637137e-08,7.967984907588236e-09,-9.032642818425356e-09,5.6561383787637137e-08,7.967984907588236e-09,-9.032642818425356e-09,5,False,250.0
b712773f15e0f684,20270301_h250_r0_p90_y80_TPMC_N400000_S101,101,sample,1605,triangle_1605,sailWall,-0.10985000000197986,-0.012368421052624562,-0.6745229537071843,1.0,1.0906566283851866e-15,-2.93415004634872e-12,0.0010078879574291575,-8.080992028387935e-14,7484.538922892781,-1319.726150268671,-2.6950125173930344e-08,1.3402379665620567e-07,-3.262702242062188e-08,8.98771642146208e-08,1.4496396659739067e-08,-1.4935590042689144e-08,8.98771642146208e-08,1.4496396659739067e-08,-1.4935590042689144e-08,9,False,250.0
b712773f15e0f684,20270301_h250_r0_p90_y80_TPMC_N400000_S101,101,sample,1606,triangle_1606,sailWall,-0.10985000000003631,0.6745229537075068,-0.012368421052302068,1.0,3.135535148895394e-26,-2.934866691674446e-12,0.0010078879574291376,-8.080992028387935e-14,7484.538922892781,-1319.726150268671,-1.1880738304914131e-08,6.102455652572944e-08,-1.539830563272956e-08,-9.573661405942523e-09,-1.5432752324647312e-09,1.3233836546369197e-09,-9.573661405942523e-09,-1.5432752324647312e-09,1.3233836546369197e-09,4,False,250.0
b712773f15e0f684,20270301_h250_r0_p90_y80_TPMC_N400000_S101,101,sample,1607,triangle_1607,sailWall,-0.1098499999999637,-0.6745229537075067,0.01236842105294722,1.0,3.5784246591453405e-26,-2.93486669167445e-12,0.0010078879574291402,-8.080992028387935e-14,7484.538922892781,-1319.726150268671,-2.3072107207448587e-08,1.2688052500399406e-07,-2.0172968071256638e-08,1.2273589137743268e-08,-2.451441555189422e-09,-2.94420740821029e-08,1.2273589137743268e-08,-2.451441555189422e-09,-2.94420740821029e-08,9,False,250.0
b712773f15e0f684,20270301_h250_r0_p90_y80_TPMC_N400000_S101,101,sample,1608,triangle_1608,sailWall,-0.10985000000003631,-0.6745229537075067,-0.012368421052315786,1.0,3.578424659145362e-26,-2.9348666916744676e-12,0.001007887957429134,-8.080992028387935e-14,7484.538922892781,-1319.726150268671,-4.8298058148460674e-08,1.58921018592203e-07,-2.800984087222073e-08,2.009754609784188e-08,-2.622451955060712e-09,-5.004416583845641e-08,2.009754609784188e-08,-2.622451955060712e-09,-5.004416583845641e-08,14,False,250.0
b712773f15e0f684,20270301_h250_r0_p90_y80_TPMC_N400000_S101,101,sample,1609,triangle_1609,sailWall,-0.10984999999802014,-0.012368421052638483,0.6745229537078291,1.0,-7.166453256751089e-16,-2.934150046348738e-12,0.00100788795742914,-8.080992028387935e-14,7484.538922892781,-1319.726150268671,-2.543021418055172e-08,1.6611228612685314e-07,-2.736983511876028e-08,-1.1178138201705719e-07,-2.0196624316717184e-08,-1.8621958365196825e-08,-1.1178138201705719e-07,-2.0196624316717184e-08,-1.8621958365196825e-08,8,False,250.0
b712773f15e0f684,20270301_h250_r0_p90_y80_TPMC_N400000_S101,101,sample,1610,triangle_1610,sailWall,-0.10984999999802014,0.012368421052624609,0.6745229537078293,1.0,7.166453257365432e-16,-2.9341500463487387e-12,0.0010078879574291493,-8.080992028387935e-14,7484.538922892781,-1319.726150268671,-2.086849461221809e-08,1.0508863248706292e-07,-2.2830002338378804e-08,-7.153371553088502e-08,-1.6636326748931645e-08,-1.1206009290066096e-08,-7.153371553088502e-08,-1.6636326748931645e-08,-1.1206009290066096e-08,6,False,250.0
b712773f15e0f684,20270301_h250_r0_p90_y80_TPMC_N400000_S101,101,sample,1611,triangle_1611,sailWall,-0.1098499999999637,0.6745229537075067,0.012368421052960937,0.9999999999999999,3.1355351488954227e-26,-2.9348666916744725e-12,0.0010078879574291282,-8.080992028387935e-14,7484.538922892781,-1319.726150268671,-1.7203253222097928e-08,8.694743346038185e-08,-2.0720735559048904e-08,-1.441428930465582e-08,-2.3786776552196693e-09,1.9816309901907098e-09,-1.441428930465582e-08,-2.3786776552196693e-09,1.9816309901907098e-09,5,False,250.0
b712773f15e0f684,20270301_h250_r0_p90_y80_TPMC_N400000_S101,101,sample,1612,triangle_1612,sailWall,-0.10984999999928584,-0.028588753191991386,0.24331549454877063,1.0,-7.698522023233584e-16,-2.934490749622456e-12,0.0009017702866215274,-8.080992028387935e-14,7484.538922892781,-1319.726150268671,-3.931765461418081e-08,2.232776967132963e-07,-3.613236977811122e-08,-5.2701506652854885e-08,-1.3372055419041241e-08,-2.57706007873295e-08,-5.2701506652854885e-08,-1.3372055419041241e-08,-2.57706007873295e-08,11,False,250.0
b712773f15e0f684,20270301_h250_r0_p90_y80_TPMC_N400000_S101,101,sample,1613,triangle_1613,sailWall,-0.10985000000071417,0.02858875319199092,-0.24331549454812582,1.0,-5.367898908133511e-16,-2.93468859576387e-12,0.0009017702866215229,-8.080992028387935e-14,7484.538922892781,-1319.726150268671,-2.7882354323461023e-08,8.207909491314716e-08,-2.380669831972998e-08,1.9124715920519245e-08,4.123077408144544e-09,-8.155482223055033e-09,1.9124715920519245e-08,4.123077408144544e-09,-8.155482223055033e-09,9,False,250.0
b712773f15e0f684,20270301_h250_r0_p90_y80_TPMC_N400000_S101,101,sample,1614,triangle_1614,sailWall,-0.10985000000008394,-0.2433154945484479,-0.028588753191668894,1.0,2.328479317600408e-16,-2.935927392535119e-12,0.0009017702866215263,-8.080992028387935e-14,7484.538922892781,-1319.726150268671,-3.2817051632688515e-08,1.896194827577378e-08,-1.154891017616615e-08,3.592638228148103e-09,-2.664246619415663e-10,-9.971279125340514e-09,3.592638228148103e-09,-2.664246619415663e-10,-9.971279125340514e-09,13,False,250.0
b712773f15e0f684,20270301_h250_r0_p90_y80_TPMC_N400000_S101,101,sample,1615,triangle_1615,sailWall,-0.10984999999991611,0.24331549454844814,0.0285887531923133,1.0,-1.0732362221057567e-15,-2.9336877560433288e-12,0.0009017702866215234,-8.080992028387935e-14,7484.538922892781,-1319.726150268671,-4.719327162003443e-09,4.717071252046734e-08,-6.30736080435413e-09,-2.772252550837241e-09,-8.17352026828487e-10,-4.042928870824816e-09,-2.772252550837241e-09,-8.17352026828487e-10,-4.042928870824816e-09,2,False,250.0
b712773f15e0f684,20270301_h250_r0_p90_y80_TPMC_N400000_S101,101,sample,1616,triangle_1616,sailWall,-0.10984999999977944,-0.06969736837104878,0.07513964280057328,1.0,-6.42944885641136e-16,-2.934900824389971e-12,0.00097695990238902,-8.080992028387935e-14,7484.538922892781,-1319.726150268671,-5.794526553150131e-08,1.1961166931651317e-07,-4.801816098049328e-09,-7.881143963080076e-09,-4.583789025182519e-09,-1.7481412434633194e-08,-7.881143963080076e-09,-4.583789025182519e-09,-1.7481412434633194e-08,23,False,250.0
b712773f15e0f684,20270301_h250_r0_p90_y80_TPMC_N400000_S101,101,sample,1617,triangle_1617,sailWall,-0.10985000000020462,-0.07513964280025083,-0.0696973683707264,1.0,1.9331351109892057e-15,-2.9369194633507957e-12,0.0009769599023890206,-8.080992028387935e-14,7484.538922892781,-1319.726150268671,-7.217211002343396e-08,1.0132743696928833e-07,-4.5942622530942666e-08,1.0950805811125742e-08,-1.055115426783793e-10,-1.6546088784087907e-08,1.0950805811125742e-08,-1.055115426783793e-10,-1.6546088784087907e-08,27,False,250.0
b712773f15e0f684,20270301_h250_r0_p90_y80_TPMC_N400000_S101,101,sample,1618,triangle_1618,sailWall,-0.10984999999979543,0.0751396428002507,0.06969736837137132,1.0,1.2645231162495451e-15,-2.934422166723236e-12,0.0009769599023890178,-8.080992028387935e-14,7484.538922892781,-1319.726150268671,-1.783293304295159e-08,1.233182791289069e-07,-2.557791134767528e-08,-1.105902767634281e-08,-4.1198670846470055e-09,-1.2243344265339555e-08,-1.105902767634281e-08,-4.1198670846470055e-09,-1.2243344265339555e-08,6,False,250.0
b712773f15e0f684,20270301_h250_r0_p90_y80_TPMC_N400000_S101,101,sample,1619,triangle_1619,sailWall,-0.10985000000022056,0.06969736837104883,-0.0751396427999284,1.0,-4.6403581342805325e-16,-2.9345766365232535e-12,0.0009769599023890202,-8.080992028387935e-14,7484.538922892781,-1319.726150268671,-1.962337371728545e-08,4.104328106403875e-08,-1.1606105004300104e-08,2.6908542220759845e-09,4.0118352382050594e-10,-3.180153670121554e-09,2.6908542220759845e-09,4.0118352382050594e-10,-3.180153670121554e-09,6,False,250.0
b712773f15e0f684,20270301_h250_r0_p90_y80_TPMC_N400000_S101,101,sample,1620,triangle_1620,sailWall,-0.10984999999975927,-0.04546270483430647,0.08201386723667838,1.0,1.012232577251582e-15,-2.934457676590501e-12,0.0009876499254620889,-8.080992028387935e-14,7484.538922892781,-1319.726150268671,-9.544880080235592e-09,5.0725180656594474e-08,-8.917551503568088e-09,-3.8569562074493656e-09,-1.7370739795375492e-09,-6.068734909591143e-09,-3.8569562074493656e-09,-1.7370739795375492e-09,-6.068734909591143e-09,4,False,250.0
b712773f15e0f684,20270301_h250_r0_p90_y80_TPMC_N400000_S101,101,sample,1621,triangle_1621,sailWall,-0.10985000000024077,0.04546270483430646,-0.08201386723603339,1.0,-1.7798946028825172e-15,-2.934928937071098e-12,0.000987649925462086,-8.080992028387935e-14,7484.538922892781,-1319.726150268671,-3.7163699758566697e-08,6.389284327746032e-08,-1.2768109877261267e-08,4.977294645991966e-09,1.6517112664608713e-09,-5.402496875173507e-09,4.977294645991966e-09,1.6517112664608713e-09,-5.402496875173507e-09,13,False,250.0
b712773f15e0f684,20270301_h250_r0_p90_y80_TPMC_N400000_S101,101,sample,1622,triangle_1622,sailWall,-0.10985000000013344,-0.08201386723635588,-0.04546270483398406,1.0,1.5527900677339565e-15,-2.9354988570779615e-12,0.0009876499254620871,-8.080992028387935e-14,7484.538922892781,-1319.726150268671,-1.1482486559398602e-07,1.0279233796439867e-08,-4.8315494812357534e-08,4.220091127115258e-09,-1.7473425559223046e-10,-1.0721286749453469e-08,4.220091127115258e-09,-1.7473425559223046e-10,-1.0721286749453469e-08,48,False,250.0
b712773f15e0f684,20270301_h250_r0_p90_y80_TPMC_N400000_S101,101,sample,1623,triangle_1623,sailWall,-0.10984999999986655,0.0820138672363558,0.04546270483462894,1.0,1.4583079046788427e-15,-2.9351459618427054e-12,0.0009876499254620889,-8.080992028387935e-14,7484.538922892781,-1319.726150268671,-5.467366483013217e-09,3.305202102207567e-08,-5.7650276429238805e-09,-2.126824271535659e-09,-9.116320993023771e-10,-3.140891683998246e-09,-2.126824271535659e-09,-9.116320993023771e-10,-3.140891683998246e-09,2,False,250.0
b712773f15e0f684,20270301_h250_r0_p90_y80_TPMC_N400000_S101,101,sample,1624,triangle_1624,sailWall,-0.10985000000062796,0.17498075178040748,-0.21393630057893356,1.0,-6.21103721905368e-16,-2.9343779837457256e-12,0.0009408676589957998,-8.080992028387935e-14,7484.538922892781,-1319.726150268671,-2.6175224915158503e-08,1.1178121392795546e-07,-2.050328167054567e-08,2.1036301837697917e-08,3.5042530799483213e-09,-7.659396470952633e-09,2.1036301837697917e-08,3.5042530799483213e-09,-7.659396470952633e-09,6,False,250.0
b712773f15e0f684,20270301_h250_r0_p90_y80_TPMC_N400000_S101,101,sample,1625,triangle_1625,sailWall,-0.10984999999948637,0.21393626404143198,0.17498078583048127,1.0,5.504682494898843e-16,-2.9367934733803344e-12,0.0009408700771164,-8.080992028387935e-14,7484.538922892781,-1319.726150268671,-8.577527319982856e-09,5.279478793311563e-08,-1.0540620214673449e-08,-1.103465056265417e-08,-2.6015512569098065e-09,-3.990978556392173e-09,-1.103465056265417e-08,-2.6015512569098065e-09,-3.990978556392173e-09,4,False,250.0
b712773f15e0f684,20270301_h250_r0_p90_y80_TPMC_N400000_S101,101,sample,1626,triangle_1626,sailWall,-0.10984999999937206,-0.17498075178040776,0.2139363005795778,1.0,1.7876188099036326e-15,-2.933868013225462e-12,0.000940867658995783,-8.080992028387935e-14,7484.538922892781,-1319.726150268671,-2.031770156478442e-08,3.121214327252065e-08,4.016399407340015e-09,-7.0608329267398805e-09,-3.789226690447963e-09,-7.06624699137171e-09,-7.0608329267398805e-09,-3.789226690447963e-09,-7.06624699137171e-09,7,False,250.0
b712773f15e0f684,20270301_h250_r0_p90_y80_TPMC_N400000_S101,101,sample,1627,triangle_1627,sailWall,-0.10985000000051363,-0.2139362640414317,-0.1749807858298361,1.0,5.504682494886415e-16,-2.9367934733803816e-12,0.0009408700771163746,-8.080992028387935e-14,7484.538922892781,-1319.726150268671,-3.147563508532533e-08,8.993085539396409e-08,-3.2015196258808206e-08,2.2274958862611626e-08,1.7720411221267982e-09,-1.6622678602483692e-08,2.2274958862611626e-08,1.7720411221267982e-09,-1.6622678602483692e-08,14,False,250.0
b712773f15e0f684,20270301_h250_r0_p90_y80_TPMC_N400000_S101,101,sample,1628,triangle_1628,sailWall,-0.10984999999925037,-0.20177480048905017,0.2553957802730698,1.0,2.9275508875175107e-19,-2.9352111555215423e-12,0.0010023199100634703,-8.080992028387935e-14,7484.538922892781,-1319.726150268671,-1.5766508015353812e-08,1.0334876132172954e-07,-1.730715887293812e-08,-2.3174756015306004e-08,-5.992594834207392e-09,-1.4502058387481444e-08,-2.3174756015306004e-08,-5.992594834207392e-09,-1.4502058387481444e-08,6,False,250.0
b712773f15e0f684,20270301_h250_r0_p90_y80_TPMC_N400000_S101,101,sample,1629,triangle_1629,sailWall,-0.10984999999940774,0.255395397478516,0.20177595757675357,1.0,1.78551396540931e-15,-2.936481474410866e-12,0.0010023786134449677,-8.080992028387935e-14,7484.538922892781,-1319.726150268671,-2.2750056855685567e-08,1.0487259096821735e-07,-1.51325878694505e-08,-2.430212802024195e-08,-6.2537906395237364e-09,-5.777938327867575e-09,-2.430212802024195e-08,-6.2537906395237364e-09,-5.777938327867575e-09,6,False,250.0
b712773f15e0f684,20270301_h250_r0_p90_y80_TPMC_N400000_S101,101,sample,1630,triangle_1630,sailWall,-0.10985000000074963,0.20177480048904975,-0.2553957802724261,1.0,2.927550895387888e-19,-2.9352111555215552e-12,0.0010023199100634612,-8.080992028387935e-14,7484.538922892781,-1319.726150268671,-2.2728322635018698e-08,1.6625616758969494e-07,-2.906861655350722e-08,3.639299269398765e-08,2.6125810065281007e-09,-1.3621215988783716e-08,3.639299269398765e-08,2.6125810065281007e-09,-1.3621215988783716e-08,7,False,250.0
b712773f15e0f684,20270301_h250_r0_p90_y80_TPMC_N400000_S101,101,sample,1631,triangle_1631,sailWall,-0.10985000000059231,-0.2553953974785152,-0.20177595757610836,1.0,-7.368983564313055e-17,-2.934774457799139e-12,0.0010023786134449521,-8.080992028387935e-14,7484.538922892781,-1319.726150268671,-3.8450422649440535e-08,1.2997705579652796e-07,-2.652470340135282e-08,3.28659048187797e-08,4.679674707643434e-09,-2.4127075831461678e-08,3.28659048187797e-08,4.679674707643434e-09,-2.4127075831461678e-08,15,False,250.0
b712773f15e0f684,20270301_h250_r0_p90_y80_TPMC_N400000_S101,101,sample,1632,triangle_1632,sailWall,-0.10984999999863955,0.09688676019036961,0.4634939997136236,1.0,1.2354994919202176e-15,-2.933927926639129e-12,0.00109588117703937,-8.080992028387935e-14,7484.538922892781,-1319.726150268671,-3.083746857189319e-08,1.9786734705567912e-07,-4.958154847031335e-08,-9.626443201588052e-08,-1.9636365944164404e-08,-1.869495994890373e-08,-9.626443201588052e-08,-1.9636365944164404e-08,-1.869495994890373e-08,11,False,250.0
b712773f15e0f684,20270301_h250_r0_p90_y80_TPMC_N400000_S101,101,sample,1633,triangle_1633,sailWall,-0.10984999999971563,-0.46349362941092603,0.09688765324326103,1.0,-6.983753861052224e-16,-2.935037130356248e-12,0.0010958557112392495,-8.080992028387935e-14,7484.538922892781,-1319.726150268671,-3.39863093352203e-08,1.9076791658432546e-07,-3.7834302794787925e-08,-1.3323260027386913e-09,-7.477352346106673e-09,-3.661096438908486e-08,-1.3323260027386913e-09,-7.477352346106673e-09,-3.661096438908486e-08,14,False,250.0
b712773f15e0f684,20270301_h250_r0_p90_y80_TPMC_N400000_S101,101,sample,1634,triangle_1634,sailWall,-0.10985000000136047,-0.09688765324294013,-0.4634936294106031,0.9999999999999999,1.4500131587654259e-15,-2.9362047073769775e-12,0.0010958557112392357,-8.080992028387935e-14,7484.538922892781,-1319.726150268671,-1.2570967893631087e-08,9.286228855082951e-08,-1.597025751256367e-08,4.511198905048491e-08,4.1328369461915494e-09,-1.1448709705845636e-08,4.511198905048491e-08,4.1328369461915494e-09,-1.1448709705845636e-08,5,False,250.0
b712773f15e0f684,20270301_h250_r0_p90_y80_TPMC_N400000_S101,101,sample,1635,triangle_1635,sailWall,-0.10985000000028444,0.4635034650204714,-0.09689930160651926,1.0,-8.364646235060538e-17,-2.9351862558889843e-12,0.001096528367741352,-8.080992028387935e-14,7484.538922892781,-1319.726150268671,-2.3212849619108383e-09,1.7605509249374e-08,2.750469098858405e-09,3.13812208903355e-09,5.427179562546474e-10,-8.254411531731307e-10,3.13812208903355e-09,5.427179562546474e-10,-8.254411531731307e-10,1,False,250.0
b712773f15e0f684,20270301_h250_r0_p90_y80_TPMC_N400000_S101,101,sample,1636,triangle_1636,sailWall,-0.10985000000060784,0.19993502165198182,-0.20708008771715067,1.0,-4.650226089784154e-16,-2.9343258588216822e-12,0.0009852105040035976,-8.080992028387935e-14,7484.538922892781,-1319.726150268671,-2.9794869437557088e-08,1.741940031225254e-07,-3.55443568367238e-08,2.783170273165005e-08,2.06579523315156e-09,-1.3320538141916486e-08,2.783170273165005e-08,2.06579523315156e-09,-1.3320538141916486e-08,8,False,250.0
b712773f15e0f684,20270301_h250_r0_p90_y80_TPMC_N400000_S101,101,sample,1637,triangle_1637,sailWall,-0.10984999999941314,0.2070799428557496,0.19993515664955455,1.0,-6.931599759696408e-16,-2.933069562176455e-12,0.0009852208326016484,-8.080992028387935e-14,7484.538922892781,-1319.726150268671,-2.448027265073554e-08,1.4549165239779915e-07,-3.60114095832707e-08,-3.571269991619794e-08,-8.787424835366894e-09,-1.0874444580552611e-08,-3.571269991619794e-08,-8.787424835366894e-09,-1.0874444580552611e-08,7,False,250.0
b712773f15e0f684,20270301_h250_r0_p90_y80_TPMC_N400000_S101,101,sample,1638,triangle_1638,sailWall,-0.10984999999939216,-0.1999350216519823,0.20708008771779482,1.0,-2.9681214732290274e-16,-2.934564130797159e-12,0.0009852105040035952,-8.080992028387935e-14,7484.538922892781,-1319.726150268671,-3.995218147180234e-08,1.6068367876237207e-07,-2.5073695964150276e-08,-2.8146538592714463e-08,-1.0956933762941555e-08,-2.5355217000290808e-08,-2.8146538592714463e-08,-1.0956933762941555e-08,-2.5355217000290808e-08,16,False,250.0
b712773f15e0f684,20270301_h250_r0_p90_y80_TPMC_N400000_S101,101,sample,1639,triangle_1639,sailWall,-0.10985000000058691,-0.20707994285574935,-0.19993515664890918,1.0,-2.802104938630789e-17,-2.9350612492821314e-12,0.0009852208326016337,-8.080992028387935e-14,7484.538922892781,-1319.726150268671,-2.0728367238260968e-08,6.626785281668201e-08,-1.3091933145786132e-08,1.618552067985987e-08,2.736648134937629e-09,-1.1683596546881764e-08,1.618552067985987e-08,2.736648134937629e-09,-1.1683596546881764e-08,9,False,250.0
b712773f15e0f684,20270301_h250_r0_p90_y80_TPMC_N400000_S101,101,sample,1640,triangle_1640,sailWall,-0.10984999999943366,0.0011475586386729027,0.19295315064120255,1.0,9.119024111954588e-16,-2.936432892292147e-12,0.0009775857833668983,-8.080992028387935e-14,7484.538922892781,-1319.726150268671,-1.592600264483089e-08,9.351248298097617e-08,-8.935889363755762e-09,-1.7679356215949826e-08,-3.989552002496953e-09,-1.0260225851373713e-08,-1.7679356215949826e-08,-3.989552002496953e-09,-1.0260225851373713e-08,6,False,250.0
b712773f15e0f684,20270301_h250_r0_p90_y80_TPMC_N400000_S101,101,sample,1641,triangle_1641,sailWall,-0.10985000000000338,0.19295315064088017,-0.0011475586383506604,1.0,9.127727751115416e-17,-2.9352740425270466e-12,0.0009775857833668972,-8.080992028387935e-14,7484.538922892781,-1319.726150268671,0.0,0.0,0.0,0.0,0.0,0.0,0.0,0.0,0.0,0,True,250.0
b712773f15e0f684,20270301_h250_r0_p90_y80_TPMC_N400000_S101,101,sample,1642,triangle_1642,sailWall,-0.10985000000056637,-0.0011475586386731872,-0.19295315064055762,1.0,-1.4418067780382767e-15,-2.935625606877992e-12,0.000977585783366898,-8.080992028387935e-14,7484.538922892781,-1319.726150268671,-2.6810326570665848e-08,9.945895275600336e-08,-2.11655936189118e-08,2.0235034938141154e-08,2.9920720428886036e-09,-1.0920463863154264e-08,2.0235034938141154e-08,2.9920720428886036e-09,-1.0920463863154264e-08,9,False,250.0
b712773f15e0f684,20270301_h250_r0_p90_y80_TPMC_N400000_S101,101,sample,1643,triangle_1643,sailWall,-0.10984999999999663,-0.1929531506408799,0.001147558638995479,1.0,-1.3941563771738741e-16,-2.9349704929646296e-12,0.00097758578336689,-8.080992028387935e-14,7484.538922892781,-1319.726150268671,-8.208233628222401e-08,6.75427996857308e-08,-2.4346946515652038e-08,4.645014102319521e-09,-2.5945906760077666e-09,-2.3248383780282877e-08,4.645014102319521e-09,-2.5945906760077666e-09,-2.3248383780282877e-08,28,False,250.0
b712773f15e0f684,20270301_h250_r0_p90_y80_TPMC_N400000_S101,101,sample,1644,triangle_1644,sailWall,-0.10985000000071858,0.07651720489862585,-0.24481444437171396,1.0,4.769794546889583e-16,-2.935690773014976e-12,0.0009357419923838806,-8.080992028387935e-14,7484.538922892781,-1319.726150268671,-1.5156047988695454e-08,5.692929160066453e-08,-8.838881474807527e-09,1.3020997167725729e-08,2.654444764841071e-09,-5.0439284964162755e-09,1.3020997167725729e-08,2.654444764841071e-09,-5.0439284964162755e-09,4,False,250.0
b712773f15e0f684,20270301_h250_r0_p90_y80_TPMC_N400000_S101,101,sample,1645,triangle_1645,sailWall,-0.10984999999977542,0.24481444437203614,0.07651720489894816,1.0,2.6481594226380747e-16,-2.936407704409681e-12,0.000935741992383875,-8.080992028387935e-14,7484.538922892781,-1319.726150268671,-2.2633792391009205e-08,1.2375593360526498e-07,-2.3217498968477688e-08,-1.4673354373045885e-08,-4.206798011947985e-09,-8.015342238351479e-09,-1.4673354373045885e-08,-4.206798011947985e-09,-8.015342238351479e-09,6,False,250.0
b712773f15e0f684,20270301_h250_r0_p90_y80_TPMC_N400000_S101,101,sample,1646,triangle_1646,sailWall,-0.10984999999928143,-0.07651720489862629,0.2448144443723587,1.0,4.769794547004456e-16,-2.9356907730149677e-12,0.0009357419923838787,-8.080992028387935e-14,7484.538922892781,-1319.726150268671,-1.5164705026893414e-08,8.948715304606399e-08,-1.6780030806985016e-08,-2.1037595340265995e-08,-5.603214040671876e-09,-1.0981439698575804e-08,-2.1037595340265995e-08,-5.603214040671876e-09,-1.0981439698575804e-08,6,False,250.0
b712773f15e0f684,20270301_h250_r0_p90_y80_TPMC_N400000_S101,101,sample,1647,triangle_1647,sailWall,-0.1098500000002246,-0.24481444437203578,-0.07651720489830359,1.0,1.1707069077025051e-15,-2.9343297354233695e-12,0.0009357419923838652,-8.080992028387935e-14,7484.538922892781,-1319.726150268671,-2.820834507138659e-08,4.635052145190111e-08,-1.3745737300658735e-08,6.844368863962153e-09,6.096457465605331e-10,-1.2058642960205809e-08,6.844368863962153e-09,6.096457465605331e-10,-1.2058642960205809e-08,13,False,250.0
b712773f15e0f684,20270301_h250_r0_p90_y80_TPMC_N400000_S101,101,sample,1648,triangle_1648,sailWall,-0.10984999999869723,-0.15366762593852337,0.443842136854019,1.0,2.4120487826140856e-16,-2.9351817896129338e-12,0.0013218235967059038,-8.080992028387935e-14,7484.538922892781,-1319.726150268671,-2.1212296779814375e-08,1.510844125592716e-07,-3.5923990785957936e-08,-6.084038752094132e-08,-1.331287452050126e-08,-1.9827384878917765e-08,-6.084038752094132e-08,-1.331287452050126e-08,-1.9827384878917765e-08,7,False,250.0
b712773f15e0f684,20270301_h250_r0_p90_y80_TPMC_N400000_S101,101,sample,1649,triangle_1649,sailWall,-0.10985000000130275,0.1536785120190435,-0.4438380496267584,1.0,9.017998052190276e-16,-2.935534475589792e-12,0.0013217223843361157,-8.080992028387935e-14,7484.538922892781,-1319.726150268671,-1.6117166184811715e-08,1.0495888676746011e-07,-1.913139146356998e-08,4.331857777191689e-08,4.950392055187373e-09,-9.035934195428837e-09,4.331857777191689e-08,4.950392055187373e-09,-9.035934195428837e-09,5,False,250.0
b712773f15e0f684,20270301_h250_r0_p90_y80_TPMC_N400000_S101,101,sample,1650,triangle_1650,sailWall,-0.10984999999954893,0.4438380130742761,0.15367854587792573,0.9999999999999999,-8.098287898646154e-17,-2.936109585073193e-12,0.00132172461049046,-8.080992028387935e-14,7484.538922892781,-1319.726150268671,-1.704405404596464e-08,9.675041919486896e-08,-1.4989610830349633e-08,-2.18852067646408e-08,-4.3311891664126406e-09,-3.133535722315798e-09,-2.18852067646408e-08,-4.3311891664126406e-09,-3.133535722315798e-09,6,False,250.0
b712773f15e0f684,20270301_h250_r0_p90_y80_TPMC_N400000_S101,101,sample,1651,triangle_1651,sailWall,-0.1098500000004511,-0.44383801307427584,-0.15367854587728103,0.9999999999999999,-2.1782412067251904e-16,-2.9340159520349016e-12,0.0013217246104904434,-8.080992028387935e-14,7484.538922892781,-1319.726150268671,-2.2110653357531168e-08,8.026216626533589e-08,-1.6719837308403192e-08,2.0431762834629917e-08,1.6896020925993663e-09,-1.8756450411502513e-08,2.0431762834629917e-08,1.6896020925993663e-09,-1.8756450411502513e-08,8,False,250.0
b712773f15e0f684,20270301_h250_r0_p90_y80_TPMC_N400000_S101,101,sample,1652,triangle_1652,sailWall,-0.10984999999948647,-0.14851996765379208,0.17495261638608417,0.9999999999999999,1.3735218597167577e-15,-2.9333888261111685e-12,0.0009641213919782923,-8.080992028387935e-14,7484.538922892781,-1319.726150268671,-3.247200854041837e-08,1.4286124013673634e-07,-1.466277416162658e-08,-2.231504044059176e-08,-7.218468029988955e-09,-2.0578398197246053e-08,-2.231504044059176e-08,-7.218468029988955e-09,-2.0578398197246053e-08,11,False,250.0
b712773f15e0f684,20270301_h250_r0_p90_y80_TPMC_N400000_S101,101,sample,1653,triangle_1653,sailWall,-0.10985000000043597,-0.1749525771848318,-0.14852000418498096,1.0,1.6544189537073374e-15,-2.9363179538585845e-12,0.0009641229560424004,-8.080992028387935e-14,7484.538922892781,-1319.726150268671,-2.0852865964835604e-08,1.1281138036153989e-07,-2.0738429034207615e-08,1.9834466827727624e-08,7.664107873816364e-10,-1.591284196281758e-08,1.9834466827727624e-08,7.664107873816364e-10,-1.591284196281758e-08,9,False,250.0
b712773f15e0f684,20270301_h250_r0_p90_y80_TPMC_N400000_S101,101,sample,1654,triangle_1654,sailWall,-0.10984999999956406,0.1749525771848318,0.1485200041856262,1.0,-7.147633455097238e-16,-2.93671758154757e-12,0.0009641229560424036,-8.080992028387935e-14,7484.538922892781,-1319.726150268671,-2.6823708091785796e-08,1.3283531537747448e-07,-2.492806413577323e-08,-2.3528484294253028e-08,-6.542867900960044e-09,-9.904533324653025e-09,-2.3528484294253028e-08,-6.542867900960044e-09,-9.904533324653025e-09,7,False,250.0
b712773f15e0f684,20270301_h250_r0_p90_y80_TPMC_N400000_S101,101,sample,1655,triangle_1655,sailWall,-0.10985000000051358,0.14851996765379163,-0.17495261638543957,0.9999999999999999,-3.3609607022019085e-16,-2.9355001341730225e-12,0.0009641213919782913,-8.080992028387935e-14,7484.538922892781,-1319.726150268671,-1.465063235902516e-08,7.899568951757707e-08,-1.3558903287209935e-08,1.1574099672607306e-08,9.547483294394353e-10,-6.577235088153237e-09,1.1574099672607306e-08,9.547483294394353e-10,-6.577235088153237e-09,5,False,250.0
b712773f15e0f684,20270301_h250_r0_p90_y80_TPMC_N400000_S101,101,sample,1656,triangle_1656,sailWall,-0.10985000000074863,-0.36934353925111557,-0.25504470262891843,1.0,1.6257350085535793e-15,-2.935312896529871e-12,0.0010631245900376263,-8.080992028387935e-14,7484.538922892781,-1319.726150268671,-1.4867143585652009e-08,3.63546060412979e-08,-5.532976462384383e-09,1.1003565308648584e-08,3.181686819313871e-09,-9.411554274710594e-09,1.1003565308648584e-08,3.181686819313871e-09,-9.411554274710594e-09,6,False,250.0
b712773f15e0f684,20270301_h250_r0_p90_y80_TPMC_N400000_S101,101,sample,1657,triangle_1657,sailWall,-0.10984999999891583,-0.2550281476664234,0.3693609304499817,1.0,1.396401719469178e-16,-2.9359256955058283e-12,0.0010623616739016525,-8.080992028387935e-14,7484.538922892781,-1319.726150268671,-2.7856213430174702e-08,1.9586645602762823e-07,-3.472344730255818e-08,-6.36550451428092e-08,-1.4078472006685013e-08,-2.8872405623203927e-08,-6.36550451428092e-08,-1.4078472006685013e-08,-2.8872405623203927e-08,9,False,250.0
b712773f15e0f684,20270301_h250_r0_p90_y80_TPMC_N400000_S101,101,sample,1658,triangle_1658,sailWall,-0.1098499999992514,0.3693435392511157,0.2550447026295633,1.0,-2.1658165717812546e-17,-2.937054076224058e-12,0.001063124590037618,-8.080992028387935e-14,7484.538922892781,-1319.726150268671,-1.6133897389666474e-08,9.922681593819387e-08,-8.887400526314282e-09,-2.8567923190539165e-08,-5.06600388275338e-09,-4.872035105746923e-09,-2.8567923190539165e-08,-5.06600388275338e-09,-4.872035105746923e-09,6,False,250.0
b712773f15e0f684,20270301_h250_r0_p90_y80_TPMC_N400000_S101,101,sample,1659,triangle_1659,sailWall,-0.10985000000108418,0.25502814766642345,-0.36936093044933677,1.0,3.883723869423908e-16,-2.936161033761945e-12,0.0010623616739016456,-8.080992028387935e-14,7484.538922892781,-1319.726150268671,-1.4091070373002133e-08,8.500061650542832e-08,-1.547678076648142e-08,2.7630389050387242e-08,3.5164916437456082e-09,-5.617523940091973e-09,2.7630389050387242e-08,3.5164916437456082e-09,-5.617523940091973e-09,5,False,250.0
b712773f15e0f684,20270301_h250_r0_p90_y80_TPMC_N400000_S101,101,sample,1660,triangle_1660,sailWall,-0.10984999999839463,-0.050008458337465124,0.5469355120869303,0.9999999999999999,-6.949884639366374e-16,-2.935914700716683e-12,0.0008149359696463282,-8.080992028387935e-14,7484.538922892781,-1319.726150268671,-2.502048941395988e-08,1.601544704887244e-07,-3.245543642465552e-08,-8.628975091019751e-08,-1.731176033813963e-08,-1.887033994490916e-08,-8.628975091019751e-08,-1.731176033813963e-08,-1.887033994490916e-08,9,False,250.0
b712773f15e0f684,20270301_h250_r0_p90_y80_TPMC_N400000_S101,101,sample,1661,triangle_1661,sailWall,-0.10984999999985207,0.54682745292552,0.05041537954330094,1.0,1.673394709015196e-16,-2.9351565489637945e-12,0.0008305077042568839,-8.080992028387935e-14,7484.538922892781,-1319.726150268671,-1.4403547392170179e-08,9.040521026419782e-08,-1.6952065037119746e-08,-1.422636072761497e-08,-2.619951919335679e-09,-1.9555526396517153e-09,-1.422636072761497e-08,-2.619951919335679e-09,-1.9555526396517153e-09,5,False,250.0
b712773f15e0f684,20270301_h250_r0_p90_y80_TPMC_N400000_S101,101,sample,1662,triangle_1662,sailWall,-0.10985000000014795,-0.5468274529255199,-0.05041537954265699,1.0,-1.6685975532079691e-15,-2.935639837903071e-12,0.0008305077042568714,-8.080992028387935e-14,7484.538922892781,-1319.726150268671,-1.8264858691029635e-08,6.067170145259165e-08,-1.1660595487513566e-08,9.38581177302683e-09,-4.1043639484488394e-10,-1.6588071314532915e-08,9.38581177302683e-09,-4.1043639484488394e-10,-1.6588071314532915e-08,7,False,250.0
b712773f15e0f684,20270301_h250_r0_p90_y80_TPMC_N400000_S101,101,sample,1663,triangle_1663,sailWall,-0.10985000000160507,0.050415379508816444,-0.5468274529620779,1.0,3.45391202979299e-16,-2.93644957671316e-12,0.000830507700667166,-8.080992028387935e-14,7484.538922892781,-1319.726150268671,-9.090689977925271e-09,3.5711579787676906e-08,-6.94635651486019e-09,1.907012192796635e-08,4.183962324513992e-09,-3.516444354269405e-09,1.907012192796635e-08,4.183962324513992e-09,-3.516444354269405e-09,3,False,250.0
b712773f15e0f684,20270301_h250_r0_p90_y80_TPMC_N400000_S101,101,sample,1664,triangle_1664,sailWall,-0.10984999999941043,-0.1540585874328253,0.2008698366176858,0.9999999999999999,1.4184011274588729e-15,-2.9336548945487656e-12,0.0009299692219040105,-8.080992028387935e-14,7484.538922892781,-1319.726150268671,-2.2831254506640167e-08,5.7462323799231406e-08,-1.146800856064964e-08,-9.803619065700283e-09,-5.846279144062906e-09,-9.851359571763873e-09,-9.803619065700283e-09,-5.846279144062906e-09,-9.851359571763873e-09,9,False,250.0
b712773f15e0f684,20270301_h250_r0_p90_y80_TPMC_N400000_S101,101,sample,1665,triangle_1665,sailWall,-0.10985000000058963,0.15405858743282494,-0.20086983661704125,1.0,-5.150498659899564e-16,-2.9344391998209725e-12,0.0009299692219040031,-8.080992028387935e-14,7484.538922892781,-1319.726150268671,-2.3436699095716483e-08,1.189222253322313e-07,-1.4330470687354325e-08,2.1613575071427163e-08,3.188214589172472e-09,-9.484391232467805e-09,2.1613575071427163e-08,3.188214589172472e-09,-9.484391232467805e-09,6,False,250.0
b712773f15e0f684,20270301_h250_r0_p90_y80_TPMC_N400000_S101,101,sample,1666,triangle_1666,sailWall,-0.1098500000004522,-0.20086979741643315,-0.15405862396401424,1.0,7.354748227955372e-16,-2.936472959034614e-12,0.0009299721838217898,-8.080992028387935e-14,7484.538922892781,-1319.726150268671,-3.065170202399726e-08,1.4041090442776214e-07,-2.99878794510496e-08,2.788771526539468e-08,1.416763057206497e-09,-2.152458237264107e-08,2.788771526539468e-08,1.416763057206497e-09,-2.152458237264107e-08,10,False,250.0
b712773f15e0f684,20270301_h250_r0_p90_y80_TPMC_N400000_S101,101,sample,1667,triangle_1667,sailWall,-0.10984999999954781,0.2008697974164333,0.15405862396465933,1.0,7.354748227622412e-16,-2.936472959034626e-12,0.0009299721838217916,-8.080992028387935e-14,7484.538922892781,-1319.726150268671,-1.1015813049437489e-08,5.201513044652237e-08,-1.1083688383447011e-08,-1.038239384289159e-08,-2.91709498805026e-09,-3.4653935797104876e-09,-1.038239384289159e-08,-2.91709498805026e-09,-3.4653935797104876e-09,4,False,250.0
b712773f15e0f684,20270301_h250_r0_p90_y80_TPMC_N400000_S101,101,sample,1668,triangle_1668,sailWall,-0.10984999999999456,0.5507541778741769,0.001849294987671631,1.0,-7.576210173016133e-16,-2.9337946770698584e-12,0.00102796662495316,-8.080992028387935e-14,7484.538922892781,-1319.726150268671,-3.955999751784669e-09,4.9544438458389545e-08,-1.2869186912593364e-08,-7.417156281286165e-09,-1.4413037417869704e-09,-3.2549334384694343e-09,-7.417156281286165e-09,-1.4413037417869704e-09,-3.2549334384694343e-09,2,False,250.0
b712773f15e0f684,20270301_h250_r0_p90_y80_TPMC_N400000_S101,101,sample,1669,triangle_1669,sailWall,-0.1098500000016166,0.001849148692768637,-0.5507541063036242,1.0,-9.609470212259491e-16,-2.9356224327766434e-12,0.001027961003549831,-8.080992028387935e-14,7484.538922892781,-1319.726150268671,-1.931488807600876e-08,1.1860306978981604e-07,-2.3460504870275788e-08,6.51076491225275e-08,8.030758206464871e-09,-1.3005298513649616e-08,6.51076491225275e-08,8.030758206464871e-09,-1.3005298513649616e-08,6,False,250.0
b712773f15e0f684,20270301_h250_r0_p90_y80_TPMC_N400000_S101,101,sample,1670,triangle_1670,sailWall,-0.10985000000000544,-0.5507541063039462,-0.001849148692448753,1.0,-7.903078169415944e-16,-2.9337947315135312e-12,0.001027961003549817,-8.080992028387935e-14,7484.538922892781,-1319.726150268671,-2.9360341220131636e-08,1.6614085247039882e-07,-2.961584420470383e-08,1.4745900929694603e-08,-3.470901948479573e-09,-3.437821435030407e-08,1.4745900929694603e-08,-3.470901948479573e-09,-3.437821435030407e-08,10,False,250.0
b712773f15e0f684,20270301_h250_r0_p90_y80_TPMC_N400000_S101,101,sample,1671,triangle_1671,sailWall,-0.10985000000078937,0.417830295231155,-0.2689271595742196,1.0,1.0965246242036688e-16,-2.93535035543946e-12,0.0010153416601565012,-8.080992028387935e-14,7484.538922892781,-1319.726150268671,-1.1720706372217088e-08,8.76673524241734e-08,-1.9100290253644385e-08,1.6117473591985384e-08,1.0677825014329965e-09,-4.671291246166742e-09,1.6117473591985384e-08,1.0677825014329965e-09,-4.671291246166742e-09,5,False,250.0
b712773f15e0f684,20270301_h250_r0_p90_y80_TPMC_N400000_S101,101,sample,1672,triangle_1672,sailWall,-0.10985000000122647,-0.2689294738705025,-0.41784236428726224,1.0,8.427056691775834e-16,-2.9366420651236508e-12,0.0010145411130432153,-8.080992028387935e-14,7484.538922892781,-1319.726150268671,-2.3261930726571327e-08,1.1961080708070362e-07,-1.2050530858552445e-08,5.3483416835516797e-08,8.487048742245173e-09,-1.9350144261509475e-08,5.3483416835516797e-08,8.487048742245173e-09,-1.9350144261509475e-08,6,False,250.0
b712773f15e0f684,20270301_h250_r0_p90_y80_TPMC_N400000_S101,101,sample,1673,triangle_1673,sailWall,-0.10984999999877358,0.2689294738705023,0.4178423642879074,1.0,7.109936439196506e-16,-2.9341556980305593e-12,0.001014541113043213,-8.080992028387935e-14,7484.538922892781,-1319.726150268671,-2.2096980166849006e-08,1.3150775851926006e-07,-3.095418239085547e-08,-6.266725609379252e-08,-1.2525416438065452e-08,-8.42181864462501e-09,-6.266725609379252e-08,-1.2525416438065452e-08,-8.42181864462501e-09,7,False,250.0
b712773f15e0f684,20270301_h250_r0_p90_y80_TPMC_N400000_S101,101,sample,1674,triangle_1674,sailWall,-0.10984999999921063,-0.41783029052234716,0.26892716549503454,1.0,4.293420286320258e-16,-2.9352960337030455e-12,0.0010153415927346425,-8.080992028387935e-14,7484.538922892781,-1319.726150268671,-2.6653957481483357e-08,1.3352781378228595e-07,-2.3776495416702517e-08,-2.5902723168434826e-08,-9.8380888714193e-09,-2.586258352833857e-08,-2.5902723168434826e-08,-9.8380888714193e-09,-2.586258352833857e-08,11,False,250.0
b712773f15e0f684,20270301_h250_r0_p90_y80_TPMC_N400000_S101,101,sample,1675,triangle_1675,sailWall,-0.10984999999838392,-0.00181806352868191,0.5505873284318488,1.0,9.741695409871122e-16,-2.935051338567868e-12,0.001015022613694596,-8.080992028387935e-14,7484.538922892781,-1319.726150268671,-3.7257193029849745e-08,1.8473518765290682e-07,-4.1787278422373196e-08,-1.0285941656262339e-07,-2.531655389660696e-08,-2.045517403913915e-08,-1.0285941656262339e-07,-2.531655389660696e-08,-2.045517403913915e-08,10,False,250.0
b712773f15e0f684,20270301_h250_r0_p90_y80_TPMC_N400000_S101,101,sample,1676,triangle_1676,sailWall,-0.10984999999822616,-9.945924928400744e-05,0.6043427241634696,1.0,-6.933343223623223e-16,-2.9349300647304585e-12,0.0010209535925091197,-8.080992028387935e-14,7484.538922892781,-1319.726150268671,-1.0452082131590724e-08,5.35274273065306e-08,-7.699927039630553e-09,-3.215773911983056e-08,-7.115584091623981e-09,-5.851265493457386e-09,-3.215773911983056e-08,-7.115584091623981e-09,-5.851265493457386e-09,3,False,250.0
b712773f15e0f684,20270301_h250_r0_p90_y80_TPMC_N400000_S101,101,sample,1677,triangle_1677,sailWall,-0.10984999999932843,-0.38490873400446607,0.2288011073656551,0.9999999999999999,8.817419391909181e-18,-2.9357478989680638e-12,0.0009138233373408252,-8.080992028387935e-14,7484.538922892781,-1319.726150268671,-2.585717445141907e-08,1.0646061852658357e-07,-1.7515920048979227e-08,-1.820651508591321e-08,-7.943262548617593e-09,-2.163610421423792e-08,-1.820651508591321e-08,-7.943262548617593e-09,-2.163610421423792e-08,9,False,250.0
b712773f15e0f684,20270301_h250_r0_p90_y80_TPMC_N400000_S101,101,sample,1678,triangle_1678,sailWall,-0.10985000000112984,-0.22880341574112395,-0.38492080776938026,1.0,-5.772771069953717e-16,-2.9337199503802928e-12,0.0009144220853699544,-8.080992028387935e-14,7484.538922892781,-1319.726150268671,-2.447096299934781e-08,1.5603776944955887e-07,-2.2341124016610145e-08,6.57271597161832e-08,7.060608149872508e-09,-2.268684388775129e-08,6.57271597161832e-08,7.060608149872508e-09,-2.268684388775129e-08,10,False,250.0
b712773f15e0f684,20270301_h250_r0_p90_y80_TPMC_N400000_S101,101,sample,1679,triangle_1679,sailWall,-0.1098499999988702,0.2288034157411231,0.38492080777002585,1.0,-6.909649110326533e-16,-2.936301389666056e-12,0.0009144220853699529,-8.080992028387935e-14,7484.538922892781,-1319.726150268671,-3.0262999171568595e-08,1.786902255117915e-07,-3.261504870951364e-08,-7.641774590708767e-08,-1.5262240206193596e-08,-1.278917054066151e-08,-7.641774590708767e-08,-1.5262240206193596e-08,-1.278917054066151e-08,9,False,250.0
b712773f15e0f684,20270301_h250_r0_p90_y80_TPMC_N400000_S101,101,sample,1680,triangle_1680,sailWall,-0.10985000000067158,0.38490884724942037,-0.2288009649872896,1.0,2.169910187578778e-16,-2.9360156316009196e-12,0.0009138349346008506,-8.080992028387935e-14,7484.538922892781,-1319.726150268671,-1.978937287671469e-08,1.189833472087804e-07,-2.2227581076766213e-08,1.866007771806442e-08,2.1006949567951014e-09,-5.40648844891754e-09,1.866007771806442e-08,2.1006949567951014e-09,-5.40648844891754e-09,7,False,250.0
b712773f15e0f684,20270301_h250_r0_p90_y80_TPMC_N400000_S101,101,sample,1681,triangle_1681,sailWall,-0.1098500000002209,-0.5482451318008171,-0.07525203685426217,1.0,-1.858072742852844e-15,-2.9370395863523696e-12,0.0009351172297869725,-8.080992028387935e-14,7484.538922892781,-1319.726150268671,-1.97995019463993e-08,7.306842488181232e-08,-1.510879956913506e-08,1.3677520622068571e-08,-2.8367771977450645e-10,-1.9076770079040524e-08,1.3677520622068571e-08,-2.8367771977450645e-10,-1.9076770079040524e-08,7,False,250.0
b712773f15e0f684,20270301_h250_r0_p90_y80_TPMC_N400000_S101,101,sample,1682,triangle_1682,sailWall,-0.10984999999977917,0.5482451318008174,0.0752520368549066,1.0,1.5938223783715975e-16,-2.935215333043458e-12,0.0009351172297869801,-8.080992028387935e-14,7484.538922892781,-1319.726150268671,-1.997125472583754e-08,1.2411398307243075e-07,-3.220112708696793e-08,-2.679838834705742e-08,-5.009363822490129e-09,-2.7840045279225913e-09,-2.679838834705742e-08,-5.009363822490129e-09,-2.7840045279225913e-09,7,False,250.0
b712773f15e0f684,20270301_h250_r0_p90_y80_TPMC_N400000_S101,101,sample,1683,triangle_1683,sailWall,-0.10985000000160923,0.07525203682042254,-0.5482451318373749,1.0,7.693174143099906e-17,-2.9364132370360452e-12,0.0009351172290368938,-8.080992028387935e-14,7484.538922892781,-1319.726150268671,-4.1965475277145125e-08,2.18579280487353e-07,-4.004519139944778e-08,1.1737150149571997e-07,1.8692474877655053e-08,-2.10574955534625e-08,1.1737150149571997e-07,1.8692474877655053e-08,-2.10574955534625e-08,12,False,250.0
b712773f15e0f684,20270301_h250_r0_p90_y80_TPMC_N400000_S101,101,sample,1684,triangle_1684,sailWall,-0.10984999999839046,-0.07483751204148513,0.5483567374213122,1.0,2.4130253916316573e-16,-2.9360310758922352e-12,0.0009532184127188546,-8.080992028387935e-14,7484.538922892781,-1319.726150268671,-1.8091650329161558e-08,8.705427811019105e-08,-1.9978675517358836e-08,-4.658399502525514e-08,-1.2170693981688447e-08,-1.0781569745293635e-08,-4.658399502525514e-08,-1.2170693981688447e-08,-1.0781569745293635e-08,5,False,250.0
b712773f15e0f684,20270301_h250_r0_p90_y80_TPMC_N400000_S101,101,sample,1685,triangle_1685,sailWall,-0.10984999999838896,0.0734458953418134,0.5488644890276381,1.0,1.3358136817967059e-15,-2.9351584500751285e-12,0.0009550210788701612,-8.080992028387935e-14,7484.538922892781,-1319.726150268671,-1.4067980213634187e-08,6.970347127894431e-08,-1.1112178205439362e-08,-3.930462043227934e-08,-8.976694163453918e-09,-6.535874660993063e-09,-3.930462043227934e-08,-8.976694163453918e-09,-6.535874660993063e-09,4,False,250.0
b712773f15e0f684,20270301_h250_r0_p90_y80_TPMC_N400000_S101,101,sample,1686,triangle_1686,sailWall,-0.10985000000161144,-0.07332582084035479,-0.5489951894095398,0.9999999999999999,1.414084071714326e-15,-2.935256411944767e-12,0.0009658182874029288,-8.080992028387935e-14,7484.538922892781,-1319.726150268671,-2.4597996415234674e-08,1.1734827356034366e-07,-1.87609052132554e-08,6.562289732992174e-08,1.1382808281174213e-08,-1.4640288454675477e-08,6.562289732992174e-08,1.1382808281174213e-08,-1.4640288454675477e-08,7,False,250.0
b712773f15e0f684,20270301_h250_r0_p90_y80_TPMC_N400000_S101,101,sample,1687,triangle_1687,sailWall,-0.10985000000021516,0.5489999989293668,-0.0733159898442939,0.9999999999999999,-3.3337711609132904e-16,-2.9350068315641917e-12,0.0009653138398764233,-8.080992028387935e-14,7484.538922892781,-1319.726150268671,-1.4296840605309214e-09,1.4974698997546239e-09,-2.212757513016835e-10,-4.807035753585095e-13,8.837110053769205e-11,6.0115180502339e-10,-4.807035753585095e-13,8.837110053769205e-11,6.0115180502339e-10,1,False,250.0
b712773f15e0f684,20270301_h250_r0_p90_y80_TPMC_N400000_S101,101,sample,1688,triangle_1688,sailWall,-0.1098499999997848,-0.5489951894098628,0.07332582084067608,0.9999999999999999,-5.3772847857004e-16,-2.9352605570046297e-12,0.0009658182874029333,-8.080992028387935e-14,7484.538922892781,-1319.726150268671,-1.2353251379182212e-08,3.3768018254049885e-08,-9.441129661022828e-09,2.433982298188728e-09,-2.0789119492129323e-09,-1.0423320139704371e-08,2.433982298188728e-09,-2.0789119492129323e-09,-1.0423320139704371e-08,5,False,250.0
b712773f15e0f684,20270301_h250_r0_p90_y80_TPMC_N400000_S101,101,sample,1689,triangle_1689,sailWall,-0.1098500000000029,-0.6049228648931663,-0.000977377055002726,1.0,-8.366799232520414e-17,-2.9347769696414036e-12,0.0010232989691724105,-8.080992028387935e-14,7484.538922892781,-1319.726150268671,-2.706852131206122e-08,1.587352948612876e-07,-2.7540782217987898e-08,1.73422155492719e-08,-2.9302065709098215e-09,-3.3784860807461616e-08,1.73422155492719e-08,-2.9302065709098215e-09,-3.3784860807461616e-08,10,False,250.0
b712773f15e0f684,20270301_h250_r0_p90_y80_TPMC_N400000_S101,101,sample,1690,triangle_1690,sailWall,-0.10984999999999713,0.6049229364633972,0.0009775233502268277,1.0,1.0095622844920692e-15,-2.9367659142230292e-12,0.0010232937411348512,-8.080992028387935e-14,7484.538922892781,-1319.726150268671,-1.0873569134509357e-08,4.9623237037608534e-08,-7.900198260910283e-09,-5.29965205160623e-09,-9.910233724633743e-10,1.1191017740487615e-09,-5.29965205160623e-09,-9.910233724633743e-10,1.1191017740487615e-09,3,False,250.0
b712773f15e0f684,20270301_h250_r0_p90_y80_TPMC_N400000_S101,101,sample,1691,triangle_1691,sailWall,-0.1098500000017756,0.0009773770553243844,-0.6049228648928439,1.0,4.678815315346635e-16,-2.9350243407861057e-12,0.0010232989691723953,-8.080992028387935e-14,7484.538922892781,-1319.726150268671,-2.3754534744915132e-08,1.3362709920399883e-07,-2.859988789143243e-08,8.124980463263223e-08,1.1308812849004185e-08,-1.4649738240186533e-08,8.124980463263223e-08,1.1308812849004185e-08,-1.4649738240186533e-08,8,False,250.0
b712773f15e0f684,20270301_h250_r0_p90_y80_TPMC_N400000_S101,101,sample,1692,triangle_1692,sailWall,-0.10985000000075051,0.28172121196558225,-0.25568877693946246,1.0,1.847512443884998e-15,-2.9345919039076862e-12,0.0006911748102298375,-8.080992028387935e-14,7484.538922892781,-1319.726150268671,-2.1343829083482235e-09,1.6829230705543884e-08,-5.629825508668309e-09,2.499994762288415e-09,-1.0782323730508693e-10,-1.2701154265979706e-09,2.499994762288415e-09,-1.0782323730508693e-10,-1.2701154265979706e-09,1,False,250.0
b712773f15e0f684,20270301_h250_r0_p90_y80_TPMC_N400000_S101,101,sample,1693,triangle_1693,sailWall,-0.10984999999924953,-0.2817212119655828,0.25568877694010705,1.0,-7.579035793411593e-16,-2.9347052634594897e-12,0.000691174810229836,-8.080992028387935e-14,7484.538922892781,-1319.726150268671,-2.3864697483815345e-08,1.2487226025995867e-07,-2.0633011881446388e-08,-2.652796241628213e-08,-8.48482376429329e-09,-2.067262558138271e-08,-2.652796241628213e-08,-8.48482376429329e-09,-2.067262558138271e-08,9,False,250.0
b712773f15e0f684,20270301_h250_r0_p90_y80_TPMC_N400000_S101,101,sample,1694,triangle_1694,sailWall,-0.10985000000082706,-0.25568263139025343,-0.28176092374484146,1.0,5.953984756844452e-16,-2.9356923116897464e-12,0.0006928614076259685,-8.080992028387935e-14,7484.538922892781,-1319.726150268671,-1.6954488162014203e-08,2.8344182805228646e-08,-1.3125046840167876e-08,1.0895593160301865e-08,3.298514628918384e-09,-7.528378097957383e-09,1.0895593160301865e-08,3.298514628918384e-09,-7.528378097957383e-09,7,False,250.0
b712773f15e0f684,20270301_h250_r0_p90_y80_TPMC_N400000_S101,101,sample,1695,triangle_1695,sailWall,-0.10984999999917296,0.25568263139025316,0.2817609237454868,1.0,4.966627293936375e-16,-2.9334628055613153e-12,0.0006928614076259626,-8.080992028387935e-14,7484.538922892781,-1319.726150268671,-5.947711424348748e-09,3.468721212002679e-08,-2.1094094975170717e-09,-1.0665069533280041e-08,-1.9844334622287046e-09,-2.24489020461462e-09,-1.0665069533280041e-08,-1.9844334622287046e-09,-2.24489020461462e-09,2,False,250.0
b712773f15e0f684,20270301_h250_r0_p90_y80_TPMC_N400000_S101,101,sample,1696,triangle_1696,sailWall,-0.10985000000067342,-0.379941624651613,-0.22943332721233456,0.9999999999999999,1.7481763750376916e-15,-2.9356611631138467e-12,0.000828825626205209,-8.080992028387935e-14,7484.538922892781,-1319.726150268671,-2.2916847884516385e-08,9.801384645733157e-08,-1.8699117018626872e-08,3.017571377578972e-08,3.302414363882215e-09,-1.9521419318973736e-08,3.017571377578972e-08,3.302414363882215e-09,-1.9521419318973736e-08,9,False,250.0
b712773f15e0f684,20270301_h250_r0_p90_y80_TPMC_N400000_S101,101,sample,1697,triangle_1697,sailWall,-0.1098499999993266,0.37994162465161335,0.2294333272129794,1.0,-6.414972741080391e-16,-2.9352910344099015e-12,0.0008288256262052057,-8.080992028387935e-14,7484.538922892781,-1319.726150268671,-6.0022415042628734e-09,2.9911397997572156e-08,-7.849441508433927e-09,-1.0222117103512362e-08,-2.3013818970575303e-09,-9.531804675681804e-10,-1.0222117103512362e-08,-2.3013818970575303e-09,-9.531804675681804e-10,1,False,250.0
b712773f15e0f684,20270301_h250_r0_p90_y80_TPMC_N400000_S101,101,sample,1698,triangle_1698,sailWall,-0.10984999999888477,-0.22942501938798746,0.3799498424474086,1.0,1.457928812281063e-15,-2.9354617057426706e-12,0.0008285839204955287,-8.080992028387935e-14,7484.538922892781,-1319.726150268671,-1.6779463796524964e-08,1.0312106536849121e-07,-1.872003913917506e-08,-3.5543566781135284e-08,-8.54824810203627e-09,-1.5236151980304493e-08,-3.5543566781135284e-08,-8.54824810203627e-09,-1.5236151980304493e-08,5,False,250.0
b712773f15e0f684,20270301_h250_r0_p90_y80_TPMC_N400000_S101,101,sample,1699,triangle_1699,sailWall,-0.10985000000111524,0.22942541676207764,-0.3799495872430411,1.0,1.3467909024536934e-15,-2.9358237052237086e-12,0.000828552510305927,-8.080992028387935e-14,7484.538922892781,-1319.726150268671,-2.3663675936023243e-08,1.262850224155424e-07,-1.9201846977465102e-08,4.364003605801826e-08,6.855210392770375e-09,-8.486790003968134e-09,4.364003605801826e-08,6.855210392770375e-09,-8.486790003968134e-09,6,False,250.0
b712773f15e0f684,20270301_h250_r0_p90_y80_TPMC_N400000_S101,101,sample,1700,triangle_1700,sailWall,-0.10984999999858099,-0.11959722872178923,0.4834455568448188,1.0,1.8976981900152345e-15,-2.935382538396818e-12,0.0010498936312175703,-8.080992028387935e-14,7484.538922892781,-1319.726150268671,-3.921160067216713e-09,1.502575634762782e-08,-3.913028857953144e-09,-6.510574239701447e-09,-2.250662575516175e-09,-2.118283319126668e-09,-6.510574239701447e-09,-2.250662575516175e-09,-2.118283319126668e-09,1,False,250.0
b712773f15e0f684,20270301_h250_r0_p90_y80_TPMC_N400000_S101,101,sample,1701,triangle_1701,sailWall,-0.10985000000141903,0.11961046425271664,-0.48344728563047196,1.0,-4.538075113546163e-16,-2.936085340117294e-12,0.0010498019960955365,-8.080992028387935e-14,7484.538922892781,-1319.726150268671,-2.2106375657450595e-08,1.2241469991543977e-07,-1.6644105327679365e-08,5.705455966471252e-08,8.754261132802528e-09,-1.0691983861877393e-08,5.705455966471252e-08,8.754261132802528e-09,-1.0691983861877393e-08,6,False,250.0
b712773f15e0f684,20270301_h250_r0_p90_y80_TPMC_N400000_S101,101,sample,1702,triangle_1702,sailWall,-0.10984999999964896,0.48344727897195017,0.11961047042107131,1.0,2.787790353398576e-16,-2.935434568863993e-12,0.001049802429364104,-8.080992028387935e-14,7484.538922892781,-1319.726150268671,-2.3546403308450946e-08,1.296608266014739e-07,-1.9810978328902583e-08,-2.509714904073439e-08,-5.010701860987031e-09,-2.928583294252044e-09,-2.509714904073439e-08,-5.010701860987031e-09,-2.928583294252044e-09,7,False,250.0
b712773f15e0f684,20270301_h250_r0_p90_y80_TPMC_N400000_S101,101,sample,1703,triangle_1703,sailWall,-0.10985000000035113,-0.48344727897194995,-0.11961047042042684,1.0,1.9115729954157281e-16,-2.935098457316226e-12,0.0010498024293640943,-8.080992028387935e-14,7484.538922892781,-1319.726150268671,-2.0560030774293582e-08,1.160085004523327e-07,-2.2034884567525936e-08,2.47588225268758e-08,1.0209245168642291e-10,-2.2649447646135685e-08,2.47588225268758e-08,1.0209245168642291e-10,-2.2649447646135685e-08,9,False,250.0
b712773f15e0f684,20270301_h250_r0_p90_y80_TPMC_N400000_S101,101,sample,1704,triangle_1704,sailWall,-0.10984999999860053,0.07146472809672892,0.47678634689621696,1.0,1.4678255819818683e-15,-2.934018435254618e-12,0.0010009226239830772,-8.080992028387935e-14,7484.538922892781,-1319.726150268671,-1.6674938173015237e-08,1.1295699257217035e-07,-2.2181909692163297e-08,-5.5474956851348214e-08,-1.0401454827141931e-08,-1.1297293349138497e-08,-5.5474956851348214e-08,-1.0401454827141931e-08,-1.1297293349138497e-08,6,False,250.0
b712773f15e0f684,20270301_h250_r0_p90_y80_TPMC_N400000_S101,101,sample,1705,triangle_1705,sailWall,-0.10984999999979027,-0.47678607885760216,0.07146598923405546,1.0,-8.93250265975916e-16,-2.9355372738184164e-12,0.0010009347066514533,-8.080992028387935e-14,7484.538922892781,-1319.726150268671,-2.162699747892757e-08,7.630605386851005e-08,-2.2720906064767483e-08,5.755722708746117e-09,-3.945846846330359e-09,-1.870466991721963e-08,5.755722708746117e-09,-3.945846846330359e-09,-1.870466991721963e-08,9,False,250.0
b712773f15e0f684,20270301_h250_r0_p90_y80_TPMC_N400000_S101,101,sample,1706,triangle_1706,sailWall,-0.1098500000013995,-0.07146598923373489,-0.4767860788572795,1.0,-7.832591628105236e-16,-2.9353345396984905e-12,0.0010009347066514333,-8.080992028387935e-14,7484.538922892781,-1319.726150268671,-1.592546296649332e-08,9.62481184319241e-08,-2.1744308603202782e-08,4.8149537990863124e-08,5.319554822801634e-09,-1.175370134731212e-08,4.8149537990863124e-08,5.319554822801634e-09,-1.175370134731212e-08,4,False,250.0
b712773f15e0f684,20270301_h250_r0_p90_y80_TPMC_N400000_S101,101,sample,1707,triangle_1707,sailWall,-0.10985000000021038,0.47690183903373673,-0.07166632626526903,1.0,-1.1468347183944714e-16,-2.935265726966962e-12,0.0009926669677002573,-8.080992028387935e-14,7484.538922892781,-1319.726150268671,0.0,0.0,0.0,0.0,0.0,0.0,0.0,0.0,0.0,0,True,250.0
b712773f15e0f684,20270301_h250_r0_p90_y80_TPMC_N400000_S101,101,sample,1708,triangle_1708,sailWall,-0.1098499999996256,0.21454878951925502,0.1275576681682368,1.0,-3.203501682009272e-16,-2.9347297276123424e-12,0.000942460943917392,-8.080992028387935e-14,7484.538922892781,-1319.726150268671,-2.0527232223788223e-08,1.1929837750377486e-07,-1.5053122522002253e-08,-1.7968057279949035e-08,-4.2323132962010755e-09,-8.809643627392514e-09,-1.7968057279949035e-08,-4.2323132962010755e-09,-8.809643627392514e-09,6,False,250.0
b712773f15e0f684,20270301_h250_r0_p90_y80_TPMC_N400000_S101,101,sample,1709,triangle_1709,sailWall,-0.10985000000062978,0.1275576656861541,-0.2145487921820396,1.0,5.786968117602183e-16,-2.9337767486317166e-12,0.000942460717013917,-8.080992028387935e-14,7484.538922892781,-1319.726150268671,-3.0606785016357005e-08,9.429122903971752e-08,-2.980074491270857e-08,1.630948751751679e-08,3.362793217249075e-09,-6.315188010253924e-09,1.630948751751679e-08,3.362793217249075e-09,-6.315188010253924e-09,11,False,250.0
b712773f15e0f684,20270301_h250_r0_p90_y80_TPMC_N400000_S101,101,sample,1710,triangle_1710,sailWall,-0.1098499999993703,-0.12755766568615437,0.21454879218268422,1.0,-1.0269928732197064e-15,-2.9351359999974987e-12,0.000942460717013917,-8.080992028387935e-14,7484.538922892781,-1319.726150268671,-1.6728904759044766e-08,8.739096861148335e-08,-5.008874928978369e-09,-1.757078241167348e-08,-4.050486057644132e-09,-1.1834866977706007e-08,-1.757078241167348e-08,-4.050486057644132e-09,-1.1834866977706007e-08,4,False,250.0
b712773f15e0f684,20270301_h250_r0_p90_y80_TPMC_N400000_S101,101,sample,1711,triangle_1711,sailWall,-0.10985000000037441,-0.2145487895192547,-0.1275576681675918,1.0,-3.203501681624258e-16,-2.9347297276123384e-12,0.0009424609439173871,-8.080992028387935e-14,7484.538922892781,-1319.726150268671,-2.966924313507789e-08,4.330750174751245e-08,-1.4722709474979228e-08,8.526587814802176e-09,2.174049504900411e-09,-1.1058447102490524e-08,8.526587814802176e-09,2.174049504900411e-09,-1.1058447102490524e-08,10,False,250.0
b712773f15e0f684,20270301_h250_r0_p90_y80_TPMC_N400000_S101,101,sample,1712,triangle_1712,sailWall,-0.10984999999993579,0.1524136444374616,0.021876616583047664,1.0,-3.7096484350048944e-16,-2.9336629797804395e-12,0.0008931810066757831,-8.080992028387935e-14,7484.538922892781,-1319.726150268671,0.0,0.0,0.0,0.0,0.0,0.0,0.0,0.0,0.0,0,True,250.0
b712773f15e0f684,20270301_h250_r0_p90_y80_TPMC_N400000_S101,101,sample,1713,triangle_1713,sailWall,-0.10984999999955264,-0.021876616582725276,0.15241364443778402,1.0,-7.976131257593338e-16,-2.9336873352009984e-12,0.0008931810066757757,-8.080992028387935e-14,7484.538922892781,-1319.726150268671,-1.624059986548596e-08,7.402658409527268e-08,-1.3034571353388097e-08,-1.1143751033134296e-08,-3.900273444010371e-09,-8.422190449611168e-09,-1.1143751033134296e-08,-3.900273444010371e-09,-8.422190449611168e-09,5,False,250.0
b712773f15e0f684,20270301_h250_r0_p90_y80_TPMC_N400000_S101,101,sample,1714,triangle_1714,sailWall,-0.10985000000044737,0.021876616582725106,-0.15241364443713903,0.9999999999999999,-1.1011288558665328e-15,-2.9338136443238726e-12,0.0008931810066757741,-8.080992028387935e-14,7484.538922892781,-1319.726150268671,-2.671146513771375e-08,9.874166878033485e-08,-2.740099729192088e-08,1.4388460373592668e-08,1.0800426396979117e-09,-1.026190031673384e-08,1.4388460373592668e-08,1.0800426396979117e-09,-1.026190031673384e-08,11,False,250.0
b712773f15e0f684,20270301_h250_r0_p90_y80_TPMC_N400000_S101,101,sample,1715,triangle_1715,sailWall,-0.10985000000006422,-0.1524136444374614,-0.02187661658240268,0.9999999999999999,-1.1831217470526268e-16,-2.9334165295619664e-12,0.0008931810066757663,-8.080992028387935e-14,7484.538922892781,-1319.726150268671,-8.454145670461321e-08,1.2150689989425745e-07,-3.2133358562486975e-08,7.964100021414045e-09,-1.55749939094533e-09,-2.6194683455221965e-08,7.964100021414045e-09,-1.55749939094533e-09,-2.6194683455221965e-08,32,False,250.0
b712773f15e0f684,20270301_h250_r0_p90_y80_TPMC_N400000_S101,101,sample,1716,triangle_1716,sailWall,-0.10984999999917754,-0.2569653787006643,0.28021669902386237,1.0,-7.566600059741263e-16,-2.934836785100414e-12,0.0007310080713204564,-8.080992028387935e-14,7484.538922892781,-1319.726150268671,-9.68773791136527e-09,6.884461104472135e-08,-1.1430495768922073e-08,-1.59339711429922e-08,-3.890381636921828e-09,-9.96912881259521e-09,-1.59339711429922e-08,-3.890381636921828e-09,-9.96912881259521e-09,5,False,250.0
b712773f15e0f684,20270301_h250_r0_p90_y80_TPMC_N400000_S101,101,sample,1717,triangle_1717,sailWall,-0.10985000000082247,0.25696537870066405,-0.28021669902321805,1.0,-3.694346790248257e-16,-2.934490001261666e-12,0.0007310080713204634,-8.080992028387935e-14,7484.538922892781,-1319.726150268671,-2.437325470995349e-08,1.595444750068843e-07,-2.2592287824423845e-08,3.8568723065215496e-08,4.238836994060503e-09,-1.1377768859778436e-08,3.8568723065215496e-08,4.238836994060503e-09,-1.1377768859778436e-08,8,False,250.0
b712773f15e0f684,20270301_h250_r0_p90_y80_TPMC_N400000_S101,101,sample,1718,triangle_1718,sailWall,-0.10985000000075433,-0.28020957335019697,-0.256994373289878,1.0,2.156042596137661e-15,-2.9351275927533668e-12,0.0007300564885220387,-8.080992028387935e-14,7484.538922892781,-1319.726150268671,-1.788892690133832e-08,4.813717923144997e-08,-1.372693318373446e-08,1.6212708704770025e-08,3.067593630182473e-09,-1.0345708766921008e-08,1.6212708704770025e-08,3.067593630182473e-09,-1.0345708766921008e-08,6,False,250.0
b712773f15e0f684,20270301_h250_r0_p90_y80_TPMC_N400000_S101,101,sample,1719,triangle_1719,sailWall,-0.10984999999924566,0.280209573350197,0.2569943732905231,1.0,1.798850853019943e-15,-2.935109104028529e-12,0.0007300564885220467,-8.080992028387935e-14,7484.538922892781,-1319.726150268671,-8.178832891409688e-09,4.9689476862616456e-08,-1.2195328078481856e-08,-1.5334481318312594e-08,-3.3129703522582454e-09,-3.2202806676939063e-09,-1.5334481318312594e-08,-3.3129703522582454e-09,-3.2202806676939063e-09,3,False,250.0
b712773f15e0f684,20270301_h250_r0_p90_y80_TPMC_N400000_S101,101,sample,1720,triangle_1720,sailWall,-0.10985000000140056,0.07484767771602373,-0.47715201729710294,1.0,-2.1014875429371847e-17,-2.935457382053011e-12,0.0009274739180732076,-8.080992028387935e-14,7484.538922892781,-1319.726150268671,-1.6737723276869373e-08,1.1799647978997796e-07,-2.1630742451702144e-08,5.478692972078743e-08,5.634497182053987e-09,-1.1644913473776363e-08,5.478692972078743e-08,5.634497182053987e-09,-1.1644913473776363e-08,6,False,250.0
b712773f15e0f684,20270301_h250_r0_p90_y80_TPMC_N400000_S101,101,sample,1721,triangle_1721,sailWall,-0.10984999999978035,0.4771520165890375,0.07484767837252022,1.0,1.562774642969158e-15,-2.9351637748201043e-12,0.000927473934394033,-8.080992028387935e-14,7484.538922892781,-1319.726150268671,-1.3759265895262334e-08,5.887493377813073e-08,-1.2510656992128043e-08,-9.846037698913223e-09,-2.29755818906002e-09,2.4428306024906645e-10,-9.846037698913223e-09,-2.29755818906002e-09,2.4428306024906645e-10,4,False,250.0
b712773f15e0f684,20270301_h250_r0_p90_y80_TPMC_N400000_S101,101,sample,1722,triangle_1722,sailWall,-0.10985000000021973,-0.477152016589037,-0.0748476783718763,1.0,-6.318474256216103e-16,-2.9351209263536114e-12,0.0009274739343940202,-8.080992028387935e-14,7484.538922892781,-1319.726150268671,-2.8382887691343895e-08,1.0224454100725788e-07,-2.1209445932700762e-08,1.7905242795937698e-08,-2.0853711359161293e-10,-2.4740354242165074e-08,1.7905242795937698e-08,-2.0853711359161293e-10,-2.4740354242165074e-08,10,False,250.0
b712773f15e0f684,20270301_h250_r0_p90_y80_TPMC_N400000_S101,101,sample,1723,triangle_1723,sailWall,-0.10984999999859946,-0.07483956890862455,0.47714883223328414,1.0,-2.453520996674499e-15,-2.934290642709472e-12,0.0009271828624516472,-8.080992028387935e-14,7484.538922892781,-1319.726150268671,-1.0902769323802396e-08,6.801656193895637e-08,-1.1253021560857208e-08,-3.166762795193927e-08,-6.483064572542782e-09,-8.27116111258548e-09,-3.166762795193927e-08,-6.483064572542782e-09,-8.27116111258548e-09,4,False,250.0
b712773f15e0f684,20270301_h250_r0_p90_y80_TPMC_N400000_S101,101,sample,1724,triangle_1724,sailWall,-0.10985000000000933,0.16433154846197048,-0.0031823849079998232,1.0,2.916072427246518e-16,-2.935255113792081e-12,0.000866011090416945,-8.080992028387935e-14,7484.538922892781,-1319.726150268671,0.0,0.0,0.0,0.0,0.0,0.0,0.0,0.0,0.0,0,True,250.0
b712773f15e0f684,20270301_h250_r0_p90_y80_TPMC_N400000_S101,101,sample,1725,triangle_1725,sailWall,-0.10984999999951767,0.003182384908322124,0.1643315484622929,1.0,5.976183179215318e-16,-2.9331067048007643e-12,0.0008660110904169403,-8.080992028387935e-14,7484.538922892781,-1319.726150268671,-1.1943089411672958e-08,6.54283466440908e-08,-1.78478783711458e-08,-1.1042243786944804e-08,-3.986510602545828e-09,-7.0162249163522816e-09,-1.1042243786944804e-08,-3.986510602545828e-09,-7.0162249163522816e-09,4,False,250.0
b712773f15e0f684,20270301_h250_r0_p90_y80_TPMC_N400000_S101,101,sample,1726,triangle_1726,sailWall,-0.10985000000048238,-0.0031823849083223465,-0.16433154846164785,1.0,-1.5936485357813115e-15,-2.9340186080954164e-12,0.0008660110904169342,-8.080992028387935e-14,7484.538922892781,-1319.726150268671,-3.335364114524105e-08,1.312538791452002e-07,-2.898092447262402e-08,2.071291315596627e-08,2.156680020418875e-09,-1.448595238277085e-08,2.071291315596627e-08,2.156680020418875e-09,-1.448595238277085e-08,13,False,250.0
b712773f15e0f684,20270301_h250_r0_p90_y80_TPMC_N400000_S101,101,sample,1727,triangle_1727,sailWall,-0.10984999999999068,-0.16433154846197026,0.0031823849086446607,1.0,5.031100577480071e-16,-2.934909782133948e-12,0.0008660110904169279,-8.080992028387935e-14,7484.538922892781,-1319.726150268671,-8.682384618660264e-08,6.25756558305227e-08,-2.4468214377167952e-08,3.959409991269627e-09,-2.9113159274710182e-09,-2.11615094803639e-08,3.959409991269627e-09,-2.9113159274710182e-09,-2.11615094803639e-08,38,False,250.0
b712773f15e0f684,20270301_h250_r0_p90_y80_TPMC_N400000_S101,101,sample,1728,triangle_1728,sailWall,-0.10984999999988367,0.17257901434530976,0.03964147812679186,1.0,-9.248220109355604e-16,-2.934203240132993e-12,0.0009358771008455369,-8.080992028387935e-14,7484.538922892781,-1319.726150268671,-5.3889500102409105e-09,4.891759556689449e-08,-1.3146666412096656e-08,-4.197413532938939e-09,-1.6631427316769537e-09,-4.480021410278233e-09,-4.197413532938939e-09,-1.6631427316769537e-09,-4.480021410278233e-09,2,False,250.0
b712773f15e0f684,20270301_h250_r0_p90_y80_TPMC_N400000_S101,101,sample,1729,triangle_1729,sailWall,-0.10985000000011634,-0.1725790143453095,-0.0396414781261469,0.9999999999999999,-1.1659482922041131e-15,-2.934438446928874e-12,0.0009358771008455398,-8.080992028387935e-14,7484.538922892781,-1319.726150268671,-7.736118425290532e-08,1.1145040164238432e-07,-4.116457219528793e-08,1.1652659045074806e-08,-1.4426112431700588e-09,-2.5834631863826716e-08,1.1652659045074806e-08,-1.4426112431700588e-09,-2.5834631863826716e-08,29,False,250.0
b712773f15e0f684,20270301_h250_r0_p90_y80_TPMC_N400000_S101,101,sample,1730,triangle_1730,sailWall,-0.10984999999949346,-0.039641478126469544,0.17257901434563205,1.0,5.009995015316619e-16,-2.9350186302107978e-12,0.0009358771008455326,-8.080992028387935e-14,7484.538922892781,-1319.726150268671,-1.2933649764929977e-08,1.1588140693828097e-07,-2.4731844005249794e-08,-1.9719832627832222e-08,-5.012334474419657e-09,-1.3214955166825285e-08,-1.9719832627832222e-08,-5.012334474419657e-09,-1.3214955166825285e-08,6,False,250.0
b712773f15e0f684,20270301_h250_r0_p90_y80_TPMC_N400000_S101,101,sample,1731,triangle_1731,sailWall,-0.10985000000050653,0.03964147812646934,-0.17257901434498724,1.0,1.0692398074560655e-16,-2.9350521004108964e-12,0.0009358771008455404,-8.080992028387935e-14,7484.538922892781,-1319.726150268671,-3.3559146524749117e-08,1.4494967279457833e-07,-3.539813634378912e-08,2.3900197830455826e-08,2.0395982155957382e-09,-1.4600330308736593e-08,2.3900197830455826e-08,2.0395982155957382e-09,-1.4600330308736593e-08,10,False,250.0
b712773f15e0f684,20270301_h250_r0_p90_y80_TPMC_N400000_S101,101,sample,1732,triangle_1732,sailWall,-0.10984999999993907,0.6458305437523953,0.020758152824462802,1.0,7.134553635559755e-16,-2.9351978074610134e-12,0.0008057856560990746,-8.080992028387935e-14,7484.538922892781,-1319.726150268671,-1.0779751612294364e-08,5.487680252097412e-08,-9.97251555938239e-09,-7.839032059286715e-09,-1.3787012795897944e-09,9.102319109462316e-10,-7.839032059286715e-09,-1.3787012795897944e-09,9.102319109462316e-10,3,False,250.0
b712773f15e0f684,20270301_h250_r0_p90_y80_TPMC_N400000_S101,101,sample,1733,triangle_1733,sailWall,-0.10985000000189567,0.02075815282414034,-0.6458305437520727,1.0,-1.2245977784824224e-15,-2.9344386494170596e-12,0.0008057856560990712,-8.080992028387935e-14,7484.538922892781,-1319.726150268671,-7.440532766447841e-09,3.422310200074542e-08,-8.836249675164311e-09,2.1981503688077145e-08,3.835904432521819e-09,-3.6335922192671106e-09,2.1981503688077145e-08,3.835904432521819e-09,-3.6335922192671106e-09,3,False,250.0
b712773f15e0f684,20270301_h250_r0_p90_y80_TPMC_N400000_S101,101,sample,1734,triangle_1734,sailWall,-0.10985000000006094,-0.6458305437523952,-0.0207581528238177,1.0,7.134553635449582e-16,-2.9351978074610013e-12,0.0008057856560990788,-8.080992028387935e-14,7484.538922892781,-1319.726150268671,-1.7101790615344752e-08,5.5245482199160684e-08,-1.733161006518329e-08,1.2436008004470573e-08,-1.4844613138186256e-09,-1.6973076208777574e-08,1.2436008004470573e-08,-1.4844613138186256e-09,-1.6973076208777574e-08,5,False,250.0
b712773f15e0f684,20270301_h250_r0_p90_y80_TPMC_N400000_S101,101,sample,1735,triangle_1735,sailWall,-0.10984999999810512,0.02070471576684207,0.6455762021951893,1.0,1.4852485400721635e-15,-2.935806156108468e-12,0.0008185614434453028,-8.080992028387935e-14,7484.538922892781,-1319.726150268671,-1.738583768481138e-08,8.313314350672298e-08,-6.801444145651248e-09,-5.4064445048623436e-08,-1.201050683215731e-08,-8.857466288370746e-09,-5.4064445048623436e-08,-1.201050683215731e-08,-8.857466288370746e-09,5,False,250.0
b712773f15e0f684,20270301_h250_r0_p90_y80_TPMC_N400000_S101,101,sample,1736,triangle_1736,sailWall,-0.1098499999996842,0.19750706540414006,0.10758973480854676,1.0,1.9495305047029418e-16,-2.9342044552422344e-12,0.0008792667503929208,-8.080992028387935e-14,7484.538922892781,-1319.726150268671,-1.7373949062917423e-08,8.584254650923503e-08,-1.72159625721262e-08,-1.232794577392856e-08,-3.7029609460483027e-09,-6.089386185519684e-09,-1.232794577392856e-08,-3.7029609460483027e-09,-6.089386185519684e-09,5,False,250.0
b712773f15e0f684,20270301_h250_r0_p90_y80_TPMC_N400000_S101,101,sample,1737,triangle_1737,sailWall,-0.10985000000057972,0.1075897323264639,-0.1975070680669245,0.9999999999999999,1.7791224703518828e-15,-2.9349543914096803e-12,0.0008792665476804503,-8.080992028387935e-14,7484.538922892781,-1319.726150268671,-2.5068996781446835e-08,1.0197269958124342e-07,-2.550696819231934e-08,1.6955401865570615e-08,2.1438980097359876e-09,-8.567691280879729e-09,1.6955401865570615e-08,2.1438980097359876e-09,-8.567691280879729e-09,8,False,250.0
b712773f15e0f684,20270301_h250_r0_p90_y80_TPMC_N400000_S101,101,sample,1738,triangle_1738,sailWall,-0.1098499999994203,-0.10758973232646414,0.1975070680675692,1.0,-8.915396055777635e-16,-2.9352688824973426e-12,0.0008792665476804471,-8.080992028387935e-14,7484.538922892781,-1319.726150268671,-1.8962224898194134e-08,8.787793122481245e-08,-1.4021601652152791e-08,-1.5514553922016248e-08,-5.156556829659599e-09,-1.1738671697460535e-08,-1.5514553922016248e-08,-5.156556829659599e-09,-1.1738671697460535e-08,5,False,250.0
b712773f15e0f684,20270301_h250_r0_p90_y80_TPMC_N400000_S101,101,sample,1739,triangle_1739,sailWall,-0.1098500000003158,-0.1975070654041399,-0.10758973480790153,0.9999999999999999,-6.134016047749485e-17,-2.9344657067491093e-12,0.0008792667503929113,-8.080992028387935e-14,7484.538922892781,-1319.726150268671,-4.5265075072779065e-08,1.0138617291688193e-07,-3.1814495376665935e-08,1.708202550935544e-08,1.3346559858376132e-09,-1.9959570571381986e-08,1.708202550935544e-08,1.3346559858376132e-09,-1.9959570571381986e-08,16,False,250.0
b712773f15e0f684,20270301_h250_r0_p90_y80_TPMC_N400000_S101,101,sample,1740,triangle_1740,sailWall,-0.1098499999985198,0.06725202417847907,0.5042928798315934,1.0,1.5059354531232715e-15,-2.9356856785782794e-12,0.0008297921861833495,-8.080992028387935e-14,7484.538922892781,-1319.726150268671,-1.86508223776824e-08,1.2164645708405547e-07,-1.8947572590728266e-08,-6.227502999188391e-08,-1.1403496049962049e-08,-1.2031952031131125e-08,-6.227502999188391e-08,-1.1403496049962049e-08,-1.2031952031131125e-08,7,False,250.0
b712773f15e0f684,20270301_h250_r0_p90_y80_TPMC_N400000_S101,101,sample,1741,triangle_1741,sailWall,-0.10984999999980262,-0.5042911347882028,0.06725484522197812,1.0,8.198140702203319e-16,-2.9354981666309593e-12,0.0008297168125074414,-8.080992028387935e-14,7484.538922892781,-1319.726150268671,-1.698689091683935e-08,8.166946780761016e-08,-1.0780792365031035e-08,2.7353725494794133e-10,-2.2492080863357453e-09,-1.7489280769035095e-08,2.7353725494794133e-10,-2.2492080863357453e-09,-1.7489280769035095e-08,8,False,250.0
b712773f15e0f684,20270301_h250_r0_p90_y80_TPMC_N400000_S101,101,sample,1742,triangle_1742,sailWall,-0.10985000000148022,-0.06725484522165753,-0.5042911347878799,1.0,-7.775997724246229e-16,-2.9355824455302545e-12,0.0008297168125074058,-8.080992028387935e-14,7484.538922892781,-1319.726150268671,-1.937719500804342e-08,1.5338235478244097e-07,-2.354681348216892e-08,7.874887455456242e-08,7.135208857250832e-09,-1.821856731593323e-08,7.874887455456242e-08,7.135208857250832e-09,-1.821856731593323e-08,8,False,250.0
b712773f15e0f684,20270301_h250_r0_p90_y80_TPMC_N400000_S101,101,sample,1743,triangle_1743,sailWall,-0.109850000000198,0.5044080049059968,-0.067457097954438,1.0,-1.0295236282606827e-15,-2.935280909155669e-12,0.0008153514892751677,-8.080992028387935e-14,7484.538922892781,-1319.726150268671,-7.1269479917528354e-09,5.3114137970827754e-08,-1.4509514264976974e-08,-3.980927764592837e-09,-1.1459303467711792e-09,-2.2850529828733795e-09,-3.980927764592837e-09,-1.1459303467711792e-09,-2.2850529828733795e-09,3,False,250.0
b712773f15e0f684,20270301_h250_r0_p90_y80_TPMC_N400000_S101,101,sample,1744,triangle_1744,sailWall,-0.10985000000058963,0.46277693176990703,-0.20087452123455188,1.0,7.456787577281323e-16,-2.9345118925825362e-12,0.0010030554997065688,-8.080992028387935e-14,7484.538922892781,-1319.726150268671,-8.764025165118569e-10,1.8135449636385277e-08,-4.686296871588421e-09,1.1965075244729686e-09,-3.514724163050227e-10,-1.5839228101304486e-09,1.1965075244729686e-09,-3.514724163050227e-10,-1.5839228101304486e-09,1,False,250.0
b712773f15e0f684,20270301_h250_r0_p90_y80_TPMC_N400000_S101,101,sample,1745,triangle_1745,sailWall,-0.10984999999864166,0.20088206585017054,0.46277211371125054,1.0,1.032906752576428e-15,-2.933499541492172e-12,0.0010024901110486039,-8.080992028387935e-14,7484.538922892781,-1319.726150268671,-1.4675773138343331e-08,1.0845006748845989e-07,-1.9847986277223755e-08,-5.443124605469593e-08,-9.007054002363849e-09,-8.993095972824249e-09,-5.443124605469593e-08,-9.007054002363849e-09,-8.993095972824249e-09,6,False,250.0
b712773f15e0f684,20270301_h250_r0_p90_y80_TPMC_N400000_S101,101,sample,1746,triangle_1746,sailWall,-0.10985000000135836,-0.20088206585017074,-0.46277211371060534,1.0,-2.138836594385177e-16,-2.9356566751758725e-12,0.001002490111048603,-8.080992028387935e-14,7484.538922892781,-1319.726150268671,-3.709935410342423e-08,1.6899349295735597e-07,-3.9861463744602286e-08,8.592743456029922e-08,1.2693414821540182e-08,-2.6008711133704993e-08,8.592743456029922e-08,1.2693414821540182e-08,-2.6008711133704993e-08,11,False,250.0
b712773f15e0f684,20270301_h250_r0_p90_y80_TPMC_N400000_S101,101,sample,1747,triangle_1747,sailWall,-0.1098499999994104,-0.46277108703021064,0.2008818695600343,1.0,-1.0619917668868271e-15,-2.934579652576154e-12,0.0010025644580934636,-8.080992028387935e-14,7484.538922892781,-1319.726150268671,-1.9574375825408988e-08,9.46627222039404e-08,-1.4581443336963953e-08,-1.1538590933332719e-08,-5.451541246759472e-09,-1.949733618259206e-08,-1.1538590933332719e-08,-5.451541246759472e-09,-1.949733618259206e-08,7,False,250.0
b712773f15e0f684,20270301_h250_r0_p90_y80_TPMC_N400000_S101,101,sample,1748,triangle_1748,sailWall,-0.1098500000006522,-0.40667436518709515,-0.22219950830267843,0.9999999999999999,-1.7308800430859353e-15,-2.935122303490311e-12,0.000874819980049325,-8.080992028387935e-14,7484.538922892781,-1319.726150268671,-3.704107400835332e-08,1.035483551884886e-07,-3.044387595978792e-08,3.593255165908688e-08,4.972710509361307e-09,-2.6518011526611884e-08,3.593255165908688e-08,4.972710509361307e-09,-2.6518011526611884e-08,12,False,250.0
b712773f15e0f684,20270301_h250_r0_p90_y80_TPMC_N400000_S101,101,sample,1749,triangle_1749,sailWall,-0.1098499999993478,0.40667436518709527,0.22219950830332338,1.0,-1.7308800430680193e-15,-2.935122303490302e-12,0.000874819980049322,-8.080992028387935e-14,7484.538922892781,-1319.726150268671,-1.338273365268113e-08,6.597007375281917e-08,-1.0559050188510646e-08,-1.8614262531923193e-08,-4.0357114753525005e-09,-1.7829722395386478e-09,-1.8614262531923193e-08,-4.0357114753525005e-09,-1.7829722395386478e-09,4,False,250.0
b712773f15e0f684,20270301_h250_r0_p90_y80_TPMC_N400000_S101,101,sample,1750,triangle_1750,sailWall,-0.10984999999880629,-0.22219538583949064,0.406678120753206,1.0,1.2877695836528826e-15,-2.936560531970265e-12,0.0008748058296943914,-8.080992028387935e-14,7484.538922892781,-1319.726150268671,-1.4096151539246543e-08,8.46519845152161e-08,-1.9900846725081383e-08,-2.9644356864933485e-08,-7.851279718631529e-09,-1.242461834937019e-08,-2.9644356864933485e-08,-7.851279718631529e-09,-1.242461834937019e-08,6,False,250.0
b712773f15e0f684,20270301_h250_r0_p90_y80_TPMC_N400000_S101,101,sample,1751,triangle_1751,sailWall,-0.1098500000011937,0.22219676311059885,-0.40667723260360494,1.0,1.2699764643497518e-15,-2.9363196702118618e-12,0.0008747497498581545,-8.080992028387935e-14,7484.538922892781,-1319.726150268671,-3.4067235229237373e-09,2.994662969558206e-08,-6.10713196679894e-09,1.0448615599973632e-08,6.844560621936855e-10,-2.4722557807967827e-09,1.0448615599973632e-08,6.844560621936855e-10,-2.4722557807967827e-09,1,False,250.0
b712773f15e0f684,20270301_h250_r0_p90_y80_TPMC_N400000_S101,101,sample,1752,triangle_1752,sailWall,-0.10985000000050642,0.12012138176624058,-0.1725165853803503,1.0,1.4729099454891242e-15,-2.935721301093183e-12,0.0008380186111260235,-8.080992028387935e-14,7484.538922892781,-1319.726150268671,-2.2362392592757923e-08,7.272354170261356e-08,-1.635375407410483e-08,1.0726497466199343e-08,2.0759037126605884e-09,-5.304929532087235e-09,1.0726497466199343e-08,2.0759037126605884e-09,-5.304929532087235e-09,7,False,250.0
b712773f15e0f684,20270301_h250_r0_p90_y80_TPMC_N400000_S101,101,sample,1753,triangle_1753,sailWall,-0.10984999999949363,-0.12012138176624092,0.17251658538099504,1.0,-7.038351680243212e-17,-2.933212295960161e-12,0.0008380186111260247,-8.080992028387935e-14,7484.538922892781,-1319.726150268671,-3.405878055506839e-08,1.616397036638407e-07,-2.1494758188418466e-08,-2.6028859614272524e-08,-8.329110736666346e-09,-2.1928218354860486e-08,-2.6028859614272524e-08,-8.329110736666346e-09,-2.1928218354860486e-08,8,False,250.0
b712773f15e0f684,20270301_h250_r0_p90_y80_TPMC_N400000_S101,101,sample,1754,triangle_1754,sailWall,-0.10985000000035261,-0.1725165827175659,-0.12012138424767828,1.0,1.7904748569998606e-15,-2.9352051009129994e-12,0.0008380185373262535,-8.080992028387935e-14,7484.538922892781,-1319.726150268671,-4.87310899280742e-08,1.2699206870198608e-07,-2.8795342420287856e-08,1.9691898123167454e-08,2.6528094476363714e-09,-2.2254192858689878e-08,1.9691898123167454e-08,2.6528094476363714e-09,-2.2254192858689878e-08,19,False,250.0
b712773f15e0f684,20270301_h250_r0_p90_y80_TPMC_N400000_S101,101,sample,1755,triangle_1755,sailWall,-0.10984999999964744,0.17251658271756587,0.12012138424832357,1.0,-3.794710861032416e-16,-2.9339750987189472e-12,0.0008380185373262545,-8.080992028387935e-14,7484.538922892781,-1319.726150268671,-2.331329103407417e-08,1.0214560508220728e-07,-1.0305549803632582e-08,-1.4311081315776671e-08,-3.987467896045595e-09,-7.342444421253807e-09,-1.4311081315776671e-08,-3.987467896045595e-09,-7.342444421253807e-09,6,False,250.0
b712773f15e0f684,20270301_h250_r0_p90_y80_TPMC_N400000_S101,101,sample,1756,triangle_1756,sailWall,-0.109849999999793,0.5038987124701662,0.0705392818052372,1.0,-2.469693277052193e-16,-2.9351284408302196e-12,0.0007590724148236946,-8.080992028387935e-14,7484.538922892781,-1319.726150268671,-2.0234042134631087e-08,1.2180890751463658e-07,-1.970071426308904e-08,-1.8735540282604713e-08,-3.6163421998932373e-09,-3.178341749290778e-09,-1.8735540282604713e-08,-3.6163421998932373e-09,-3.178341749290778e-09,6,False,250.0
b712773f15e0f684,20270301_h250_r0_p90_y80_TPMC_N400000_S101,101,sample,1757,triangle_1757,sailWall,-0.10985000000147906,0.07053928111457915,-0.5038987132151117,0.9999999999999999,5.634530893685134e-18,-2.9340924505794896e-12,0.0007590723682616039,-8.080992028387935e-14,7484.538922892781,-1319.726150268671,-1.613121804411134e-08,9.264530475585664e-08,-2.109679348667576e-08,4.5589088046417876e-08,5.8600309940738605e-09,-9.038395869300588e-09,4.5589088046417876e-08,5.8600309940738605e-09,-9.038395869300588e-09,4,False,250.0
b712773f15e0f684,20270301_h250_r0_p90_y80_TPMC_N400000_S101,101,sample,1758,triangle_1758,sailWall,-0.10985000000020707,-0.5038987124701658,-0.07053928180459328,1.0,2.434533417884493e-15,-2.9351807953027354e-12,0.0007590724148236833,-8.080992028387935e-14,7484.538922892781,-1319.726150268671,-2.1294870588296425e-08,8.21402380608509e-08,-2.1587755846214005e-08,1.7376100158920886e-08,-7.970956400487843e-10,-1.984348881275033e-08,1.7376100158920886e-08,-7.970956400487843e-10,-1.984348881275033e-08,8,False,250.0
b712773f15e0f684,20270301_h250_r0_p90_y80_TPMC_N400000_S101,101,sample,1759,triangle_1759,sailWall,-0.10984999999852087,-0.07024519825663443,0.5039325640959519,1.0,-2.448121176054983e-15,-2.9340132156881405e-12,0.0007615072681891002,-8.080992028387935e-14,7484.538922892781,-1319.726150268671,-1.451945122692502e-08,1.1018255082581296e-07,-1.6990309083875937e-08,-5.452490023408857e-08,-9.241510577457244e-09,-1.319018819135469e-08,-5.452490023408857e-08,-9.241510577457244e-09,-1.319018819135469e-08,6,False,250.0
b712773f15e0f684,20270301_h250_r0_p90_y80_TPMC_N400000_S101,101,sample,1760,triangle_1760,sailWall,-0.1098499999999405,-0.6457984674481868,0.020277067814227553,1.0,8.251744457904911e-16,-2.9344837268814053e-12,0.0007951440878068579,-8.080992028387935e-14,7484.538922892781,-1319.726150268671,-2.4549286040320646e-08,1.0209690194090286e-07,-2.0111560503180416e-08,1.1397093536036919e-08,-2.611998238186712e-09,-2.7051666349153045e-08,1.1397093536036919e-08,-2.611998238186712e-09,-2.7051666349153045e-08,10,False,250.0
b712773f15e0f684,20270301_h250_r0_p90_y80_TPMC_N400000_S101,101,sample,1761,triangle_1761,sailWall,-0.10985000000005955,0.6457984674481871,-0.020277067813582374,1.0,-1.4414416530332324e-15,-2.9355356670737596e-12,0.0007951440878068539,-8.080992028387935e-14,7484.538922892781,-1319.726150268671,-7.749342274628286e-09,6.518111672333729e-08,-1.7551274816083923e-08,-1.0046855708464487e-08,-1.7825596060905345e-09,-2.2160187228888336e-09,-1.0046855708464487e-08,-1.7825596060905345e-09,-2.2160187228888336e-09,4,False,250.0
b712773f15e0f684,20270301_h250_r0_p90_y80_TPMC_N400000_S101,101,sample,1762,triangle_1762,sailWall,-0.10985000000189556,-0.02027706781390505,-0.6457984674478644,1.0,1.492074205538976e-15,-2.9350149810183287e-12,0.000795144087806869,-8.080992028387935e-14,7484.538922892781,-1319.726150268671,-3.550705445325861e-08,2.0110125939726394e-07,-2.6238749047523072e-08,1.3022963256374499e-07,2.0062630984176303e-08,-2.2763272721134583e-08,1.3022963256374499e-07,2.0062630984176303e-08,-2.2763272721134583e-08,11,False,250.0
b712773f15e0f684,20270301_h250_r0_p90_y80_TPMC_N400000_S101,101,sample,1763,triangle_1763,sailWall,-0.10984999999810492,-0.020342236420591058,0.6456367971016751,0.9999999999999999,-1.8666998039900393e-15,-2.9366280693523285e-12,0.000805825683943053,-8.080992028387935e-14,7484.538922892781,-1319.726150268671,-1.054079976100271e-08,5.2020630760256004e-08,-1.1891573595133986e-08,-3.291317413051707e-08,-8.015156625160772e-09,-5.9527357104980045e-09,-3.291317413051707e-08,-8.015156625160772e-09,-5.9527357104980045e-09,3,False,250.0
b712773f15e0f684,20270301_h250_r0_p90_y80_TPMC_N400000_S101,101,sample,1764,triangle_1764,sailWall,-0.10984999999970542,-0.08500367387453149,0.10035496335822514,1.0,-3.4978401064756626e-16,-2.935277763122663e-12,0.0008156862834108,-8.080992028387935e-14,7484.538922892781,-1319.726150268671,-5.381047960549214e-08,1.4548080385866822e-07,-1.973145332965101e-08,-1.239369545333774e-08,-7.347255657503817e-09,-2.0725433092146674e-08,-1.239369545333774e-08,-7.347255657503817e-09,-2.0725433092146674e-08,19,False,250.0
b712773f15e0f684,20270301_h250_r0_p90_y80_TPMC_N400000_S101,101,sample,1765,triangle_1765,sailWall,-0.10985000000024954,-0.10035496335790271,-0.08500367387420904,1.0,3.340302591246562e-16,-2.9381631534704894e-12,0.0008156862834107989,-8.080992028387935e-14,7484.538922892781,-1319.726150268671,-5.3073526962625605e-08,1.0144329873999186e-07,-3.0186001366843934e-08,1.108207468463277e-08,1.1206661773789458e-09,-1.6365305371669884e-08,1.108207468463277e-08,1.1206661773789458e-09,-1.6365305371669884e-08,23,False,250.0
b712773f15e0f684,20270301_h250_r0_p90_y80_TPMC_N400000_S101,101,sample,1766,triangle_1766,sailWall,-0.10985000000029456,0.08500367387453155,-0.10035496335758032,1.0,7.944021400298089e-17,-2.9352754240576843e-12,0.0008156862834108039,-8.080992028387935e-14,7484.538922892781,-1319.726150268671,-3.331381923408372e-08,7.082709720256533e-08,-1.8741561581711496e-08,5.687738159954614e-09,1.2912354674064154e-09,-4.949256058066049e-09,5.687738159954614e-09,1.2912354674064154e-09,-4.949256058066049e-09,13,False,250.0
b712773f15e0f684,20270301_h250_r0_p90_y80_TPMC_N400000_S101,101,sample,1767,triangle_1767,sailWall,-0.10984999999975054,0.1003549633579025,0.08500367387485412,1.0,3.1765680434705263e-16,-2.9351585838977635e-12,0.0008156862834108014,-8.080992028387935e-14,7484.538922892781,-1319.726150268671,-1.2133988704711494e-08,6.709962578170969e-08,-1.0378342880773717e-08,-7.018957148620184e-09,-2.219337713742697e-09,-6.113699120938124e-09,-7.018957148620184e-09,-2.219337713742697e-09,-6.113699120938124e-09,4,False,250.0
b712773f15e0f684,20270301_h250_r0_p90_y80_TPMC_N400000_S101,101,sample,1768,triangle_1768,sailWall,-0.10984999999948543,0.2425480724324878,0.17530923478490168,1.0,1.6332304516861746e-15,-2.9368809376573077e-12,0.0008184986666920882,-8.080992028387935e-14,7484.538922892781,-1319.726150268671,-3.488413317848881e-08,2.2840896677113972e-07,-3.7275468931037425e-08,-4.950909620036107e-08,-1.024722549025252e-08,-1.6582849365693593e-08,-4.950909620036107e-08,-1.024722549025252e-08,-1.6582849365693593e-08,10,False,250.0
b712773f15e0f684,20270301_h250_r0_p90_y80_TPMC_N400000_S101,101,sample,1769,triangle_1769,sailWall,-0.10984999999928809,-0.17530923478457994,0.24254807243281032,1.0,1.628967058570977e-15,-2.9358320392895855e-12,0.000818498666692088,-8.080992028387935e-14,7484.538922892781,-1319.726150268671,-2.3928338005417003e-08,1.2025178144883417e-07,-2.410235277599768e-08,-2.443971348168976e-08,-8.34881728293932e-09,-1.737932853577557e-08,-2.443971348168976e-08,-8.34881728293932e-09,-1.737932853577557e-08,8,False,250.0
b712773f15e0f684,20270301_h250_r0_p90_y80_TPMC_N400000_S101,101,sample,1770,triangle_1770,sailWall,-0.10985000000071193,0.17530923478457963,-0.24254807243216633,1.0,-6.678317869886729e-16,-2.9349564528579714e-12,0.0008184986666921005,-8.080992028387935e-14,7484.538922892781,-1319.726150268671,-2.3261948689128433e-08,1.505589459367622e-07,-3.325261464858725e-08,3.0781952954199525e-08,2.0167273532159557e-09,-1.2398673287157112e-08,3.0781952954199525e-08,2.0167273532159557e-09,-1.2398673287157112e-08,8,False,250.0
b712773f15e0f684,20270301_h250_r0_p90_y80_TPMC_N400000_S101,101,sample,1771,triangle_1771,sailWall,-0.10985000000051459,-0.24254807243248722,-0.17530923478425667,1.0,-8.017390394014898e-16,-2.936684243641293e-12,0.0008184986666920674,-8.080992028387935e-14,7484.538922892781,-1319.726150268671,-3.503070311681161e-08,7.367812685880623e-08,-2.1973938105116884e-08,1.8126497941789834e-08,3.6861360072619917e-09,-1.6608490716326274e-08,1.8126497941789834e-08,3.6861360072619917e-09,-1.6608490716326274e-08,11,False,250.0
b712773f15e0f684,20270301_h250_r0_p90_y80_TPMC_N400000_S101,101,sample,1772,triangle_1772,sailWall,-0.10985000000082767,-0.28098404511969316,-0.2819761391816442,1.0,2.141122320842206e-15,-2.935707956403391e-12,0.0007250731485598408,-8.080992028387935e-14,7484.538922892781,-1319.726150268671,-3.843422022757191e-08,1.6352596147667448e-07,-3.5320848430191e-08,5.6003143016167574e-08,7.0018151139814346e-09,-2.8779634476257516e-08,5.6003143016167574e-08,7.0018151139814346e-09,-2.8779634476257516e-08,11,False,250.0
b712773f15e0f684,20270301_h250_r0_p90_y80_TPMC_N400000_S101,101,sample,1773,triangle_1773,sailWall,-0.10984999999917237,0.280984045119693,0.2819761391822893,1.0,1.8408249518696675e-15,-2.9334764102120605e-12,0.0007250731485598538,-8.080992028387935e-14,7484.538922892781,-1319.726150268671,-1.3071804452277188e-08,5.6119794943494035e-08,-5.318718254434032e-09,-1.6890525525766773e-08,-4.1560642746310075e-09,-2.329685874039553e-09,-1.6890525525766773e-08,-4.1560642746310075e-09,-2.329685874039553e-09,3,False,250.0
b712773f15e0f684,20270301_h250_r0_p90_y80_TPMC_N400000_S101,101,sample,1774,triangle_1774,sailWall,-0.1098500000008248,0.2819186135881407,-0.28100652261663495,1.0,1.848044140957555e-15,-2.934548228229251e-12,0.0007254223423042681,-8.080992028387935e-14,7484.538922892781,-1319.726150268671,-2.3840624041388145e-08,1.23600019636606e-07,-2.3121092872901385e-08,2.9311298470947486e-08,4.3582367220547025e-09,-6.91276584615695e-09,2.9311298470947486e-08,4.3582367220547025e-09,-6.91276584615695e-09,8,False,250.0
b712773f15e0f684,20270301_h250_r0_p90_y80_TPMC_N400000_S101,101,sample,1775,triangle_1775,sailWall,-0.10984999999917523,-0.28191861358814074,0.2810065226172797,1.0,-7.595037827234295e-16,-2.934836710428e-12,0.0007254223423042733,-8.080992028387935e-14,7484.538922892781,-1319.726150268671,-1.7414796185866678e-08,6.949206876465331e-08,-1.961621312806375e-08,-1.4538487028227286e-08,-7.187599927632961e-09,-1.2455191842998097e-08,-1.4538487028227286e-08,-7.187599927632961e-09,-1.2455191842998097e-08,5,False,250.0
b712773f15e0f684,20270301_h250_r0_p90_y80_TPMC_N400000_S101,101,sample,1776,triangle_1776,sailWall,-0.10984999999984567,0.25950012799875005,0.05258871912193832,1.0,-1.4823886969808824e-15,-2.9341697367424367e-12,0.0008128192637003804,-8.080992028387935e-14,7484.538922892781,-1319.726150268671,-1.7566363165942777e-08,1.0615692625794464e-07,-2.7321888268163705e-08,-1.2729720901594474e-08,-3.935683293457819e-09,-7.078339535710139e-09,-1.2729720901594474e-08,-3.935683293457819e-09,-7.078339535710139e-09,6,False,250.0
b712773f15e0f684,20270301_h250_r0_p90_y80_TPMC_N400000_S101,101,sample,1777,triangle_1777,sailWall,-0.10985000000076167,0.052588719121616036,-0.2595001279984278,1.0,5.638656217214022e-16,-2.9356229400805035e-12,0.0008128192637003828,-8.080992028387935e-14,7484.538922892781,-1319.726150268671,-1.6200288053313142e-08,7.516237725035373e-08,-1.519126424392125e-08,1.8952617566104486e-08,2.571831582043438e-09,-7.441571183834992e-09,1.8952617566104486e-08,2.571831582043438e-09,-7.441571183834992e-09,7,False,250.0
b712773f15e0f684,20270301_h250_r0_p90_y80_TPMC_N400000_S101,101,sample,1778,triangle_1778,sailWall,-0.10985000000015437,-0.2595001279987497,-0.052588719121294036,1.0,1.3711481036387948e-15,-2.9345864774818636e-12,0.0008128192637003749,-8.080992028387935e-14,7484.538922892781,-1319.726150268671,-3.038387181831352e-08,7.53907029308137e-08,-2.003988874190681e-08,9.092461488610867e-09,-6.902860515235802e-10,-1.6273314091121787e-08,9.092461488610867e-09,-6.902860515235802e-10,-1.6273314091121787e-08,10,False,250.0
b712773f15e0f684,20270301_h250_r0_p90_y80_TPMC_N400000_S101,101,sample,1779,triangle_1779,sailWall,-0.10984999999923833,-0.05258871912161656,0.2595001279990726,1.0,5.638656217214028e-16,-2.9356229400805035e-12,0.000812819263700382,-8.080992028387935e-14,7484.538922892781,-1319.726150268671,-1.4825343366466444e-08,9.21728804079925e-08,-1.8352198663178558e-08,-2.335777103023136e-08,-5.928594764430474e-09,-1.086198632877759e-08,-2.335777103023136e-08,-5.928594764430474e-09,-1.086198632877759e-08,6,False,250.0
b712773f15e0f684,20270301_h250_r0_p90_y80_TPMC_N400000_S101,101,sample,1780,triangle_1780,sailWall,-0.10985000000136351,0.09921748262922336,-0.4645289556442587,1.0,-8.479611726634212e-16,-2.9357674312596504e-12,0.001019107271226762,-8.080992028387935e-14,7484.538922892781,-1319.726150268671,-2.4186666279828828e-08,1.2772156914545833e-07,-2.645174209946207e-08,5.679205558532716e-08,8.353501734079214e-09,-1.159548734654551e-08,5.679205558532716e-08,8.353501734079214e-09,-1.159548734654551e-08,7,False,250.0
b712773f15e0f684,20270301_h250_r0_p90_y80_TPMC_N400000_S101,101,sample,1781,triangle_1781,sailWall,-0.1098499999997088,0.46452894898573677,0.09921748879757819,1.0,1.224624452032803e-15,-2.934261879262676e-12,0.0010191077323910694,-8.080992028387935e-14,7484.538922892781,-1319.726150268671,-2.3779315344961932e-08,1.233946312316883e-07,-1.4926520112697222e-08,-2.0193033687279395e-08,-4.188024605164127e-09,-2.6880500153708166e-09,-2.0193033687279395e-08,-4.188024605164127e-09,-2.6880500153708166e-09,6,False,250.0
b712773f15e0f684,20270301_h250_r0_p90_y80_TPMC_N400000_S101,101,sample,1782,triangle_1782,sailWall,-0.10985000000029127,-0.4645289489857363,-0.09921748879693398,1.0,-3.7642777651958024e-16,-2.9358021675682533e-12,0.0010191077323910614,-8.080992028387935e-14,7484.538922892781,-1319.726150268671,-1.3316387630392001e-08,7.767547637383601e-08,-1.5509952479178465e-08,1.50300426672387e-08,-4.085404447355662e-10,-1.4951342438551304e-08,1.50300426672387e-08,-4.085404447355662e-10,-1.4951342438551304e-08,3,False,250.0
b712773f15e0f684,20270301_h250_r0_p90_y80_TPMC_N400000_S101,101,sample,1783,triangle_1783,sailWall,-0.10984999999863654,-0.09920630427294015,0.46452602992113046,0.9999999999999999,-4.065906022825007e-16,-2.9335236020545816e-12,0.001018946531721585,-8.080992028387935e-14,7484.538922892781,-1319.726150268671,-4.575319564101736e-08,2.582106763845867e-07,-3.97293841866182e-08,-1.1656831452688151e-07,-2.5660189619529563e-08,-3.3018315064742265e-08,-1.1656831452688151e-07,-2.5660189619529563e-08,-3.3018315064742265e-08,12,False,250.0
b712773f15e0f684,20270301_h250_r0_p90_y80_TPMC_N400000_S101,101,sample,1784,triangle_1784,sailWall,-0.10984999999847549,0.04455801368233437,0.5193958565443314,1.0,-1.5497557779457801e-15,-2.9345730707083514e-12,0.0007708273140377829,-8.080992028387935e-14,7484.538922892781,-1319.726150268671,-1.8728171939556062e-08,1.22189396468581e-07,-2.617943114509965e-08,-6.493958686853372e-08,-1.2649278694516197e-08,-1.2549947440203274e-08,-6.493958686853372e-08,-1.2649278694516197e-08,-1.2549947440203274e-08,6,False,250.0
b712773f15e0f684,20270301_h250_r0_p90_y80_TPMC_N400000_S101,101,sample,1785,triangle_1785,sailWall,-0.10984999999986923,-0.519396348997438,0.04456329186689382,1.0,6.722672096194354e-16,-2.935903244728564e-12,0.0007707262770321328,-8.080992028387935e-14,7484.538922892781,-1319.726150268671,-3.811318032002541e-08,2.010583604452215e-07,-4.081319322335573e-08,1.3166947635914359e-08,-6.1037735548158e-09,-4.193279943222111e-08,1.3166947635914359e-08,-6.1037735548158e-09,-4.193279943222111e-08,13,False,250.0
b712773f15e0f684,20270301_h250_r0_p90_y80_TPMC_N400000_S101,101,sample,1786,triangle_1786,sailWall,-0.10985000000013134,0.5195021221227182,-0.04474888603336128,1.0,-9.871528841669238e-16,-2.9351607037130423e-12,0.000762392952495612,-8.080992028387935e-14,7484.538922892781,-1319.726150268671,-3.1329846075774326e-09,1.8142899275298e-08,-5.848065396746893e-09,-2.1323946027300188e-09,-5.025020705332075e-10,-4.16562541354865e-10,-2.1323946027300188e-09,-5.025020705332075e-10,-4.16562541354865e-10,1,False,250.0
b712773f15e0f684,20270301_h250_r0_p90_y80_TPMC_N400000_S101,101,sample,1787,triangle_1787,sailWall,-0.10985000000152456,-0.04456329186657371,-0.5193963489971153,1.0,-4.4796492507891024e-17,-2.9358493639937043e-12,0.0007707262770320882,-8.080992028387935e-14,7484.538922892781,-1319.726150268671,-2.2166192838184566e-08,1.025647168606571e-07,-2.5005016899377816e-08,5.4356883638412015e-08,8.70153221765935e-09,-1.2241328573123576e-08,5.4356883638412015e-08,8.70153221765935e-09,-1.2241328573123576e-08,8,False,250.0
b712773f15e0f684,20270301_h250_r0_p90_y80_TPMC_N400000_S101,101,sample,1788,triangle_1788,sailWall,-0.10984999999847654,-0.048161272322860986,0.5190298711760634,1.0,-1.2973539227377086e-15,-2.9336545292658232e-12,0.0007083162633670218,-8.080992028387935e-14,7484.538922892781,-1319.726150268671,-3.218030125006029e-08,1.7732418117510606e-07,-2.1342226264456583e-08,-9.144701040615385e-08,-1.9121845499755614e-08,-2.106141332814949e-08,-9.144701040615385e-08,-1.9121845499755614e-08,-2.106141332814949e-08,9,False,250.0
b712773f15e0f684,20270301_h250_r0_p90_y80_TPMC_N400000_S101,101,sample,1789,triangle_1789,sailWall,-0.10985000000152338,0.04845014535151637,-0.5189952368572613,0.9999999999999999,-2.522672230797223e-16,-2.9341791683660146e-12,0.0007268817823698282,-8.080992028387935e-14,7484.538922892781,-1319.726150268671,-4.286401106427554e-09,3.207714972753087e-08,-5.413210651255788e-09,1.6534224321682056e-08,1.6162831592799196e-09,-3.3403139586572413e-09,1.6534224321682056e-08,1.6162831592799196e-09,-3.3403139586572413e-09,2,False,250.0
b712773f15e0f684,20270301_h250_r0_p90_y80_TPMC_N400000_S101,101,sample,1790,triangle_1790,sailWall,-0.10984999999985784,0.5189952368207033,0.04845014538600103,1.0,-2.045972277566661e-16,-2.935254456947669e-12,0.0007268817833847934,-8.080992028387935e-14,7484.538922892781,-1319.726150268671,-1.758420470502027e-08,9.455124770767065e-08,-1.63535727141018e-08,-1.3208367076106148e-08,-2.6709718925946735e-09,-1.3216849082503156e-09,-1.3208367076106148e-08,-2.6709718925946735e-09,-1.3216849082503156e-09,5,False,250.0
b712773f15e0f684,20270301_h250_r0_p90_y80_TPMC_N400000_S101,101,sample,1791,triangle_1791,sailWall,-0.10985000000014221,-0.518995236820703,-0.04845014538535738,1.0,2.2426872195606466e-15,-2.9346102379527415e-12,0.000726881783384781,-8.080992028387935e-14,7484.538922892781,-1319.726150268671,-2.5524164777075993e-08,1.1621483976922774e-07,-1.967158412680725e-08,1.5865747082960554e-08,-9.201637631052148e-10,-2.6047939950121168e-08,1.5865747082960554e-08,-9.201637631052148e-10,-2.6047939950121168e-08,9,False,250.0
b712773f15e0f684,20270301_h250_r0_p90_y80_TPMC_N400000_S101,101,sample,1792,triangle_1792,sailWall,-0.1098499999999986,0.6294744785457072,0.00048108501055118175,0.9999999999999999,-5.271803318984676e-16,-2.93676288981029e-12,0.0007774543853421485,-8.080992028387935e-14,7484.538922892781,-1319.726150268671,-6.331612897660013e-09,3.988271186716549e-08,-7.975310806298079e-09,-4.870517514750022e-09,-8.300227746180023e-10,-4.004825281264001e-10,-4.870517514750022e-09,-8.300227746180023e-10,-4.004825281264001e-10,2,False,250.0
b712773f15e0f684,20270301_h250_r0_p90_y80_TPMC_N400000_S101,101,sample,1793,triangle_1793,sailWall,-0.10985000000184768,0.0004810850102285012,-0.6294744785453843,1.0,4.663961249304784e-16,-2.935779094792562e-12,0.0007774543853421459,-8.080992028387935e-14,7484.538922892781,-1319.726150268671,-1.2450052200998697e-08,1.0965986912590902e-07,-1.749579969900752e-08,6.911650043723386e-08,5.9126192269254874e-09,-1.2032606639025744e-08,6.911650043723386e-08,5.9126192269254874e-09,-1.2032606639025744e-08,5,False,250.0
b712773f15e0f684,20270301_h250_r0_p90_y80_TPMC_N400000_S101,101,sample,1794,triangle_1794,sailWall,-0.10985000000000143,-0.6294744785457068,-0.0004810850099060497,1.0,1.0452908697307114e-15,-2.93477919150831e-12,0.0007774543853421537,-8.080992028387935e-14,7484.538922892781,-1319.726150268671,-6.489043802525094e-09,3.443153941212358e-08,-1.0240648180023214e-08,6.67617653985661e-09,-1.08721720839492e-09,-7.848412090607744e-09,6.67617653985661e-09,-1.08721720839492e-09,-7.848412090607744e-09,4,False,250.0
b712773f15e0f684,20270301_h250_r0_p90_y80_TPMC_N400000_S101,101,sample,1795,triangle_1795,sailWall,-0.10984999999815359,0.0003624793462577702,0.6290584666416668,0.9999999999999999,-7.028417933973967e-16,-2.93748915604979e-12,0.0007931965301767091,-8.080992028387935e-14,7484.538922892781,-1319.726150268671,-1.8115756650012677e-08,9.84736798070355e-08,-2.118677637475411e-08,-6.186893351528266e-08,-1.3708702948822332e-08,-1.0694652536007401e-08,-6.186893351528266e-08,-1.3708702948822332e-08,-1.0694652536007401e-08,6,False,250.0
b712773f15e0f684,20270301_h250_r0_p90_y80_TPMC_N400000_S101,101,sample,1796,triangle_1796,sailWall,-0.10984999999924627,0.2549081596207572,0.2567791578537206,0.9999999999999999,5.667462312143972e-16,-2.935045328636803e-12,0.0006955918783695379,-8.080992028387935e-14,7484.538922892781,-1319.726150268671,-2.6829375239558386e-08,1.3633647529410478e-07,-3.148060953341254e-08,-4.272309609182578e-08,-1.0317409291133506e-08,-8.017047768600027e-09,-4.272309609182578e-08,-1.0317409291133506e-08,-8.017047768600027e-09,7,False,250.0
b712773f15e0f684,20270301_h250_r0_p90_y80_TPMC_N400000_S101,101,sample,1797,triangle_1797,sailWall,-0.10985000000075373,-0.25490815962075725,-0.2567791578530752,1.0,5.667462312579123e-16,-2.935045328636795e-12,0.0006955918783695447,-8.080992028387935e-14,7484.538922892781,-1319.726150268671,-1.203035870485404e-08,8.945040577920462e-08,-2.1443813105654876e-08,2.847328345549265e-08,7.575001195392866e-10,-1.289104410639375e-08,2.847328345549265e-08,7.575001195392866e-10,-1.289104410639375e-08,5,False,250.0
b712773f15e0f684,20270301_h250_r0_p90_y80_TPMC_N400000_S101,101,sample,1798,triangle_1798,sailWall,-0.10984999999925182,-0.2567679770781064,0.25489895334668977,1.0,-7.499345329736641e-16,-2.9347049167327034e-12,0.0006946116162479537,-8.080992028387935e-14,7484.538922892781,-1319.726150268671,-1.5028212432385255e-08,9.296700313060388e-08,-2.1043313242553694e-08,-1.81385211722252e-08,-6.123240860695405e-09,-1.4152394418312652e-08,-1.81385211722252e-08,-6.123240860695405e-09,-1.4152394418312652e-08,5,False,250.0
b712773f15e0f684,20270301_h250_r0_p90_y80_TPMC_N400000_S101,101,sample,1799,triangle_1799,sailWall,-0.10985000000074817,0.25676797707810556,-0.25489895334604556,0.9999999999999999,-3.795738299451929e-16,-2.9346888026369383e-12,0.0006946116162479661,-8.080992028387935e-14,7484.538922892781,-1319.726150268671,-1.1675209779816695e-08,5.0081113568685927e-08,-1.1712949500251158e-08,1.032178886409765e-08,1.7916361606164992e-09,-2.5944199295037976e-09,1.032178886409765e-08,1.7916361606164992e-09,-2.5944199295037976e-09,3,False,250.0
b712773f15e0f684,20270301_h250_r0_p90_y80_TPMC_N400000_S101,101,sample,1800,triangle_1800,sailWall,-0.1103499999999274,-0.680263157894737,0.024736842105580154,2.074404625294472e-12,-0.7071067811865549,0.7071067811865401,2.623738319665873e-05,-8.080992028387935e-14,7484.538922892781,-1319.726150268671,-1.6143216788663673e-09,3.88618559854138e-08,-7.0434417244130016e-09,3.629244116854878e-09,-8.310817872853071e-10,-5.362927966122436e-09,3.629244116854878e-09,-8.310817872853071e-10,-5.362927966122436e-09,2,False,250.0
b712773f15e0f684,20270301_h250_r0_p90_y80_TPMC_N400000_S101,101,sample,1801,triangle_1801,sailWall,-0.11034999999800328,-0.024736842105270027,0.6802631578950606,2.119859706725235e-12,-0.7071067811865566,0.7071067811865386,2.6237383196658635e-05,-8.080992028387935e-14,7484.538922892781,-1319.726150268671,1.0338955044269351e-09,1.0826813687369796e-07,-2.1614291442563215e-08,-7.314741272317632e-08,-1.629494988147696e-09,-1.1974637593261001e-08,-7.314741272317632e-08,-1.629494988147696e-09,-1.1974637593261001e-08,6,False,250.0
b712773f15e0f684,20270301_h250_r0_p90_y80_TPMC_N400000_S101,101,sample,1802,triangle_1802,sailWall,-0.11068333333329704,-0.6926315789473684,0.012368421052949446,2.0826691855546093e-12,-0.7071067811865547,0.7071067811865402,1.3118691598329365e-05,-8.080992028387935e-14,7484.538922892781,-1319.726150268671,-3.4603687247411335e-09,5.1747635785938844e-08,-7.261481499468261e-09,3.95684688525436e-09,-8.537259293517152e-10,-8.12115052697843e-09,3.95684688525436e-09,-8.537259293517152e-10,-8.12115052697843e-09,3,False,250.0
b712773f15e0f684,20270301_h250_r0_p90_y80_TPMC_N400000_S101,101,sample,1803,triangle_1803,sailWall,-0.11068333333130033,-0.012368421052638663,0.6926315789476932,2.0411201962889012e-12,-0.7071067811865559,0.7071067811865391,1.3118691598329309e-05,-8.080992028387935e-14,7484.538922892781,-1319.726150268671,-1.3831512198348683e-09,1.8356763469378663e-08,-2.7308570988351524e-09,-1.263724032219023e-08,-1.2577952144820156e-09,-2.054239630690248e-09,-1.263724032219023e-08,-1.2577952144820156e-09,-2.054239630690248e-09,1,False,250.0
b712773f15e0f684,20270301_h250_r0_p90_y80_TPMC_N400000_S101,101,sample,1804,triangle_1804,sailWall,-0.11001666666663036,-0.6926315789473684,0.01236842105294749,2.075505221134067e-12,-0.7071067811865549,0.7071067811865402,1.3118691598329363e-05,-8.080992028387935e-14,7484.538922892781,-1319.726150268671,4.331961966919934e-09,3.6025817047687974e-08,-6.475301439343301e-09,3.6115945183288803e-09,-6.410539954572837e-10,-9.7738201131609e-10,3.6115945183288803e-09,-6.410539954572837e-10,-9.7738201131609e-10,2,False,250.0
b712773f15e0f684,20270301_h250_r0_p90_y80_TPMC_N400000_S101,101,sample,1805,triangle_1805,sailWall,-0.11001666666463367,-0.012368421052638663,0.6926315789476912,2.0413463842539283e-12,-0.707106781186557,0.7071067811865381,1.3118691598329328e-05,-8.080992028387935e-14,7484.538922892781,-1319.726150268671,-4.0352991283068305e-10,5.214478377018047e-08,-7.116645948270219e-09,-3.5991944440983826e-08,-1.058660004626818e-09,-5.739169814167111e-09,-3.5991944440983826e-08,-1.058660004626818e-09,-5.739169814167111e-09,2,False,250.0
b712773f15e0f684,20270301_h250_r0_p90_y80_TPMC_N400000_S101,101,sample,1806,triangle_1806,sailWall,-0.11051666666648519,-0.6431578947368427,0.06184210526347572,2.0702723451644035e-12,-0.7071067811865549,0.7071067811865402,2.6237383196658727e-05,-8.080992028387935e-14,7484.538922892781,-1319.726150268671,-7.496289201604131e-10,6.888803694360507e-08,-1.7695800124515025e-08,7.749606041769994e-09,-2.0193550028127437e-09,-8.087721466197683e-09,7.749606041769994e-09,-2.0193550028127437e-09,-8.087721466197683e-09,3,False,250.0
b712773f15e0f684,20270301_h250_r0_p90_y80_TPMC_N400000_S101,101,sample,1807,triangle_1807,sailWall,-0.11018333333318814,-0.6555263157894741,0.04947368421084305,2.0754659688225917e-12,-0.7071067811865549,0.7071067811865401,2.623738319665873e-05,-8.080992028387935e-14,7484.538922892781,-1319.726150268671,2.336404694018582e-09,8.294385411615088e-08,-2.2470294903200648e-08,1.1132559351927275e-08,-2.384719249593373e-09,-7.564347498770327e-09,1.1132559351927275e-08,-2.384719249593373e-09,-7.564347498770327e-09,4,False,250.0
b712773f15e0f684,20270301_h250_r0_p90_y80_TPMC_N400000_S101,101,sample,1808,triangle_1808,sailWall,-0.11051666666637627,-0.6060526315789484,0.0989473684213708,2.119859706725256e-12,-0.7071067811865552,0.7071067811865399,2.6237383196658374e-05,-8.080992028387935e-14,7484.538922892781,-1319.726150268671,-4.353945918145614e-09,8.9179986757601e-08,-1.7335682197512633e-08,1.0632891278193646e-09,-2.3774355987239902e-09,-1.2434167789196149e-08,1.0632891278193646e-09,-2.3774355987239902e-09,-1.2434167789196149e-08,4,False,250.0
b712773f15e0f684,20270301_h250_r0_p90_y80_TPMC_N400000_S101,101,sample,1809,triangle_1809,sailWall,-0.11018333333307924,-0.6184210526315798,0.08657894736873811,2.070559429889206e-12,-0.7071067811865546,0.7071067811865406,2.6237383196658717e-05,-8.080992028387935e-14,7484.538922892781,-1319.726150268671,5.4837632668667705e-09,1.3371650124466655e-07,-2.7748229735745694e-08,5.9817216299134e-09,-2.5914510880109903e-09,-1.1314859652735607e-08,5.9817216299134e-09,-2.5914510880109903e-09,-1.1314859652735607e-08,6,False,250.0
b712773f15e0f684,20270301_h250_r0_p90_y80_TPMC_N400000_S101,101,sample,1810,triangle_1810,sailWall,-0.11051666666626736,-0.5689473684210541,0.13605263157926586,2.0578755047741993e-12,-0.7071067811865541,0.7071067811865408,2.6237383196658703e-05,-8.080992028387935e-14,7484.538922892781,-1319.726150268671,-2.275720219735213e-09,8.122372608003576e-08,-1.727541031848796e-08,-3.383332777094026e-10,-2.1973527667670897e-09,-1.029975668029474e-08,-3.383332777094026e-10,-2.1973527667670897e-09,-1.029975668029474e-08,3,False,250.0
b712773f15e0f684,20270301_h250_r0_p90_y80_TPMC_N400000_S101,101,sample,1811,triangle_1811,sailWall,-0.11018333333297033,-0.5813157894736855,0.1236842105266332,2.1196248192231016e-12,-0.7071067811865549,0.70710678118654,2.6237383196658368e-05,-8.080992028387935e-14,7484.538922892781,-1319.726150268671,4.0445378523358235e-10,1.8555639066034666e-07,-3.2707662761774756e-08,-2.9680435061353763e-09,-3.5395637311115e-09,-2.0228569901153638e-08,-2.9680435061353763e-09,-3.5395637311115e-09,-2.0228569901153638e-08,9,False,250.0
b712773f15e0f684,20270301_h250_r0_p90_y80_TPMC_N400000_S101,101,sample,1812,triangle_1812,sailWall,-0.11051666666615843,-0.5318421052631598,0.1731578947371609,2.057875504774402e-12,-0.7071067811865552,0.7071067811865398,2.6237383196656114e-05,-8.080992028387935e-14,7484.538922892781,-1319.726150268671,-6.19084808842026e-10,3.816424154673106e-08,-9.476901727489314e-09,-1.8696030093665924e-09,-1.1625387612874618e-09,-4.529246574263041e-09,-1.8696030093665924e-09,-1.1625387612874618e-09,-4.529246574263041e-09,2,False,250.0
b712773f15e0f684,20270301_h250_r0_p90_y80_TPMC_N400000_S101,101,sample,1813,triangle_1813,sailWall,-0.11018333333286144,-0.5442105263157913,0.16078947368452823,2.0607463520224303e-12,-0.7071067811865552,0.7071067811865398,2.6237383196658662e-05,-8.080992028387935e-14,7484.538922892781,-1319.726150268671,4.463731214901039e-09,7.512975112784073e-08,-1.434244248602022e-08,-5.444063550591434e-09,-7.953461073757825e-10,-5.889549522522757e-09,-5.444063550591434e-09,-7.953461073757825e-10,-5.889549522522757e-09,3,False,250.0
b712773f15e0f684,20270301_h250_r0_p90_y80_TPMC_N400000_S101,101,sample,1814,triangle_1814,sailWall,-0.11051666666604949,-0.4947368421052656,0.21026315789505592,2.041120196289083e-12,-0.707106781186555,0.7071067811865401,2.6237383196656182e-05,-8.080992028387935e-14,7484.538922892781,-1319.726150268671,-7.841864576547129e-10,7.424242661026696e-08,-1.4948509222403753e-08,-8.603773715456003e-09,-1.8177580469419645e-09,-8.573764094718249e-09,-8.603773715456003e-09,-1.8177580469419645e-09,-8.573764094718249e-09,4,False,250.0
b712773f15e0f684,20270301_h250_r0_p90_y80_TPMC_N400000_S101,101,sample,1815,triangle_1815,sailWall,-0.1101833333327525,-0.507105263157897,0.19789473684242329,2.060746352022631e-12,-0.7071067811865552,0.7071067811865399,2.6237383196656192e-05,-8.080992028387935e-14,7484.538922892781,-1319.726150268671,-1.0403288150144488e-09,8.924949780853882e-08,-2.1641507331534315e-08,-6.98340469156677e-09,-2.569862186391582e-09,-1.0378441634573202e-08,-6.98340469156677e-09,-2.569862186391582e-09,-1.0378441634573202e-08,5,False,250.0
b712773f15e0f684,20270301_h250_r0_p90_y80_TPMC_N400000_S101,101,sample,1816,triangle_1816,sailWall,-0.11051666666594057,-0.45763157894737133,0.24736842105295095,2.1198597067252317e-12,-0.7071067811865555,0.7071067811865396,2.6237383196658676e-05,-8.080992028387935e-14,7484.538922892781,-1319.726150268671,-4.747524733680126e-09,1.0423250707679554e-07,-2.245883211870583e-08,-1.561004876105937e-08,-3.668634858497823e-09,-1.3683842842330074e-08,-1.561004876105937e-08,-3.668634858497823e-09,-1.3683842842330074e-08,5,False,250.0
b712773f15e0f684,20270301_h250_r0_p90_y80_TPMC_N400000_S101,101,sample,1817,triangle_1817,sailWall,-0.11018333333264357,-0.4700000000000027,0.2350000000003183,2.0411201962890842e-12,-0.7071067811865545,0.7071067811865407,2.6237383196656084e-05,-8.080992028387935e-14,7484.538922892781,-1319.726150268671,-8.071091439838373e-09,1.1231376392844233e-07,-3.104991205153326e-08,-1.2402148642982644e-08,-5.337221372578994e-09,-1.6126109002306183e-08,-1.2402148642982644e-08,-5.337221372578994e-09,-1.6126109002306183e-08,6,False,250.0
b712773f15e0f684,20270301_h250_r0_p90_y80_TPMC_N400000_S101,101,sample,1818,triangle_1818,sailWall,-0.11051666666583167,-0.420526315789477,0.28447368421084596,2.041346384253925e-12,-0.7071067811865539,0.707106781186541,2.6237383196658693e-05,-8.080992028387935e-14,7484.538922892781,-1319.726150268671,2.748609895537311e-09,3.3052732241775634e-08,-8.188709012015064e-09,-5.881984452460123e-09,-1.278506606595092e-10,-2.4929800524980352e-09,-5.881984452460123e-09,-1.278506606595092e-10,-2.4929800524980352e-09,2,False,250.0
b712773f15e0f684,20270301_h250_r0_p90_y80_TPMC_N400000_S101,101,sample,1819,triangle_1819,sailWall,-0.11018333333253465,-0.4328947368421085,0.2721052631582133,2.1196248192230726e-12,-0.707106781186555,0.7071067811865401,2.623738319665873e-05,-8.080992028387935e-14,7484.538922892781,-1319.726150268671,3.5047450483190958e-09,6.088963186157004e-08,-1.55614448327586e-08,-1.0570837278623451e-08,-7.517814425594089e-10,-5.18694707988505e-09,-1.0570837278623451e-08,-7.517814425594089e-10,-5.18694707988505e-09,3,False,250.0
b712773f15e0f684,20270301_h250_r0_p90_y80_TPMC_N400000_S101,101,sample,1820,triangle_1820,sailWall,-0.11051666666572275,-0.38342105263158266,0.321578947368741,2.041120196288887e-12,-0.7071067811865538,0.7071067811865411,2.6237383196658774e-05,-8.080992028387935e-14,7484.538922892781,-1319.726150268671,6.609256113379483e-09,9.814145359712993e-08,-2.2669887690229554e-08,-2.2798325501075407e-08,-3.714381953361136e-10,-8.315623633683096e-09,-2.2798325501075407e-08,-3.714381953361136e-10,-8.315623633683096e-09,6,False,250.0
b712773f15e0f684,20270301_h250_r0_p90_y80_TPMC_N400000_S101,101,sample,1821,triangle_1821,sailWall,-0.11018333333242573,-0.3957894736842141,0.3092105263161084,2.041120196288887e-12,-0.7071067811865538,0.7071067811865411,2.6237383196658774e-05,-8.080992028387935e-14,7484.538922892781,-1319.726150268671,3.5650899673591347e-09,2.0416487681586568e-07,-4.9888889756422893e-08,-4.307475778852609e-08,-4.444333867062e-09,-2.1049132537975044e-08,-4.307475778852609e-08,-4.444333867062e-09,-2.1049132537975044e-08,9,False,250.0
b712773f15e0f684,20270301_h250_r0_p90_y80_TPMC_N400000_S101,101,sample,1822,triangle_1822,sailWall,-0.11051666666561388,-0.3463157894736883,0.3586842105266362,2.041120196288883e-12,-0.7071067811865555,0.7071067811865397,2.623738319665879e-05,-8.080992028387935e-14,7484.538922892781,-1319.726150268671,1.8362770380190119e-09,6.412717329633043e-08,-1.746809783359763e-08,-1.7233028489846494e-08,-1.2553786452733982e-09,-6.457201200110132e-09,-1.7233028489846494e-08,-1.2553786452733982e-09,-6.457201200110132e-09,3,False,250.0
b712773f15e0f684,20270301_h250_r0_p90_y80_TPMC_N400000_S101,101,sample,1823,triangle_1823,sailWall,-0.11018333333231684,-0.3586842105263197,0.3463157894740035,2.041346384253918e-12,-0.7071067811865555,0.7071067811865397,2.623738319665879e-05,-8.080992028387935e-14,7484.538922892781,-1319.726150268671,-9.151389030027497e-10,7.302723061071176e-08,-1.7164364824017217e-08,-1.9037033261683137e-08,-2.184185993295105e-09,-8.393665439276309e-09,-1.9037033261683137e-08,-2.184185993295105e-09,-8.393665439276309e-09,4,False,250.0
b712773f15e0f684,20270301_h250_r0_p90_y80_TPMC_N400000_S101,101,sample,1824,triangle_1824,sailWall,-0.11051666666550497,-0.3092105263157939,0.3957894736845313,2.08037250775598e-12,-0.7071067811865543,0.7071067811865407,2.623738319665879e-05,-8.080992028387935e-14,7484.538922892781,-1319.726150268671,1.2239576595681374e-09,1.348448802859755e-07,-2.8234897872306648e-08,-4.496883768332778e-08,-2.5313241150005816e-09,-1.4628949239241435e-08,-4.496883768332778e-08,-2.5313241150005816e-09,-1.4628949239241435e-08,7,False,250.0
b712773f15e0f684,20270301_h250_r0_p90_y80_TPMC_N400000_S101,101,sample,1825,triangle_1825,sailWall,-0.11018333333220794,-0.32157894736842535,0.38342105263189863,2.041346384253919e-12,-0.7071067811865538,0.7071067811865411,2.6237383196658774e-05,-8.080992028387935e-14,7484.538922892781,-1319.726150268671,-8.659962657935132e-10,3.735166005711779e-08,-9.399519755863903e-09,-1.1211165303255091e-08,-1.3544181291737848e-09,-4.402189939081291e-09,-1.1211165303255091e-08,-1.3544181291737848e-09,-4.402189939081291e-09,2,False,250.0
b712773f15e0f684,20270301_h250_r0_p90_y80_TPMC_N400000_S101,101,sample,1826,triangle_1826,sailWall,-0.11051666666539607,-0.27210526315789935,0.4328947368424265,2.0018678848217934e-12,-0.7071067811865539,0.7071067811865411,2.6237383196658852e-05,-8.080992028387935e-14,7484.538922892781,-1319.726150268671,4.244334817346417e-09,1.11517889072637e-07,-3.236564612799095e-08,-4.030632893259786e-08,-1.7209770488789232e-09,-1.1169568671994207e-08,-4.030632893259786e-08,-1.7209770488789232e-09,-1.1169568671994207e-08,4,False,250.0
b712773f15e0f684,20270301_h250_r0_p90_y80_TPMC_N400000_S101,101,sample,1827,triangle_1827,sailWall,-0.11018333333209905,-0.2844736842105309,0.4205263157897938,2.0826691855545964e-12,-0.7071067811865549,0.70710678118654,2.623738319665889e-05,-8.080992028387935e-14,7484.538922892781,-1319.726150268671,1.344387520472918e-09,3.5223534702002783e-08,-8.971977971491206e-09,-1.1837830368427094e-08,-4.487821647143216e-10,-3.4782073482339596e-09,-1.1837830368427094e-08,-4.487821647143216e-10,-3.4782073482339596e-09,2,False,250.0
b712773f15e0f684,20270301_h250_r0_p90_y80_TPMC_N400000_S101,101,sample,1828,triangle_1828,sailWall,-0.11051666666528716,-0.2350000000000049,0.4700000000003219,2.0411201962888814e-12,-0.707106781186556,0.707106781186539,2.623738319665889e-05,-8.080992028387935e-14,7484.538922892781,-1319.726150268671,6.327634309800949e-09,1.0602582655800432e-07,-2.3034547116388417e-08,-4.511356024120328e-08,4.1917085412709584e-10,-1.0226127243765982e-08,-4.511356024120328e-08,4.1917085412709584e-10,-1.0226127243765982e-08,5,False,250.0
b712773f15e0f684,20270301_h250_r0_p90_y80_TPMC_N400000_S101,101,sample,1829,triangle_1829,sailWall,-0.11018333333199014,-0.24736842105263637,0.4576315789476891,2.000023582953225e-12,-0.7071067811865555,0.7071067811865396,2.6237383196658872e-05,-8.080992028387935e-14,7484.538922892781,-1319.726150268671,-8.041744108256728e-09,8.390507318240698e-08,-1.4246249264635847e-08,-3.5004136018263126e-08,-5.264551776949939e-09,-1.1206474305536519e-08,-3.5004136018263126e-08,-5.264551776949939e-09,-1.1206474305536519e-08,4,False,250.0
b712773f15e0f684,20270301_h250_r0_p90_y80_TPMC_N400000_S101,101,sample,1830,triangle_1830,sailWall,-0.11051666666517827,-0.19789473684211037,0.5071052631582171,2.0411201962889138e-12,-0.7071067811865548,0.7071067811865404,2.6237383196658496e-05,-8.080992028387935e-14,7484.538922892781,-1319.726150268671,4.836912045743002e-10,6.52514064134343e-08,-1.1471318688017843e-08,-3.1245023518193836e-08,-1.0193692518523326e-09,-7.112791826300251e-09,-3.1245023518193836e-08,-1.0193692518523326e-09,-7.112791826300251e-09,2,False,250.0
b712773f15e0f684,20270301_h250_r0_p90_y80_TPMC_N400000_S101,101,sample,1831,triangle_1831,sailWall,-0.11018333333188124,-0.2102631578947419,0.49473684210558444,2.041346384253912e-12,-0.7071067811865547,0.7071067811865404,2.623738319665886e-05,-8.080992028387935e-14,7484.538922892781,-1319.726150268671,-4.89620585542727e-09,5.588274241991645e-08,-6.481210372713146e-09,-2.639789057086407e-08,-3.133864130212751e-09,-7.179413248499065e-09,-2.639789057086407e-08,-3.133864130212751e-09,-7.179413248499065e-09,3,False,250.0
b712773f15e0f684,20270301_h250_r0_p90_y80_TPMC_N400000_S101,101,sample,1832,triangle_1832,sailWall,-0.11051666666510562,-0.1731578947368474,0.5318421052634806,2.0413463842539425e-12,-0.7071067811865542,0.7071067811865409,2.6237383196658476e-05,-8.080992028387935e-14,7484.538922892781,-1319.726150268671,-5.90554138277435e-10,8.745111800843655e-08,-1.799039853948344e-08,-4.311324230441029e-08,-2.3009120290875683e-09,-9.76034301122277e-09,-4.311324230441029e-08,-2.3009120290875683e-09,-9.76034301122277e-09,4,False,250.0
b712773f15e0f684,20270301_h250_r0_p90_y80_TPMC_N400000_S101,101,sample,1833,triangle_1833,sailWall,-0.11051666666499667,-0.1360526315789529,0.5689473684213758,1.958700781652538e-12,-0.7071067811865553,0.7071067811865397,2.6237383196658876e-05,-8.080992028387935e-14,7484.538922892781,-1319.726150268671,-2.8196168267280875e-09,7.019669319002188e-08,-1.2390467567343846e-08,-3.872432032757871e-08,-2.923690590237741e-09,-8.19603245638352e-09,-3.872432032757871e-08,-2.923690590237741e-09,-8.19603245638352e-09,3,False,250.0
b712773f15e0f684,20270301_h250_r0_p90_y80_TPMC_N400000_S101,101,sample,1834,triangle_1834,sailWall,-0.11018333333173597,-0.1607894736842159,0.5442105263161114,1.962615573354696e-12,-0.7071067811865552,0.7071067811865398,2.623738319665888e-05,-8.080992028387935e-14,7484.538922892781,-1319.726150268671,1.1034806891164575e-08,5.8284965460529267e-08,-1.4973346201224574e-08,-2.9249020222148154e-08,4.348106121739419e-09,-4.6411395387954356e-09,-2.9249020222148154e-08,4.348106121739419e-09,-4.6411395387954356e-09,3,False,250.0
b712773f15e0f684,20270301_h250_r0_p90_y80_TPMC_N400000_S101,101,sample,1835,triangle_1835,sailWall,-0.11051666666485145,-0.08657894736842704,0.6184210526319027,2.0411201962888843e-12,-0.7071067811865551,0.70710678118654,2.6237383196658727e-05,-8.080992028387935e-14,7484.538922892781,-1319.726150268671,-6.368679939689351e-10,3.777183138057194e-08,-3.6226937827526427e-09,-2.292277600446625e-08,-8.110406536522741e-10,-4.21157689262527e-09,-2.292277600446625e-08,-8.110406536522741e-10,-4.21157689262527e-09,2,False,250.0
b712773f15e0f684,20270301_h250_r0_p90_y80_TPMC_N400000_S101,101,sample,1836,triangle_1836,sailWall,-0.11018333333162704,-0.1236842105263214,0.5813157894740066,2.119624819223077e-12,-0.7071067811865531,0.7071067811865417,2.6237383196658798e-05,-8.080992028387935e-14,7484.538922892781,-1319.726150268671,-8.881376477150131e-09,1.048709756500314e-07,-2.7949335450249997e-08,-5.8389416981575794e-08,-8.283486339267243e-09,-1.26138358190124e-08,-5.8389416981575794e-08,-8.283486339267243e-09,-1.26138358190124e-08,5,False,250.0
b712773f15e0f684,20270301_h250_r0_p90_y80_TPMC_N400000_S101,101,sample,1837,triangle_1837,sailWall,-0.11018333333155443,-0.09894736842105849,0.6060526315792701,2.1198597067252244e-12,-0.7071067811865561,0.7071067811865389,2.6237383196658764e-05,-8.080992028387935e-14,7484.538922892781,-1319.726150268671,3.5977329238393314e-11,7.064870671029057e-08,-1.2090681535431287e-08,-4.14852212640371e-08,-1.319577980698161e-09,-7.77584794012784e-09,-4.14852212640371e-08,-1.319577980698161e-09,-7.77584794012784e-09,3,False,250.0
b712773f15e0f684,20270301_h250_r0_p90_y80_TPMC_N400000_S101,101,sample,1838,triangle_1838,sailWall,-0.11051666666474258,-0.049473684210532796,0.6555263157897977,2.119624819223073e-12,-0.7071067811865547,0.7071067811865404,2.623738319665866e-05,-8.080992028387935e-14,7484.538922892781,-1319.726150268671,1.7042753405542608e-09,1.3619897792671043e-07,-2.6192716808893066e-08,-8.818354767345515e-08,-1.73148769902712e-09,-1.502554397958843e-08,-8.818354767345515e-08,-1.73148769902712e-09,-1.502554397958843e-08,6,False,250.0
b712773f15e0f684,20270301_h250_r0_p90_y80_TPMC_N400000_S101,101,sample,1839,triangle_1839,sailWall,-0.11018333333144553,-0.0618421052631642,0.6431578947371651,2.041346384253931e-12,-0.7071067811865537,0.7071067811865415,2.6237383196658618e-05,-8.080992028387935e-14,7484.538922892781,-1319.726150268671,2.4865833830728805e-09,7.351792827283569e-08,-1.6830881565818183e-08,-4.6081088941653134e-08,-2.1953987908258611e-10,-7.980155267568155e-09,-4.6081088941653134e-08,-2.1953987908258611e-10,-7.980155267568155e-09,4,False,250.0
b712773f15e0f684,20270301_h250_r0_p90_y80_TPMC_N400000_S101,101,sample,1840,triangle_1840,sailWall,-0.11034999999800328,0.024736842105256156,0.6802631578950611,2.119859706725226e-12,0.7071067811865387,0.7071067811865566,2.6237383196658747e-05,-8.080992028387935e-14,7484.538922892781,-1319.726150268671,0.0,0.0,0.0,0.0,0.0,0.0,0.0,0.0,0.0,0,True,250.0
b712773f15e0f684,20270301_h250_r0_p90_y80_TPMC_N400000_S101,101,sample,1841,triangle_1841,sailWall,-0.11034999999992741,0.6802631578947368,0.024736842105593914,2.075465968822633e-12,0.7071067811865408,0.7071067811865542,2.6237383196658445e-05,-8.080992028387935e-14,7484.538922892781,-1319.726150268671,0.0,0.0,0.0,0.0,0.0,0.0,0.0,0.0,0.0,0,True,250.0
b712773f15e0f684,20270301_h250_r0_p90_y80_TPMC_N400000_S101,101,sample,1842,triangle_1842,sailWall,-0.11068333333130033,0.012368421052624428,0.6926315789476934,2.041120196288913e-12,0.7071067811865382,0.7071067811865569,1.3118691598329363e-05,-8.080992028387935e-14,7484.538922892781,-1319.726150268671,0.0,0.0,0.0,0.0,0.0,0.0,0.0,0.0,0.0,0,True,250.0
b712773f15e0f684,20270301_h250_r0_p90_y80_TPMC_N400000_S101,101,sample,1843,triangle_1843,sailWall,-0.11068333333329704,0.6926315789473684,0.012368421052963575,2.0744046252944944e-12,0.7071067811865407,0.7071067811865542,1.3118691598329221e-05,-8.080992028387935e-14,7484.538922892781,-1319.726150268671,0.0,0.0,0.0,0.0,0.0,0.0,0.0,0.0,0.0,0,True,250.0
b712773f15e0f684,20270301_h250_r0_p90_y80_TPMC_N400000_S101,101,sample,1844,triangle_1844,sailWall,-0.11001666666463367,0.012368421052624428,0.6926315789476915,2.0411201962889057e-12,0.7071067811865391,0.7071067811865559,1.3118691598329382e-05,-8.080992028387935e-14,7484.538922892781,-1319.726150268671,0.0,0.0,0.0,0.0,0.0,0.0,0.0,0.0,0.0,0,True,250.0
b712773f15e0f684,20270301_h250_r0_p90_y80_TPMC_N400000_S101,101,sample,1845,triangle_1845,sailWall,-0.11001666666663036,0.6926315789473684,0.012368421052961619,2.075505221134108e-12,0.7071067811865407,0.7071067811865542,1.3118691598329221e-05,-8.080992028387935e-14,7484.538922892781,-1319.726150268671,0.0,0.0,0.0,0.0,0.0,0.0,0.0,0.0,0.0,0,True,250.0
b712773f15e0f684,20270301_h250_r0_p90_y80_TPMC_N400000_S101,101,sample,1846,triangle_1846,sailWall,-0.11051666666477887,0.061842105263151315,0.6431578947371672,1.9628330617826104e-12,0.7071067811865417,0.7071067811865533,2.623738319665883e-05,-8.080992028387935e-14,7484.538922892781,-1319.726150268671,0.0,0.0,0.0,0.0,0.0,0.0,0.0,0.0,0.0,0,True,250.0
b712773f15e0f684,20270301_h250_r0_p90_y80_TPMC_N400000_S101,101,sample,1847,triangle_1847,sailWall,-0.11018333333140924,0.0494736842105196,0.6555263157897977,2.1196248192231178e-12,0.7071067811865396,0.7071067811865553,2.6237383196658754e-05,-8.080992028387935e-14,7484.538922892781,-1319.726150268671,0.0,0.0,0.0,0.0,0.0,0.0,0.0,0.0,0.0,0,True,250.0
b712773f15e0f684,20270301_h250_r0_p90_y80_TPMC_N400000_S101,101,sample,1848,triangle_1848,sailWall,-0.11051666666488776,0.09894736842104647,0.6060526315792728,2.0413463842539194e-12,0.707106781186539,0.7071067811865558,2.6237383196658767e-05,-8.080992028387935e-14,7484.538922892781,-1319.726150268671,0.0,0.0,0.0,0.0,0.0,0.0,0.0,0.0,0.0,0,True,250.0
b712773f15e0f684,20270301_h250_r0_p90_y80_TPMC_N400000_S101,101,sample,1849,triangle_1849,sailWall,-0.11018333333151813,0.08657894736841475,0.6184210526319033,1.962615573354737e-12,0.7071067811865401,0.7071067811865548,2.6237383196658805e-05,-8.080992028387935e-14,7484.538922892781,-1319.726150268671,0.0,0.0,0.0,0.0,0.0,0.0,0.0,0.0,0.0,0,True,250.0
b712773f15e0f684,20270301_h250_r0_p90_y80_TPMC_N400000_S101,101,sample,1850,triangle_1850,sailWall,-0.11051666666496036,0.1236842105263099,0.5813157894740099,2.041120196288924e-12,0.7071067811865411,0.7071067811865538,2.6237383196658774e-05,-8.080992028387935e-14,7484.538922892781,-1319.726150268671,0.0,0.0,0.0,0.0,0.0,0.0,0.0,0.0,0.0,0,True,250.0
b712773f15e0f684,20270301_h250_r0_p90_y80_TPMC_N400000_S101,101,sample,1851,triangle_1851,sailWall,-0.11051666666510558,0.17315789473683676,0.531842105263484,2.119859706725459e-12,0.7071067811865391,0.707106781186556,2.623738319665586e-05,-8.080992028387935e-14,7484.538922892781,-1319.726150268671,0.0,0.0,0.0,0.0,0.0,0.0,0.0,0.0,0.0,0,True,250.0
b712773f15e0f684,20270301_h250_r0_p90_y80_TPMC_N400000_S101,101,sample,1852,triangle_1852,sailWall,-0.11018333333166334,0.1360526315789416,0.5689473684213774,2.041346384253919e-12,0.7071067811865411,0.7071067811865538,2.6237383196658774e-05,-8.080992028387935e-14,7484.538922892781,-1319.726150268671,0.0,0.0,0.0,0.0,0.0,0.0,0.0,0.0,0.0,0,True,250.0
b712773f15e0f684,20270301_h250_r0_p90_y80_TPMC_N400000_S101,101,sample,1853,triangle_1853,sailWall,-0.11018333333173597,0.16078947368420501,0.5442105263161146,2.041120196288927e-12,0.7071067811865401,0.7071067811865549,2.6237383196658808e-05,-8.080992028387935e-14,7484.538922892781,-1319.726150268671,0.0,0.0,0.0,0.0,0.0,0.0,0.0,0.0,0.0,0,True,250.0
b712773f15e0f684,20270301_h250_r0_p90_y80_TPMC_N400000_S101,101,sample,1854,triangle_1854,sailWall,-0.11051666666521454,0.21026315789473182,0.4947368421055897,2.041120196288922e-12,0.707106781186542,0.7071067811865531,2.623738319665874e-05,-8.080992028387935e-14,7484.538922892781,-1319.726150268671,0.0,0.0,0.0,0.0,0.0,0.0,0.0,0.0,0.0,0,True,250.0
b712773f15e0f684,20270301_h250_r0_p90_y80_TPMC_N400000_S101,101,sample,1855,triangle_1855,sailWall,-0.1101833333318449,0.19789473684210016,0.5071052631582202,2.1196248192233492e-12,0.7071067811865408,0.707106781186554,2.6237383196655793e-05,-8.080992028387935e-14,7484.538922892781,-1319.726150268671,0.0,0.0,0.0,0.0,0.0,0.0,0.0,0.0,0.0,0,True,250.0
b712773f15e0f684,20270301_h250_r0_p90_y80_TPMC_N400000_S101,101,sample,1856,triangle_1856,sailWall,-0.11051666666532346,0.247368421052627,0.4576315789476953,2.080372507756024e-12,0.7071067811865392,0.7071067811865557,2.6237383196658805e-05,-8.080992028387935e-14,7484.538922892781,-1319.726150268671,0.0,0.0,0.0,0.0,0.0,0.0,0.0,0.0,0.0,0,True,250.0
b712773f15e0f684,20270301_h250_r0_p90_y80_TPMC_N400000_S101,101,sample,1857,triangle_1857,sailWall,-0.11018333333195383,0.23499999999999524,0.47000000000032577,2.041120196288928e-12,0.7071067811865399,0.7071067811865552,2.623738319665882e-05,-8.080992028387935e-14,7484.538922892781,-1319.726150268671,0.0,0.0,0.0,0.0,0.0,0.0,0.0,0.0,0.0,0,True,250.0
b712773f15e0f684,20270301_h250_r0_p90_y80_TPMC_N400000_S101,101,sample,1858,triangle_1858,sailWall,-0.11051666666539607,0.27210526315789035,0.43289473684243235,2.0826691855546117e-12,0.707106781186541,0.7071067811865539,2.6237383196658693e-05,-8.080992028387935e-14,7484.538922892781,-1319.726150268671,0.0,0.0,0.0,0.0,0.0,0.0,0.0,0.0,0.0,0,True,250.0
b712773f15e0f684,20270301_h250_r0_p90_y80_TPMC_N400000_S101,101,sample,1859,triangle_1859,sailWall,-0.11051666666554127,0.3215789473684173,0.38342105263190646,2.082669185554592e-12,0.7071067811865396,0.7071067811865555,2.6237383196658947e-05,-8.080992028387935e-14,7484.538922892781,-1319.726150268671,0.0,0.0,0.0,0.0,0.0,0.0,0.0,0.0,0.0,0,True,250.0
b712773f15e0f684,20270301_h250_r0_p90_y80_TPMC_N400000_S101,101,sample,1860,triangle_1860,sailWall,-0.11018333333209902,0.28447368421052205,0.4205263157898,2.0411201962889255e-12,0.7071067811865406,0.7071067811865545,2.6237383196658676e-05,-8.080992028387935e-14,7484.538922892781,-1319.726150268671,0.0,0.0,0.0,0.0,0.0,0.0,0.0,0.0,0.0,0,True,250.0
b712773f15e0f684,20270301_h250_r0_p90_y80_TPMC_N400000_S101,101,sample,1861,triangle_1861,sailWall,-0.11018333333217163,0.3092105263157855,0.39578947368453704,2.0411201962889275e-12,0.7071067811865402,0.707106781186555,2.6237383196658967e-05,-8.080992028387935e-14,7484.538922892781,-1319.726150268671,0.0,0.0,0.0,0.0,0.0,0.0,0.0,0.0,0.0,0,True,250.0
b712773f15e0f684,20270301_h250_r0_p90_y80_TPMC_N400000_S101,101,sample,1862,triangle_1862,sailWall,-0.11051666666565017,0.35868421052631244,0.3463157894740121,2.0803725077560216e-12,0.7071067811865401,0.7071067811865549,2.6237383196658733e-05,-8.080992028387935e-14,7484.538922892781,-1319.726150268671,0.0,0.0,0.0,0.0,0.0,0.0,0.0,0.0,0.0,0,True,250.0
b712773f15e0f684,20270301_h250_r0_p90_y80_TPMC_N400000_S101,101,sample,1863,triangle_1863,sailWall,-0.11018333333228054,0.3463157894736808,0.35868421052664257,2.0803725077560216e-12,0.7071067811865401,0.7071067811865549,2.6237383196658733e-05,-8.080992028387935e-14,7484.538922892781,-1319.726150268671,0.0,0.0,0.0,0.0,0.0,0.0,0.0,0.0,0.0,0,True,250.0
b712773f15e0f684,20270301_h250_r0_p90_y80_TPMC_N400000_S101,101,sample,1864,triangle_1864,sailWall,-0.11051666666575906,0.39578947368420764,0.30921052631611756,2.0411201962889214e-12,0.7071067811865424,0.7071067811865529,2.6237383196658886e-05,-8.080992028387935e-14,7484.538922892781,-1319.726150268671,0.0,0.0,0.0,0.0,0.0,0.0,0.0,0.0,0.0,0,True,250.0
b712773f15e0f684,20270301_h250_r0_p90_y80_TPMC_N400000_S101,101,sample,1865,triangle_1865,sailWall,-0.11018333333238943,0.38342105263157594,0.3215789473687481,2.082669185554598e-12,0.7071067811865417,0.7071067811865533,2.6237383196658872e-05,-8.080992028387935e-14,7484.538922892781,-1319.726150268671,0.0,0.0,0.0,0.0,0.0,0.0,0.0,0.0,0.0,0,True,250.0
b712773f15e0f684,20270301_h250_r0_p90_y80_TPMC_N400000_S101,101,sample,1866,triangle_1866,sailWall,-0.11051666666586797,0.43289473684210295,0.2721052631582232,2.1196248192231243e-12,0.7071067811865376,0.7071067811865577,2.623738319665879e-05,-8.080992028387935e-14,7484.538922892781,-1319.726150268671,0.0,0.0,0.0,0.0,0.0,0.0,0.0,0.0,0.0,0,True,250.0
b712773f15e0f684,20270301_h250_r0_p90_y80_TPMC_N400000_S101,101,sample,1867,triangle_1867,sailWall,-0.11018333333249834,0.4205263157894712,0.2844736842108536,2.0413463842539146e-12,0.7071067811865386,0.7071067811865566,2.6237383196658832e-05,-8.080992028387935e-14,7484.538922892781,-1319.726150268671,0.0,0.0,0.0,0.0,0.0,0.0,0.0,0.0,0.0,0,True,250.0
b712773f15e0f684,20270301_h250_r0_p90_y80_TPMC_N400000_S101,101,sample,1868,triangle_1868,sailWall,-0.11051666666597693,0.46999999999999814,0.23500000000032872,2.0411201962889243e-12,0.7071067811865411,0.7071067811865538,2.623738319665885e-05,-8.080992028387935e-14,7484.538922892781,-1319.726150268671,0.0,0.0,0.0,0.0,0.0,0.0,0.0,0.0,0.0,0,True,250.0
b712773f15e0f684,20270301_h250_r0_p90_y80_TPMC_N400000_S101,101,sample,1869,triangle_1869,sailWall,-0.11018333333260727,0.45763157894736645,0.24736842105295928,2.1198597067252208e-12,0.7071067811865401,0.707106781186555,2.623738319665881e-05,-8.080992028387935e-14,7484.538922892781,-1319.726150268671,0.0,0.0,0.0,0.0,0.0,0.0,0.0,0.0,0.0,0,True,250.0
b712773f15e0f684,20270301_h250_r0_p90_y80_TPMC_N400000_S101,101,sample,1870,triangle_1870,sailWall,-0.1105166666660858,0.5071052631578933,0.1978947368424343,2.0607463520224723e-12,0.707106781186541,0.7071067811865541,2.623738319665876e-05,-8.080992028387935e-14,7484.538922892781,-1319.726150268671,0.0,0.0,0.0,0.0,0.0,0.0,0.0,0.0,0.0,0,True,250.0
b712773f15e0f684,20270301_h250_r0_p90_y80_TPMC_N400000_S101,101,sample,1871,triangle_1871,sailWall,-0.1101833333327162,0.4947368421052616,0.2102631578950648,2.041346384253919e-12,0.7071067811865411,0.7071067811865538,2.6237383196658774e-05,-8.080992028387935e-14,7484.538922892781,-1319.726150268671,0.0,0.0,0.0,0.0,0.0,0.0,0.0,0.0,0.0,0,True,250.0
b712773f15e0f684,20270301_h250_r0_p90_y80_TPMC_N400000_S101,101,sample,1872,triangle_1872,sailWall,-0.11051666666619474,0.5442105263157885,0.16078947368453986,2.041120196288928e-12,0.7071067811865398,0.7071067811865552,2.623738319665888e-05,-8.080992028387935e-14,7484.538922892781,-1319.726150268671,0.0,0.0,0.0,0.0,0.0,0.0,0.0,0.0,0.0,0,True,250.0
b712773f15e0f684,20270301_h250_r0_p90_y80_TPMC_N400000_S101,101,sample,1873,triangle_1873,sailWall,-0.11018333333282505,0.5318421052631568,0.17315789473717036,2.0620077849042547e-12,0.7071067811865396,0.7071067811865555,2.6237383196658872e-05,-8.080992028387935e-14,7484.538922892781,-1319.726150268671,0.0,0.0,0.0,0.0,0.0,0.0,0.0,0.0,0.0,0,True,250.0
b712773f15e0f684,20270301_h250_r0_p90_y80_TPMC_N400000_S101,101,sample,1874,triangle_1874,sailWall,-0.11051666666630366,0.5813157894736838,0.1236842105266454,2.0509332741557296e-12,0.7071067811865399,0.7071067811865549,2.6237383196658442e-05,-8.080992028387935e-14,7484.538922892781,-1319.726150268671,0.0,0.0,0.0,0.0,0.0,0.0,0.0,0.0,0.0,0,True,250.0
b712773f15e0f684,20270301_h250_r0_p90_y80_TPMC_N400000_S101,101,sample,1875,triangle_1875,sailWall,-0.11018333333293402,0.568947368421052,0.1360526315792759,2.041346384253916e-12,0.7071067811865401,0.707106781186555,2.623738319665881e-05,-8.080992028387935e-14,7484.538922892781,-1319.726150268671,0.0,0.0,0.0,0.0,0.0,0.0,0.0,0.0,0.0,0,True,250.0
b712773f15e0f684,20270301_h250_r0_p90_y80_TPMC_N400000_S101,101,sample,1876,triangle_1876,sailWall,-0.11051666666641258,0.6184210526315788,0.08657894736875109,2.070559429889246e-12,0.7071067811865407,0.7071067811865542,2.623738319665868e-05,-8.080992028387935e-14,7484.538922892781,-1319.726150268671,0.0,0.0,0.0,0.0,0.0,0.0,0.0,0.0,0.0,0,True,250.0
b712773f15e0f684,20270301_h250_r0_p90_y80_TPMC_N400000_S101,101,sample,1877,triangle_1877,sailWall,-0.11018333333304293,0.6060526315789471,0.09894736842138152,2.05374322464416e-12,0.707106781186541,0.707106781186554,2.6237383196658323e-05,-8.080992028387935e-14,7484.538922892781,-1319.726150268671,0.0,0.0,0.0,0.0,0.0,0.0,0.0,0.0,0.0,0,True,250.0
b712773f15e0f684,20270301_h250_r0_p90_y80_TPMC_N400000_S101,101,sample,1878,triangle_1878,sailWall,-0.11051666666652148,0.6555263157894736,0.04947368421085702,2.075465968822636e-12,0.7071067811865398,0.7071067811865552,2.6237383196658486e-05,-8.080992028387935e-14,7484.538922892781,-1319.726150268671,0.0,0.0,0.0,0.0,0.0,0.0,0.0,0.0,0.0,0,True,250.0
b712773f15e0f684,20270301_h250_r0_p90_y80_TPMC_N400000_S101,101,sample,1879,triangle_1879,sailWall,-0.11018333333315185,0.643157894736842,0.06184210526348736,2.0702723451644225e-12,0.7071067811865399,0.7071067811865552,2.6237383196658486e-05,-8.080992028387935e-14,7484.538922892781,-1319.726150268671,0.0,0.0,0.0,0.0,0.0,0.0,0.0,0.0,0.0,0,True,250.0
b712773f15e0f684,20270301_h250_r0_p90_y80_TPMC_N400000_S101,101,sample,1880,triangle_1880,sailWall,-0.11035000000007261,0.680263157894737,-0.0247368421049321,-2.078536905424544e-12,0.7071067811865558,-0.7071067811865391,2.623738319665869e-05,-8.080992028387935e-14,7484.538922892781,-1319.726150268671,0.0,0.0,0.0,0.0,0.0,0.0,0.0,0.0,0.0,0,True,250.0
b712773f15e0f684,20270301_h250_r0_p90_y80_TPMC_N400000_S101,101,sample,1881,triangle_1881,sailWall,-0.1103500000019967,0.02473684210527009,-0.6802631578944127,-2.1198597067252418e-12,0.7071067811865546,-0.7071067811865404,2.6237383196658547e-05,-8.080992028387935e-14,7484.538922892781,-1319.726150268671,0.0,0.0,0.0,0.0,0.0,0.0,0.0,0.0,0.0,0,True,250.0
b712773f15e0f684,20270301_h250_r0_p90_y80_TPMC_N400000_S101,101,sample,1882,triangle_1882,sailWall,-0.11068333333336965,0.6926315789473684,-0.012368421052299426,-2.074404625294475e-12,0.7071067811865558,-0.7071067811865391,1.3118691598329345e-05,-8.080992028387935e-14,7484.538922892781,-1319.726150268671,0.0,0.0,0.0,0.0,0.0,0.0,0.0,0.0,0.0,0,True,250.0
b712773f15e0f684,20270301_h250_r0_p90_y80_TPMC_N400000_S101,101,sample,1883,triangle_1883,sailWall,-0.11068333333536633,0.012368421052638736,-0.6926315789470433,-2.0411201962889626e-12,0.7071067811865551,-0.7071067811865399,1.311869159832892e-05,-8.080992028387935e-14,7484.538922892781,-1319.726150268671,0.0,0.0,0.0,0.0,0.0,0.0,0.0,0.0,0.0,0,True,250.0
b712773f15e0f684,20270301_h250_r0_p90_y80_TPMC_N400000_S101,101,sample,1884,triangle_1884,sailWall,-0.11001666666869968,0.012368421052638736,-0.6926315789470454,-2.1983730291965455e-12,0.7071067811865551,-0.7071067811865398,1.3118691598329282e-05,-8.080992028387935e-14,7484.538922892781,-1319.726150268671,0.0,0.0,0.0,0.0,0.0,0.0,0.0,0.0,0.0,0,True,250.0
b712773f15e0f684,20270301_h250_r0_p90_y80_TPMC_N400000_S101,101,sample,1885,triangle_1885,sailWall,-0.11001666666670297,0.6926315789473684,-0.012368421052301385,-2.075505221134064e-12,0.7071067811865559,-0.7071067811865391,1.3118691598329345e-05,-8.080992028387935e-14,7484.538922892781,-1319.726150268671,0.0,0.0,0.0,0.0,0.0,0.0,0.0,0.0,0.0,0,True,250.0
b712773f15e0f684,20270301_h250_r0_p90_y80_TPMC_N400000_S101,101,sample,1886,triangle_1886,sailWall,-0.11051666666681187,0.6555263157894742,-0.049473684210195,-2.0803725077559812e-12,0.7071067811865539,-0.7071067811865411,2.6237383196658774e-05,-8.080992028387935e-14,7484.538922892781,-1319.726150268671,0.0,0.0,0.0,0.0,0.0,0.0,0.0,0.0,0.0,0,True,250.0
b712773f15e0f684,20270301_h250_r0_p90_y80_TPMC_N400000_S101,101,sample,1887,triangle_1887,sailWall,-0.11051666666692077,0.6184210526315799,-0.08657894736809008,-2.0705594298892013e-12,0.7071067811865559,-0.707106781186539,2.6237383196658693e-05,-8.080992028387935e-14,7484.538922892781,-1319.726150268671,0.0,0.0,0.0,0.0,0.0,0.0,0.0,0.0,0.0,0,True,250.0
b712773f15e0f684,20270301_h250_r0_p90_y80_TPMC_N400000_S101,101,sample,1888,triangle_1888,sailWall,-0.11018333333351482,0.6431578947368427,-0.061842105262827664,-2.0702723451644e-12,0.7071067811865538,-0.7071067811865412,2.6237383196658767e-05,-8.080992028387935e-14,7484.538922892781,-1319.726150268671,0.0,0.0,0.0,0.0,0.0,0.0,0.0,0.0,0.0,0,True,250.0
b712773f15e0f684,20270301_h250_r0_p90_y80_TPMC_N400000_S101,101,sample,1889,triangle_1889,sailWall,-0.11051666666702974,0.5813157894736856,-0.12368421052598517,-2.0509332741558593e-12,0.707106781186554,-0.7071067811865408,2.6237383196656233e-05,-8.080992028387935e-14,7484.538922892781,-1319.726150268671,0.0,0.0,0.0,0.0,0.0,0.0,0.0,0.0,0.0,0,True,250.0
b712773f15e0f684,20270301_h250_r0_p90_y80_TPMC_N400000_S101,101,sample,1890,triangle_1890,sailWall,-0.11018333333362378,0.6060526315789484,-0.09894736842072276,-2.049610944514263e-12,0.7071067811865558,-0.7071067811865395,2.623738319665613e-05,-8.080992028387935e-14,7484.538922892781,-1319.726150268671,0.0,0.0,0.0,0.0,0.0,0.0,0.0,0.0,0.0,0,True,250.0
b712773f15e0f684,20270301_h250_r0_p90_y80_TPMC_N400000_S101,101,sample,1891,triangle_1891,sailWall,-0.11051666666713866,0.5442105263157913,-0.16078947368388022,-2.0411201962888806e-12,0.7071067811865562,-0.7071067811865388,2.6237383196658625e-05,-8.080992028387935e-14,7484.538922892781,-1319.726150268671,0.0,0.0,0.0,0.0,0.0,0.0,0.0,0.0,0.0,0,True,250.0
b712773f15e0f684,20270301_h250_r0_p90_y80_TPMC_N400000_S101,101,sample,1892,triangle_1892,sailWall,-0.11018333333373274,0.5689473684210541,-0.13605263157861783,-2.0413463842539186e-12,0.7071067811865539,-0.707106781186541,2.6237383196658778e-05,-8.080992028387935e-14,7484.538922892781,-1319.726150268671,0.0,0.0,0.0,0.0,0.0,0.0,0.0,0.0,0.0,0,True,250.0
b712773f15e0f684,20270301_h250_r0_p90_y80_TPMC_N400000_S101,101,sample,1893,triangle_1893,sailWall,-0.11051666666728387,0.49473684210526564,-0.2102631578944069,-2.0411201962888867e-12,0.7071067811865541,-0.7071067811865408,2.6237383196658703e-05,-8.080992028387935e-14,7484.538922892781,-1319.726150268671,0.0,0.0,0.0,0.0,0.0,0.0,0.0,0.0,0.0,0,True,250.0
b712773f15e0f684,20270301_h250_r0_p90_y80_TPMC_N400000_S101,101,sample,1894,triangle_1894,sailWall,-0.11018333333384163,0.5318421052631599,-0.17315789473651286,-2.0413463842539307e-12,0.7071067811865562,-0.7071067811865388,2.6237383196658625e-05,-8.080992028387935e-14,7484.538922892781,-1319.726150268671,0.0,0.0,0.0,0.0,0.0,0.0,0.0,0.0,0.0,0,True,250.0
b712773f15e0f684,20270301_h250_r0_p90_y80_TPMC_N400000_S101,101,sample,1895,triangle_1895,sailWall,-0.11018333333391424,0.5071052631578971,-0.1978947368417762,-2.0411201962888867e-12,0.7071067811865541,-0.7071067811865408,2.6237383196658703e-05,-8.080992028387935e-14,7484.538922892781,-1319.726150268671,0.0,0.0,0.0,0.0,0.0,0.0,0.0,0.0,0.0,0,True,250.0
b712773f15e0f684,20270301_h250_r0_p90_y80_TPMC_N400000_S101,101,sample,1896,triangle_1896,sailWall,-0.11051666666735645,0.4700000000000028,-0.23499999999967022,-2.041346384253925e-12,0.7071067811865539,-0.707106781186541,2.6237383196658693e-05,-8.080992028387935e-14,7484.538922892781,-1319.726150268671,0.0,0.0,0.0,0.0,0.0,0.0,0.0,0.0,0.0,0,True,250.0
b712773f15e0f684,20270301_h250_r0_p90_y80_TPMC_N400000_S101,101,sample,1897,triangle_1897,sailWall,-0.11051666666746536,0.4328947368421085,-0.27210526315756534,-2.1198597067252284e-12,0.7071067811865565,-0.7071067811865385,2.6237383196658713e-05,-8.080992028387935e-14,7484.538922892781,-1319.726150268671,0.0,0.0,0.0,0.0,0.0,0.0,0.0,0.0,0.0,0,True,250.0
b712773f15e0f684,20270301_h250_r0_p90_y80_TPMC_N400000_S101,101,sample,1898,triangle_1898,sailWall,-0.11018333333405943,0.45763157894737133,-0.24736842105230292,-2.1196248192230726e-12,0.707106781186555,-0.7071067811865401,2.623738319665873e-05,-8.080992028387935e-14,7484.538922892781,-1319.726150268671,0.0,0.0,0.0,0.0,0.0,0.0,0.0,0.0,0.0,0,True,250.0
b712773f15e0f684,20270301_h250_r0_p90_y80_TPMC_N400000_S101,101,sample,1899,triangle_1899,sailWall,-0.11051666666757427,0.39578947368421424,-0.30921052631546037,-2.0413463842539477e-12,0.7071067811865539,-0.7071067811865412,2.6237383196658405e-05,-8.080992028387935e-14,7484.538922892781,-1319.726150268671,0.0,0.0,0.0,0.0,0.0,0.0,0.0,0.0,0.0,0,True,250.0
b712773f15e0f684,20270301_h250_r0_p90_y80_TPMC_N400000_S101,101,sample,1900,triangle_1900,sailWall,-0.11018333333416834,0.42052631578947713,-0.284473684210198,-2.0411201962889113e-12,0.7071067811865555,-0.7071067811865396,2.6237383196658307e-05,-8.080992028387935e-14,7484.538922892781,-1319.726150268671,0.0,0.0,0.0,0.0,0.0,0.0,0.0,0.0,0.0,0,True,250.0
b712773f15e0f684,20270301_h250_r0_p90_y80_TPMC_N400000_S101,101,sample,1901,triangle_1901,sailWall,-0.11051666666771946,0.34631578947368835,-0.35868421052598726,-2.0411201962888843e-12,0.7071067811865549,-0.7071067811865401,2.6237383196658808e-05,-8.080992028387935e-14,7484.538922892781,-1319.726150268671,0.0,0.0,0.0,0.0,0.0,0.0,0.0,0.0,0.0,0,True,250.0
b712773f15e0f684,20270301_h250_r0_p90_y80_TPMC_N400000_S101,101,sample,1902,triangle_1902,sailWall,-0.11018333333427725,0.3834210526315827,-0.32157894736809306,-2.119624819223072e-12,0.7071067811865549,-0.7071067811865401,2.6237383196658808e-05,-8.080992028387935e-14,7484.538922892781,-1319.726150268671,0.0,0.0,0.0,0.0,0.0,0.0,0.0,0.0,0.0,0,True,250.0
b712773f15e0f684,20270301_h250_r0_p90_y80_TPMC_N400000_S101,101,sample,1903,triangle_1903,sailWall,-0.11018333333434983,0.3586842105263199,-0.34631578947335645,-2.1198597067252236e-12,0.7071067811865538,-0.7071067811865411,2.6237383196658774e-05,-8.080992028387935e-14,7484.538922892781,-1319.726150268671,0.0,0.0,0.0,0.0,0.0,0.0,0.0,0.0,0.0,0,True,250.0
b712773f15e0f684,20270301_h250_r0_p90_y80_TPMC_N400000_S101,101,sample,1904,triangle_1904,sailWall,-0.11051666666779207,0.32157894736842546,-0.3834210526312507,-2.0413463842539206e-12,0.7071067811865543,-0.7071067811865406,2.6237383196658754e-05,-8.080992028387935e-14,7484.538922892781,-1319.726150268671,0.0,0.0,0.0,0.0,0.0,0.0,0.0,0.0,0.0,0,True,250.0
b712773f15e0f684,20270301_h250_r0_p90_y80_TPMC_N400000_S101,101,sample,1905,triangle_1905,sailWall,-0.11051666666793734,0.2721052631578995,-0.4328947368417777,-1.9626155733546908e-12,0.707106781186557,-0.707106781186538,2.6237383196658967e-05,-8.080992028387935e-14,7484.538922892781,-1319.726150268671,0.0,0.0,0.0,0.0,0.0,0.0,0.0,0.0,0.0,0,True,250.0
b712773f15e0f684,20270301_h250_r0_p90_y80_TPMC_N400000_S101,101,sample,1906,triangle_1906,sailWall,-0.11018333333449504,0.309210526315794,-0.39578947368388334,-2.0411201962888855e-12,0.7071067811865543,-0.7071067811865406,2.6237383196658754e-05,-8.080992028387935e-14,7484.538922892781,-1319.726150268671,0.0,0.0,0.0,0.0,0.0,0.0,0.0,0.0,0.0,0,True,250.0
b712773f15e0f684,20270301_h250_r0_p90_y80_TPMC_N400000_S101,101,sample,1907,triangle_1907,sailWall,-0.11018333333456766,0.28447368421053104,-0.42052631578914684,-2.0413463842539073e-12,0.707106781186556,-0.7071067811865391,2.6237383196658927e-05,-8.080992028387935e-14,7484.538922892781,-1319.726150268671,0.0,0.0,0.0,0.0,0.0,0.0,0.0,0.0,0.0,0,True,250.0
b712773f15e0f684,20270301_h250_r0_p90_y80_TPMC_N400000_S101,101,sample,1908,triangle_1908,sailWall,-0.11051666666804627,0.23500000000000498,-0.46999999999967307,-2.041120196288886e-12,0.7071067811865543,-0.7071067811865407,2.623738319665883e-05,-8.080992028387935e-14,7484.538922892781,-1319.726150268671,0.0,0.0,0.0,0.0,0.0,0.0,0.0,0.0,0.0,0,True,250.0
b712773f15e0f684,20270301_h250_r0_p90_y80_TPMC_N400000_S101,101,sample,1909,triangle_1909,sailWall,-0.11018333333467663,0.24736842105263648,-0.45763157894704226,-1.962833061782607e-12,0.7071067811865555,-0.7071067811865396,2.6237383196658872e-05,-8.080992028387935e-14,7484.538922892781,-1319.726150268671,0.0,0.0,0.0,0.0,0.0,0.0,0.0,0.0,0.0,0,True,250.0
b712773f15e0f684,20270301_h250_r0_p90_y80_TPMC_N400000_S101,101,sample,1910,triangle_1910,sailWall,-0.11051666666815517,0.19789473684211048,-0.5071052631575682,-2.0411201962888867e-12,0.7071067811865541,-0.7071067811865409,2.623738319665884e-05,-8.080992028387935e-14,7484.538922892781,-1319.726150268671,0.0,0.0,0.0,0.0,0.0,0.0,0.0,0.0,0.0,0,True,250.0
b712773f15e0f684,20270301_h250_r0_p90_y80_TPMC_N400000_S101,101,sample,1911,triangle_1911,sailWall,-0.11018333333478554,0.210263157894742,-0.49473684210493746,-2.0413463842539138e-12,0.7071067811865542,-0.7071067811865409,2.623738319665884e-05,-8.080992028387935e-14,7484.538922892781,-1319.726150268671,0.0,0.0,0.0,0.0,0.0,0.0,0.0,0.0,0.0,0,True,250.0
b712773f15e0f684,20270301_h250_r0_p90_y80_TPMC_N400000_S101,101,sample,1912,triangle_1912,sailWall,-0.11051666666826405,0.160789473684216,-0.5442105263154634,-2.119624819223075e-12,0.7071067811865542,-0.7071067811865409,2.623738319665884e-05,-8.080992028387935e-14,7484.538922892781,-1319.726150268671,0.0,0.0,0.0,0.0,0.0,0.0,0.0,0.0,0.0,0,True,250.0
b712773f15e0f684,20270301_h250_r0_p90_y80_TPMC_N400000_S101,101,sample,1913,triangle_1913,sailWall,-0.11018333333489443,0.1731578947368475,-0.5318421052628327,-2.0413463842539105e-12,0.7071067811865552,-0.7071067811865398,2.623738319665888e-05,-8.080992028387935e-14,7484.538922892781,-1319.726150268671,0.0,0.0,0.0,0.0,0.0,0.0,0.0,0.0,0.0,0,True,250.0
b712773f15e0f684,20270301_h250_r0_p90_y80_TPMC_N400000_S101,101,sample,1914,triangle_1914,sailWall,-0.11051666666837297,0.12368421052632156,-0.5813157894733587,-2.041120196288881e-12,0.7071067811865561,-0.7071067811865389,2.6237383196658845e-05,-8.080992028387935e-14,7484.538922892781,-1319.726150268671,0.0,0.0,0.0,0.0,0.0,0.0,0.0,0.0,0.0,0,True,250.0
b712773f15e0f684,20270301_h250_r0_p90_y80_TPMC_N400000_S101,101,sample,1915,triangle_1915,sailWall,-0.11018333333500334,0.13605263157895303,-0.5689473684207279,-2.1198597067252208e-12,0.707106781186555,-0.7071067811865399,2.6237383196658808e-05,-8.080992028387935e-14,7484.538922892781,-1319.726150268671,0.0,0.0,0.0,0.0,0.0,0.0,0.0,0.0,0.0,0,True,250.0
b712773f15e0f684,20270301_h250_r0_p90_y80_TPMC_N400000_S101,101,sample,1916,triangle_1916,sailWall,-0.11051666666848185,0.08657894736842718,-0.6184210526312538,-1.962615573354695e-12,0.7071067811865551,-0.7071067811865397,2.6237383196658798e-05,-8.080992028387935e-14,7484.538922892781,-1319.726150268671,0.0,0.0,0.0,0.0,0.0,0.0,0.0,0.0,0.0,0,True,250.0
b712773f15e0f684,20270301_h250_r0_p90_y80_TPMC_N400000_S101,101,sample,1917,triangle_1917,sailWall,-0.11018333333511222,0.09894736842105863,-0.6060526315786232,-2.037214104123852e-12,0.7071067811865543,-0.7071067811865409,2.6237383196658757e-05,-8.080992028387935e-14,7484.538922892781,-1319.726150268671,0.0,0.0,0.0,0.0,0.0,0.0,0.0,0.0,0.0,0,True,250.0
b712773f15e0f684,20270301_h250_r0_p90_y80_TPMC_N400000_S101,101,sample,1918,triangle_1918,sailWall,-0.11051666666859077,0.049473684210532866,-0.655526315789149,-2.1196248192230746e-12,0.7071067811865541,-0.7071067811865408,2.6237383196658683e-05,-8.080992028387935e-14,7484.538922892781,-1319.726150268671,0.0,0.0,0.0,0.0,0.0,0.0,0.0,0.0,0.0,0,True,250.0
b712773f15e0f684,20270301_h250_r0_p90_y80_TPMC_N400000_S101,101,sample,1919,triangle_1919,sailWall,-0.11018333333522112,0.0618421052631643,-0.6431578947365183,-1.9628330617826157e-12,0.7071067811865563,-0.7071067811865388,2.623738319665876e-05,-8.080992028387935e-14,7484.538922892781,-1319.726150268671,0.0,0.0,0.0,0.0,0.0,0.0,0.0,0.0,0.0,0,True,250.0
b712773f15e0f684,20270301_h250_r0_p90_y80_TPMC_N400000_S101,101,sample,1920,triangle_1920,sailWall,-0.1103500000019967,-0.02473684210525613,-0.6802631578944132,-2.198129442157315e-12,-0.7071067811865374,-0.7071067811865578,2.6237383196658757e-05,-8.080992028387935e-14,7484.538922892781,-1319.726150268671,-3.95262778266342e-09,5.5675387029422776e-08,-3.5798015311254615e-09,3.7864437010734876e-08,2.2891522591389855e-09,-6.246563875053911e-09,3.7864437010734876e-08,2.2891522591389855e-09,-6.246563875053911e-09,3,False,250.0
b712773f15e0f684,20270301_h250_r0_p90_y80_TPMC_N400000_S101,101,sample,1921,triangle_1921,sailWall,-0.11035000000007261,-0.6802631578947368,-0.024736842104945856,-2.0744046252944944e-12,-0.7071067811865408,-0.7071067811865542,2.6237383196658445e-05,-8.080992028387935e-14,7484.538922892781,-1319.726150268671,8.006605068514408e-11,8.449105853471251e-08,-5.271595348259589e-09,5.510013463235329e-09,-6.523514671466252e-10,-9.342328287168161e-09,5.510013463235329e-09,-6.523514671466252e-10,-9.342328287168161e-09,4,False,250.0
b712773f15e0f684,20270301_h250_r0_p90_y80_TPMC_N400000_S101,101,sample,1922,triangle_1922,sailWall,-0.11068333333336965,-0.6926315789473683,-0.01236842105231356,-2.0755052211341076e-12,-0.7071067811865408,-0.7071067811865541,1.3118691598329224e-05,-8.080992028387935e-14,7484.538922892781,-1319.726150268671,2.742103519599129e-09,2.2227973895834294e-08,-3.249127613529305e-09,2.550260845507192e-09,-3.9759625338693015e-10,-5.677462138833409e-10,2.550260845507192e-09,-3.9759625338693015e-10,-5.677462138833409e-10,1,False,250.0
b712773f15e0f684,20270301_h250_r0_p90_y80_TPMC_N400000_S101,101,sample,1923,triangle_1923,sailWall,-0.11068333333536633,-0.012368421052624373,-0.6926315789470436,-2.0411201962889667e-12,-0.7071067811865385,-0.7071067811865568,1.3118691598329033e-05,-8.080992028387935e-14,7484.538922892781,-1319.726150268671,1.679677323289775e-10,3.08529292384797e-08,-5.281522060819133e-09,2.1745570174266355e-08,-7.017339126179712e-10,-3.4077283844726024e-09,2.1745570174266355e-08,-7.017339126179712e-10,-3.4077283844726024e-09,1,False,250.0
b712773f15e0f684,20270301_h250_r0_p90_y80_TPMC_N400000_S101,101,sample,1924,triangle_1924,sailWall,-0.11001666666670297,-0.6926315789473684,-0.012368421052315517,-2.0661400650343565e-12,-0.7071067811865408,-0.7071067811865541,1.3118691598329224e-05,-8.080992028387935e-14,7484.538922892781,-1319.726150268671,0.0,0.0,0.0,0.0,0.0,0.0,0.0,0.0,0.0,0,True,250.0
b712773f15e0f684,20270301_h250_r0_p90_y80_TPMC_N400000_S101,101,sample,1925,triangle_1925,sailWall,-0.11001666666869968,-0.012368421052624373,-0.6926315789470455,-2.1983730291965298e-12,-0.7071067811865374,-0.7071067811865578,1.3118691598329379e-05,-8.080992028387935e-14,7484.538922892781,-1319.726150268671,0.0,0.0,0.0,0.0,0.0,0.0,0.0,0.0,0.0,0,True,250.0
b712773f15e0f684,20270301_h250_r0_p90_y80_TPMC_N400000_S101,101,sample,1926,triangle_1926,sailWall,-0.11051666666859077,-0.0494736842105196,-0.6555263157891498,-2.1981294421573045e-12,-0.7071067811865407,-0.7071067811865543,2.623738319665879e-05,-8.080992028387935e-14,7484.538922892781,-1319.726150268671,1.5963993764008e-10,5.759697513109285e-08,-7.095762138332065e-09,3.77741714411481e-08,-8.932010687587102e-10,-6.361941128427258e-09,3.77741714411481e-08,-8.932010687587102e-10,-6.361941128427258e-09,3,False,250.0
b712773f15e0f684,20270301_h250_r0_p90_y80_TPMC_N400000_S101,101,sample,1927,triangle_1927,sailWall,-0.11051666666844556,-0.09894736842104644,-0.606052631578624,-2.1983730291965257e-12,-0.7071067811865404,-0.7071067811865548,2.6237383196658805e-05,-8.080992028387935e-14,7484.538922892781,-1319.726150268671,0.0,0.0,0.0,0.0,0.0,0.0,0.0,0.0,0.0,0,True,250.0
b712773f15e0f684,20270301_h250_r0_p90_y80_TPMC_N400000_S101,101,sample,1928,triangle_1928,sailWall,-0.11018333333522112,-0.061842105263151315,-0.6431578947365193,-2.119859706725219e-12,-0.7071067811865417,-0.7071067811865533,2.623738319665883e-05,-8.080992028387935e-14,7484.538922892781,-1319.726150268671,0.0,0.0,0.0,0.0,0.0,0.0,0.0,0.0,0.0,0,True,250.0
b712773f15e0f684,20270301_h250_r0_p90_y80_TPMC_N400000_S101,101,sample,1929,triangle_1929,sailWall,-0.11018333333514853,-0.08657894736841472,-0.6184210526312564,-2.1196248192231194e-12,-0.7071067811865391,-0.7071067811865558,2.623738319665869e-05,-8.080992028387935e-14,7484.538922892781,-1319.726150268671,5.949355275201944e-09,1.063875502190703e-07,-1.091264340051068e-08,6.695714274150869e-08,-4.935234368014904e-09,-1.1270662163579592e-08,6.695714274150869e-08,-4.935234368014904e-09,-1.1270662163579592e-08,5,False,250.0
b712773f15e0f684,20270301_h250_r0_p90_y80_TPMC_N400000_S101,101,sample,1930,triangle_1930,sailWall,-0.11051666666833666,-0.13605263157894157,-0.5689473684207296,-2.021494040555379e-12,-0.7071067811865398,-0.7071067811865552,2.6237383196658662e-05,-8.080992028387935e-14,7484.538922892781,-1319.726150268671,0.0,0.0,0.0,0.0,0.0,0.0,0.0,0.0,0.0,0,True,250.0
b712773f15e0f684,20270301_h250_r0_p90_y80_TPMC_N400000_S101,101,sample,1931,triangle_1931,sailWall,-0.11018333333503964,-0.12368421052630986,-0.5813157894733619,-2.198129442157301e-12,-0.7071067811865422,-0.7071067811865529,2.6237383196658886e-05,-8.080992028387935e-14,7484.538922892781,-1319.726150268671,2.101018524571488e-09,7.614626265795154e-08,-3.4901343018900576e-09,4.4586839778050716e-08,-1.6229648121415529e-09,-8.134497588521172e-09,4.4586839778050716e-08,-1.6229648121415529e-09,-8.134497588521172e-09,4,False,250.0
b712773f15e0f684,20270301_h250_r0_p90_y80_TPMC_N400000_S101,101,sample,1932,triangle_1932,sailWall,-0.11051666666826405,-0.16078947368420493,-0.5442105263154667,-2.0248172637336477e-12,-0.7071067811865401,-0.707106781186555,2.623738319665873e-05,-8.080992028387935e-14,7484.538922892781,-1319.726150268671,-3.101662764297299e-09,7.288190677642807e-08,-7.713962012333187e-09,4.12238303688503e-08,8.749396939649291e-10,-8.520595570637853e-09,4.12238303688503e-08,8.749396939649291e-10,-8.520595570637853e-09,4,False,250.0
b712773f15e0f684,20270301_h250_r0_p90_y80_TPMC_N400000_S101,101,sample,1933,triangle_1933,sailWall,-0.11051666666815517,-0.19789473684210004,-0.5071052631575723,-2.1196248192231138e-12,-0.7071067811865407,-0.7071067811865543,2.623738319665883e-05,-8.080992028387935e-14,7484.538922892781,-1319.726150268671,-8.106283937107169e-10,7.168637443472365e-08,-1.0470380832971698e-08,3.834906837327308e-08,-7.983463225407506e-10,-8.130985460578596e-09,3.834906837327308e-08,-7.983463225407506e-10,-8.130985460578596e-09,3,False,250.0
b712773f15e0f684,20270301_h250_r0_p90_y80_TPMC_N400000_S101,101,sample,1934,triangle_1934,sailWall,-0.11018333333489443,-0.17315789473683665,-0.5318421052628363,-2.1198597067252292e-12,-0.7071067811865387,-0.7071067811865561,2.6237383196658703e-05,-8.080992028387935e-14,7484.538922892781,-1319.726150268671,8.221620234811952e-10,2.085455559286562e-08,-2.7335161736370974e-09,1.1555631559074921e-08,-7.378237741107006e-10,-2.153411619249784e-09,1.1555631559074921e-08,-7.378237741107006e-10,-2.153411619249784e-09,1,False,250.0
b712773f15e0f684,20270301_h250_r0_p90_y80_TPMC_N400000_S101,101,sample,1935,triangle_1935,sailWall,-0.11051666666804627,-0.23499999999999513,-0.46999999999967795,-2.0411201962889247e-12,-0.7071067811865408,-0.7071067811865541,2.6237383196658703e-05,-8.080992028387935e-14,7484.538922892781,-1319.726150268671,-3.959817006968537e-10,9.40838876461774e-08,-7.486392273650945e-09,4.5927123809307014e-08,-6.447225876515993e-10,-1.0509758404969377e-08,4.5927123809307014e-08,-6.447225876515993e-10,-1.0509758404969377e-08,4,False,250.0
b712773f15e0f684,20270301_h250_r0_p90_y80_TPMC_N400000_S101,101,sample,1936,triangle_1936,sailWall,-0.11018333333478553,-0.2102631578947318,-0.49473684210494184,-2.0411201962889226e-12,-0.7071067811865417,-0.7071067811865533,2.623738319665879e-05,-8.080992028387935e-14,7484.538922892781,-1319.726150268671,-2.977655465943752e-09,3.649050524376392e-08,-3.5395279565650685e-09,1.8881425319054063e-08,1.1019733542395412e-09,-4.633324738787509e-09,1.8881425319054063e-08,1.1019733542395412e-09,-4.633324738787509e-09,2,False,250.0
b712773f15e0f684,20270301_h250_r0_p90_y80_TPMC_N400000_S101,101,sample,1937,triangle_1937,sailWall,-0.11051666666793734,-0.2721052631578903,-0.43289473684178353,-2.1198597067252208e-12,-0.7071067811865401,-0.707106781186555,2.623738319665881e-05,-8.080992028387935e-14,7484.538922892781,-1319.726150268671,1.5955315567295079e-09,7.534905300333014e-08,-1.0307612297415232e-08,3.484154258836876e-08,-1.7942704661171436e-09,-7.86055539509763e-09,3.484154258836876e-08,-1.7942704661171436e-09,-7.86055539509763e-09,4,False,250.0
b712773f15e0f684,20270301_h250_r0_p90_y80_TPMC_N400000_S101,101,sample,1938,triangle_1938,sailWall,-0.11018333333467663,-0.2473684210526269,-0.4576315789470475,-2.119624819223114e-12,-0.7071067811865399,-0.7071067811865552,2.623738319665882e-05,-8.080992028387935e-14,7484.538922892781,-1319.726150268671,1.4858237426129807e-09,6.752570888988897e-08,-2.3089474166098496e-10,3.047167304595286e-08,-6.77833890025338e-10,-7.044397901544213e-09,3.047167304595286e-08,-6.77833890025338e-10,-7.044397901544213e-09,3,False,250.0
b712773f15e0f684,20270301_h250_r0_p90_y80_TPMC_N400000_S101,101,sample,1939,triangle_1939,sailWall,-0.11051666666782838,-0.30921052631578544,-0.39578947368388917,-2.0413463842539146e-12,-0.7071067811865407,-0.7071067811865545,2.6237383196658832e-05,-8.080992028387935e-14,7484.538922892781,-1319.726150268671,-6.093699075836634e-11,2.073203053047193e-08,-3.5934527725040333e-09,9.255741046633064e-09,-3.73843003581827e-10,-2.313802934632263e-09,9.255741046633064e-09,-3.73843003581827e-10,-2.313802934632263e-09,1,False,250.0
b712773f15e0f684,20270301_h250_r0_p90_y80_TPMC_N400000_S101,101,sample,1940,triangle_1940,sailWall,-0.11018333333456766,-0.28447368421052205,-0.42052631578915306,-2.041120196288924e-12,-0.707106781186541,-0.7071067811865539,2.6237383196658693e-05,-8.080992028387935e-14,7484.538922892781,-1319.726150268671,-8.521508295629971e-10,3.641101166605059e-08,1.1830383084845824e-09,1.4924547417907932e-08,4.875473232910234e-10,-4.2596906343743204e-09,1.4924547417907932e-08,4.875473232910234e-10,-4.2596906343743204e-09,2,False,250.0
b712773f15e0f684,20270301_h250_r0_p90_y80_TPMC_N400000_S101,101,sample,1941,triangle_1941,sailWall,-0.11051666666771948,-0.34631578947368064,-0.3586842105259948,-2.119624819223118e-12,-0.707106781186539,-0.707106781186556,2.6237383196658767e-05,-8.080992028387935e-14,7484.538922892781,-1319.726150268671,1.8750855128777812e-09,8.268508937681768e-08,-7.931579858076335e-09,3.2201039428523e-08,-1.5070635955439694e-09,-8.44636169784959e-09,3.2201039428523e-08,-1.5070635955439694e-09,-8.44636169784959e-09,4,False,250.0
b712773f15e0f684,20270301_h250_r0_p90_y80_TPMC_N400000_S101,101,sample,1942,triangle_1942,sailWall,-0.11018333333445873,-0.3215789473684172,-0.3834210526312587,-2.1196248192231166e-12,-0.7071067811865396,-0.7071067811865555,2.6237383196658872e-05,-8.080992028387935e-14,7484.538922892781,-1319.726150268671,7.926393522551951e-10,7.29232706323693e-08,-7.937674200646349e-09,3.0434849593440854e-08,-1.2276375539026143e-09,-7.828741852727075e-09,3.0434849593440854e-08,-1.2276375539026143e-09,-7.828741852727075e-09,3,False,250.0
b712773f15e0f684,20270301_h250_r0_p90_y80_TPMC_N400000_S101,101,sample,1943,triangle_1943,sailWall,-0.11051666666761056,-0.38342105263157583,-0.3215789473681003,-1.962615573354733e-12,-0.7071067811865411,-0.7071067811865538,2.623738319665885e-05,-8.080992028387935e-14,7484.538922892781,-1319.726150268671,8.33845975559496e-10,5.485955286980607e-08,-4.1721381180215535e-09,1.9137941883204232e-08,-7.223482740446634e-10,-5.744919117351224e-09,1.9137941883204232e-08,-7.223482740446634e-10,-5.744919117351224e-09,3,False,250.0
b712773f15e0f684,20270301_h250_r0_p90_y80_TPMC_N400000_S101,101,sample,1944,triangle_1944,sailWall,-0.11018333333434983,-0.35868421052631244,-0.34631578947336417,-1.962615573354733e-12,-0.7071067811865411,-0.7071067811865538,2.623738319665885e-05,-8.080992028387935e-14,7484.538922892781,-1319.726150268671,0.0,0.0,0.0,0.0,0.0,0.0,0.0,0.0,0.0,0,True,250.0
b712773f15e0f684,20270301_h250_r0_p90_y80_TPMC_N400000_S101,101,sample,1945,triangle_1945,sailWall,-0.11051666666750166,-0.42052631578947103,-0.2844736842102058,-2.001867884821859e-12,-0.7071067811865402,-0.707106781186555,2.6237383196658405e-05,-8.080992028387935e-14,7484.538922892781,-1319.726150268671,2.1963166061500426e-09,1.79825453901114e-08,-5.128905926135505e-10,5.5133142523857125e-09,-7.041516982904191e-10,-1.0790921817707359e-09,5.5133142523857125e-09,-7.041516982904191e-10,-1.0790921817707359e-09,1,False,250.0
b712773f15e0f684,20270301_h250_r0_p90_y80_TPMC_N400000_S101,101,sample,1946,triangle_1946,sailWall,-0.11018333333424095,-0.3957894736842076,-0.3092105263154697,-2.001867884821857e-12,-0.7071067811865407,-0.7071067811865543,2.6237383196658466e-05,-8.080992028387935e-14,7484.538922892781,-1319.726150268671,-2.014400165327971e-09,7.187367324326698e-08,-4.587896197678069e-09,2.4349626996346965e-08,1.2080361528537903e-10,-8.712830959871428e-09,2.4349626996346965e-08,1.2080361528537903e-10,-8.712830959871428e-09,3,False,250.0
b712773f15e0f684,20270301_h250_r0_p90_y80_TPMC_N400000_S101,101,sample,1947,triangle_1947,sailWall,-0.11051666666739275,-0.4576315789473662,-0.2473684210523114,-2.080372507756018e-12,-0.7071067811865401,-0.707106781186555,2.623738319665881e-05,-8.080992028387935e-14,7484.538922892781,-1319.726150268671,5.336767835706127e-09,1.3767280038375294e-07,-1.5696054112615966e-08,4.167354065741367e-08,-3.0729324221466512e-09,-1.2800626245906851e-08,4.167354065741367e-08,-3.0729324221466512e-09,-1.2800626245906851e-08,6,False,250.0
b712773f15e0f684,20270301_h250_r0_p90_y80_TPMC_N400000_S101,101,sample,1948,triangle_1948,sailWall,-0.11018333333413204,-0.43289473684210283,-0.2721052631575753,-2.0803725077560204e-12,-0.7071067811865391,-0.707106781186556,2.6237383196658852e-05,-8.080992028387935e-14,7484.538922892781,-1319.726150268671,0.0,0.0,0.0,0.0,0.0,0.0,0.0,0.0,0.0,0,True,250.0
b712773f15e0f684,20270301_h250_r0_p90_y80_TPMC_N400000_S101,101,sample,1949,triangle_1949,sailWall,-0.11051666666728387,-0.4947368421052614,-0.21026315789441694,-2.04112019628892e-12,-0.7071067811865414,-0.7071067811865536,2.62373831966589e-05,-8.080992028387935e-14,7484.538922892781,-1319.726150268671,1.46427584251982e-11,8.836172023621233e-08,-1.3389990383748053e-08,2.553442870668157e-08,-1.4775299841630465e-09,-9.746191171391113e-09,2.553442870668157e-08,-1.4775299841630465e-09,-9.746191171391113e-09,4,False,250.0
b712773f15e0f684,20270301_h250_r0_p90_y80_TPMC_N400000_S101,101,sample,1950,triangle_1950,sailWall,-0.11018333333402312,-0.46999999999999803,-0.23499999999968083,-2.041120196288922e-12,-0.7071067811865407,-0.7071067811865543,2.623738319665883e-05,-8.080992028387935e-14,7484.538922892781,-1319.726150268671,-6.629751001943477e-09,1.0223459475916442e-07,-1.3022160797046225e-08,3.001565714842854e-08,9.199665942962392e-11,-1.4410101383057982e-08,3.001565714842854e-08,9.199665942962392e-11,-1.4410101383057982e-08,5,False,250.0
b712773f15e0f684,20270301_h250_r0_p90_y80_TPMC_N400000_S101,101,sample,1951,triangle_1951,sailWall,-0.11051666666717497,-0.5318421052631566,-0.17315789473652252,-2.062007784904266e-12,-0.7071067811865398,-0.7071067811865551,2.6237383196658723e-05,-8.080992028387935e-14,7484.538922892781,-1319.726150268671,-1.8221744479764837e-10,5.1616639928584564e-08,-2.628557336329479e-09,1.0012342065724615e-08,-2.7585544819813956e-10,-5.823678733630389e-09,1.0012342065724615e-08,-2.7585544819813956e-10,-5.823678733630389e-09,2,False,250.0
b712773f15e0f684,20270301_h250_r0_p90_y80_TPMC_N400000_S101,101,sample,1952,triangle_1952,sailWall,-0.11018333333391424,-0.5071052631578933,-0.19789473684178635,-2.0607463520224695e-12,-0.7071067811865411,-0.7071067811865538,2.6237383196658774e-05,-8.080992028387935e-14,7484.538922892781,-1319.726150268671,-3.059865362853766e-09,4.764974827081178e-08,-2.5129781451242227e-09,1.057063475187504e-08,3.342332488393415e-10,-6.792494448190956e-09,1.057063475187504e-08,3.342332488393415e-10,-6.792494448190956e-09,3,False,250.0
b712773f15e0f684,20270301_h250_r0_p90_y80_TPMC_N400000_S101,101,sample,1953,triangle_1953,sailWall,-0.11051666666706604,-0.5689473684210518,-0.13605263157862804,-1.9822417290882796e-12,-0.707106781186541,-0.7071067811865541,2.6237383196658845e-05,-8.080992028387935e-14,7484.538922892781,-1319.726150268671,-8.959442208071651e-10,5.733116027275666e-08,-1.0422733232616325e-08,1.3634255118146867e-08,-1.0309880000355997e-09,-6.844769148889498e-09,1.3634255118146867e-08,-1.0309880000355997e-09,-6.844769148889498e-09,3,False,250.0
b712773f15e0f684,20270301_h250_r0_p90_y80_TPMC_N400000_S101,101,sample,1954,triangle_1954,sailWall,-0.11018333333380533,-0.5442105263157884,-0.16078947368389193,-1.98224172908828e-12,-0.7071067811865409,-0.7071067811865541,2.623738319665884e-05,-8.080992028387935e-14,7484.538922892781,-1319.726150268671,4.2827440677402395e-10,6.658026273636536e-08,-7.736777229094407e-09,1.5023385296992504e-08,-1.0451065045286774e-09,-7.235918225550888e-09,1.5023385296992504e-08,-1.0451065045286774e-09,-7.235918225550888e-09,3,False,250.0
b712773f15e0f684,20270301_h250_r0_p90_y80_TPMC_N400000_S101,101,sample,1955,triangle_1955,sailWall,-0.1105166666669571,-0.606052631578947,-0.09894736842073366,-2.14906405282364e-12,-0.7071067811865408,-0.7071067811865542,2.623738319665613e-05,-8.080992028387935e-14,7484.538922892781,-1319.726150268671,4.26698384747699e-09,3.467151294919776e-08,-2.401843647639512e-10,3.4827646174880208e-09,-4.3443931422284184e-10,-1.2384306547409808e-09,3.4827646174880208e-09,-4.3443931422284184e-10,-1.2384306547409808e-09,2,False,250.0
b712773f15e0f684,20270301_h250_r0_p90_y80_TPMC_N400000_S101,101,sample,1956,triangle_1956,sailWall,-0.1101833333336964,-0.5813157894736837,-0.12368421052599747,-2.1490640528236445e-12,-0.7071067811865388,-0.7071067811865562,2.623738319665629e-05,-8.080992028387935e-14,7484.538922892781,-1319.726150268671,0.0,0.0,0.0,0.0,0.0,0.0,0.0,0.0,0.0,0,True,250.0
b712773f15e0f684,20270301_h250_r0_p90_y80_TPMC_N400000_S101,101,sample,1957,triangle_1957,sailWall,-0.11051666666684822,-0.6431578947368419,-0.061842105262839404,-2.1196248192233197e-12,-0.7071067811865394,-0.7071067811865558,2.6237383196656152e-05,-8.080992028387935e-14,7484.538922892781,-1319.726150268671,-5.0667096662677244e-09,7.833766359318293e-08,-1.4107079762306439e-08,1.406960899261667e-08,-1.213393979524932e-09,-1.1865480668138503e-08,1.406960899261667e-08,-1.213393979524932e-09,-1.1865480668138503e-08,3,False,250.0
b712773f15e0f684,20270301_h250_r0_p90_y80_TPMC_N400000_S101,101,sample,1958,triangle_1958,sailWall,-0.1101833333335875,-0.6184210526315786,-0.08657894736810313,-2.119624819223315e-12,-0.7071067811865411,-0.7071067811865539,2.6237383196656145e-05,-8.080992028387935e-14,7484.538922892781,-1319.726150268671,3.2878249690590344e-09,1.1128701850048736e-07,-1.2423205364596957e-08,1.740693995039621e-08,-1.6479494819324304e-09,-1.0218013114396599e-08,1.740693995039621e-08,-1.6479494819324304e-09,-1.0218013114396599e-08,6,False,250.0
b712773f15e0f684,20270301_h250_r0_p90_y80_TPMC_N400000_S101,101,sample,1959,triangle_1959,sailWall,-0.11018333333347857,-0.6555263157894736,-0.04947368421020898,-2.0754659688226357e-12,-0.7071067811865399,-0.7071067811865551,2.623738319665849e-05,-8.080992028387935e-14,7484.538922892781,-1319.726150268671,2.735744335505972e-09,6.883232932908096e-08,-1.6373654217960833e-09,4.574774761923845e-09,-2.74734864656177e-10,-5.748313130713496e-09,4.574774761923845e-09,-2.74734864656177e-10,-5.748313130713496e-09,3,False,250.0
b712773f15e0f684,20270301_h250_r0_p90_y80_TPMC_N400000_S101,101,sample,1960,triangle_1960,solar,0.16175000000026005,-0.07878453874692543,0.08855105874644847,2.075609851937828e-12,0.7071067811865356,0.7071067811865593,0.0008337121760000477,-8.080992028387935e-14,7484.538922892781,-1319.726150268671,2.188738743115897e-09,-3.1341912230206994e-09,-1.6406175126533914e-09,4.0068101765310993e-10,4.6539477392047135e-10,-3.630539630947995e-10,4.0068101765310993e-10,4.6539477392047135e-10,-3.630539630947995e-10,2,False,250.0
b712773f15e0f684,20270301_h250_r0_p90_y80_TPMC_N400000_S101,101,sample,1961,triangle_1961,solar,-0.07674999999974007,-0.07878453874692544,0.08855105874714854,2.075520445903573e-12,0.7071067811865355,0.7071067811865597,0.0008337121760000517,-8.080992028387935e-14,7484.538922892781,-1319.726150268671,1.1698187578286193e-09,-3.083939160613877e-09,-3.12776925402606e-09,4.6128474082821645e-10,-1.1553244449112275e-10,2.7206342455806154e-10,4.6128474082821645e-10,-1.1553244449112275e-10,2.7206342455806154e-10,2,False,250.0
b712773f15e0f684,20270301_h250_r0_p90_y80_TPMC_N400000_S101,101,sample,1962,triangle_1962,solar,0.1440833333336225,-0.08867172588667281,0.0984382458862474,2.075847506889045e-12,0.7071067811865359,0.7071067811865592,0.0012237864784961638,-8.080992028387935e-14,7484.538922892781,-1319.726150268671,-8.361469862369501e-10,-5.124932234107833e-09,-3.70571753145845e-09,8.284479574404548e-10,5.230704682669557e-10,-8.489925074511259e-10,8.284479574404548e-10,5.230704682669557e-10,-8.489925074511259e-10,3,False,250.0
b712773f15e0f684,20270301_h250_r0_p90_y80_TPMC_N400000_S101,101,sample,1963,triangle_1963,solar,-0.05908333333304436,-0.08867172588667284,0.09843824588684376,2.0746071899970327e-12,0.707106781186536,0.7071067811865591,0.0012237864784961712,-8.080992028387935e-14,7484.538922892781,-1319.726150268671,1.2957984263213324e-09,-3.787364123102546e-09,-9.662311298732861e-09,1.2773726074465542e-09,-5.795288583260315e-10,3.58947952132245e-10,1.2773726074465542e-09,-5.795288583260315e-10,3.58947952132245e-10,6,False,250.0
b712773f15e0f684,20270301_h250_r0_p90_y80_TPMC_N400000_S101,101,sample,1964,triangle_1964,solar,-0.07674999999979812,-0.059010164467430654,0.0687766844676544,2.0753985285841403e-12,0.7071067811865364,0.7071067811865588,0.0008337121760000544,-8.080992028387935e-14,7484.538922892781,-1319.726150268671,1.1238241075033024e-09,-7.957942879346122e-09,-7.140982465845411e-09,1.0032925850657995e-09,-4.600089459521871e-10,7.631055083274371e-10,1.0032925850657995e-09,-4.600089459521871e-10,7.631055083274371e-10,3,False,250.0
b712773f15e0f684,20270301_h250_r0_p90_y80_TPMC_N400000_S101,101,sample,1965,triangle_1965,solar,0.16175000000020198,-0.05901016446743062,0.06877668446695433,2.075739897078545e-12,0.7071067811865365,0.7071067811865587,0.0008337121760000493,-8.080992028387935e-14,7484.538922892781,-1319.726150268671,-8.276177949441015e-12,-4.830325218297981e-09,-3.3930356545196673e-09,4.2035174444931063e-10,5.662745028883283e-10,-8.508919028278585e-10,4.2035174444931063e-10,5.662745028883283e-10,-8.508919028278585e-10,2,False,250.0
b712773f15e0f684,20270301_h250_r0_p90_y80_TPMC_N400000_S101,101,sample,1966,triangle_1966,solar,-0.05908333333316044,-0.04912297732768323,0.05888949732785544,2.0755538924906236e-12,0.7071067811865365,0.7071067811865587,0.0009994459908373046,-8.080992028387935e-14,7484.538922892781,-1319.726150268671,3.3786855489863707e-09,3.105629270662338e-09,4.9001618945437764e-09,-3.3110288861954534e-10,4.950114653821285e-10,-7.862530399828385e-11,-3.3110288861954534e-10,4.950114653821285e-10,-7.862530399828385e-11,4,False,250.0
b712773f15e0f684,20270301_h250_r0_p90_y80_TPMC_N400000_S101,101,sample,1967,triangle_1967,solar,0.14408333333350645,-0.049122977327683205,0.05888949732725907,2.075391172016147e-12,0.7071067811865367,0.7071067811865585,0.00099944599083729,-8.080992028387935e-14,7484.538922892781,-1319.726150268671,2.6319374847534565e-09,-3.2988857869722315e-09,-1.087980532252027e-09,2.528847489029932e-10,3.2962336884409157e-10,-3.877027061323503e-10,2.528847489029932e-10,3.2962336884409157e-10,-3.877027061323503e-10,1,False,250.0
b712773f15e0f684,20270301_h250_r0_p90_y80_TPMC_N400000_S101,101,sample,1968,triangle_1968,solar,0.09476388888906458,-0.04995438550440381,0.0597209055041244,2.0755586109748745e-12,0.7071067811865366,0.7071067811865586,0.001092921194028501,-8.080992028387935e-14,7484.538922892781,-1319.726150268671,0.0,0.0,0.0,0.0,0.0,0.0,0.0,0.0,0.0,0,True,250.0
b712773f15e0f684,20270301_h250_r0_p90_y80_TPMC_N400000_S101,101,sample,1969,triangle_1969,solar,0.09476388888918062,-0.0895031340633934,0.09926965406311272,2.0746202572628167e-12,0.7071067811865356,0.7071067811865596,0.001130311275304977,-8.080992028387935e-14,7484.538922892781,-1319.726150268671,3.4478283206689935e-09,-6.655672264235233e-09,2.2236776477649068e-10,6.24187552269299e-10,3.038977322201254e-10,-3.0340065947918553e-10,6.24187552269299e-10,3.038977322201254e-10,-3.0340065947918553e-10,3,False,250.0
b712773f15e0f684,20270301_h250_r0_p90_y80_TPMC_N400000_S101,101,sample,1970,triangle_1970,solar,0.0682638888891514,-0.07956051971186463,0.08932703971166206,2.07534913477739e-12,0.7071067811865352,0.7071067811865598,0.0010775025986389168,-8.080992028387935e-14,7484.538922892781,-1319.726150268671,7.037298910747071e-10,-4.220258300416601e-10,-2.348246083953635e-09,2.1632415742778017e-10,1.9400511100892384e-10,2.9962195282001464e-11,2.1632415742778017e-10,1.9400511100892384e-10,2.9962195282001464e-11,1,False,250.0
b712773f15e0f684,20270301_h250_r0_p90_y80_TPMC_N400000_S101,101,sample,1971,triangle_1971,solar,0.06826388888909338,-0.05978614543236984,0.06955266543216791,2.0753327078692448e-12,0.7071067811865365,0.7071067811865586,0.001053095184472328,-8.080992028387935e-14,7484.538922892781,-1319.726150268671,1.1581633896560526e-09,-3.161251699285364e-09,-1.1213545025163034e-08,8.612235041559456e-10,9.656448548234294e-10,-1.3091125288581168e-10,8.612235041559456e-10,9.656448548234294e-10,-1.3091125288581168e-10,5,False,250.0
b712773f15e0f684,20270301_h250_r0_p90_y80_TPMC_N400000_S101,101,sample,1972,triangle_1972,solar,-0.009763888888597373,-0.08950313406339343,0.09926965406341955,2.076107027680901e-12,0.7071067811865361,0.7071067811865591,0.0011303112753049778,-8.080992028387935e-14,7484.538922892781,-1319.726150268671,1.22729040921876e-09,-1.3664302087311359e-09,-1.6345683297762256e-09,2.7662276732402595e-10,9.071983430739485e-11,1.3185997994291793e-10,2.7662276732402595e-10,9.071983430739485e-11,1.3185997994291793e-10,1,False,250.0
b712773f15e0f684,20270301_h250_r0_p90_y80_TPMC_N400000_S101,101,sample,1973,triangle_1973,solar,0.016736111111373523,-0.07956051971186463,0.08932703971181331,2.075419884458497e-12,0.7071067811865357,0.7071067811865592,0.00107750259863892,-8.080992028387935e-14,7484.538922892781,-1319.726150268671,2.6899290811681474e-09,-5.5077325295378565e-09,-1.3356643277927048e-08,1.5362849603708494e-09,3.5467605402078934e-10,1.8906465992453346e-10,1.5362849603708494e-09,3.5467605402078934e-10,1.8906465992453346e-10,5,False,250.0
b712773f15e0f684,20270301_h250_r0_p90_y80_TPMC_N400000_S101,101,sample,1974,triangle_1974,solar,-0.009763888888713443,-0.04995438550440381,0.05972090550443122,2.075558610974875e-12,0.7071067811865361,0.7071067811865588,0.0010929211940285007,-8.080992028387935e-14,7484.538922892781,-1319.726150268671,0.0,0.0,0.0,0.0,0.0,0.0,0.0,0.0,0.0,0,True,250.0
b712773f15e0f684,20270301_h250_r0_p90_y80_TPMC_N400000_S101,101,sample,1975,triangle_1975,solar,0.04250000000017592,-0.05006523992796655,0.059831759927840546,2.075549371440097e-12,0.7071067811865364,0.7071067811865587,0.0011053845544539925,-8.080992028387935e-14,7484.538922892781,-1319.726150268671,4.11762167006883e-10,-2.3641403642595434e-09,-1.7503183989951622e-09,2.487836324837067e-10,1.0141122511731873e-10,-7.844897427825586e-11,2.487836324837067e-10,1.0141122511731873e-10,-7.844897427825586e-11,1,False,250.0
b712773f15e0f684,20270301_h250_r0_p90_y80_TPMC_N400000_S101,101,sample,1976,triangle_1976,solar,0.016736111111315493,-0.059786145432369826,0.06955266543231915,2.0754284227886595e-12,0.7071067811865364,0.7071067811865589,0.0010530951844723306,-8.080992028387935e-14,7484.538922892781,-1319.726150268671,3.6035725749240576e-09,-6.323785438838515e-09,-3.2492202829227667e-09,5.845306876448956e-10,2.859515682960543e-10,1.3576991925904505e-10,5.845306876448956e-10,2.859515682960543e-10,1.3576991925904505e-10,3,False,250.0
b712773f15e0f684,20270301_h250_r0_p90_y80_TPMC_N400000_S101,101,sample,1977,triangle_1977,solar,0.04250000000029197,-0.08961398848695616,0.09938050848682885,2.075928298465835e-12,0.7071067811865355,0.7071067811865595,0.0011178479148794842,-8.080992028387935e-14,7484.538922892781,-1319.726150268671,2.6588983651049895e-09,-7.160242566672046e-09,-4.1907740971606985e-09,9.968209264095207e-10,4.176721281356396e-10,-6.523929535103318e-11,9.968209264095207e-10,4.176721281356396e-10,-6.523929535103318e-11,4,False,250.0
b712773f15e0f684,20270301_h250_r0_p90_y80_TPMC_N400000_S101,101,sample,1978,triangle_1978,solar,0.11684722222248199,-0.07861825711158128,0.08838477711123616,2.0754042594651845e-12,0.707106781186536,0.7071067811865592,0.0009454621613450028,-8.080992028387935e-14,7484.538922892781,-1319.726150268671,1.602128366617039e-09,-4.3699619547456765e-09,-4.846353474005361e-09,8.675677652379875e-10,7.465229557101489e-10,-3.9577188615276055e-10,8.675677652379875e-10,7.465229557101489e-10,-3.9577188615276055e-10,2,False,250.0
b712773f15e0f684,20270301_h250_r0_p90_y80_TPMC_N400000_S101,101,sample,1979,triangle_1979,solar,-0.03184722222196271,-0.07861825711158132,0.08838477711167264,2.0757124466626886e-12,0.7071067811865362,0.7071067811865589,0.0009454621613450048,-8.080992028387935e-14,7484.538922892781,-1319.726150268671,0.0,0.0,0.0,0.0,0.0,0.0,0.0,0.0,0.0,0,True,250.0
b712773f15e0f684,20270301_h250_r0_p90_y80_TPMC_N400000_S101,101,sample,1980,triangle_1980,solar,0.11684722222242398,-0.05884388283208649,0.068610402831742,2.075311464400088e-12,0.7071067811865367,0.7071067811865582,0.0008145968768773266,-8.080992028387935e-14,7484.538922892781,-1319.726150268671,0.0,0.0,0.0,0.0,0.0,0.0,0.0,0.0,0.0,0,True,250.0
b712773f15e0f684,20270301_h250_r0_p90_y80_TPMC_N400000_S101,101,sample,1981,triangle_1981,solar,-0.031847222222020743,-0.058843882832086525,0.06861040283217847,2.07573571037043e-12,0.7071067811865364,0.7071067811865587,0.0008145968768773319,-8.080992028387935e-14,7484.538922892781,-1319.726150268671,2.5747279991972932e-09,-1.7604724283297454e-09,-2.639044131109778e-09,2.8717474687261055e-10,1.549461595666515e-10,2.3268643886097407e-10,2.8717474687261055e-10,1.549461595666515e-10,2.3268643886097407e-10,2,False,250.0
b712773f15e0f684,20270301_h250_r0_p90_y80_TPMC_N400000_S101,101,sample,1982,triangle_1982,solar,-0.07674999999974104,-0.07972423313841971,0.08822423313864287,-2.0754293052951815e-12,-0.7071067811865366,-0.7071067811865585,0.0008248125000000014,-8.080992028387935e-14,7484.538922892781,-1319.726150268671,-3.584084641082905e-08,1.312567908547023e-06,-1.0327554548358994e-07,-1.066625545978545e-07,-1.162693138116281e-08,-1.0397225349378255e-07,-1.066625545978545e-07,-1.162693138116281e-08,-1.0397225349378255e-07,93,False,250.0
b712773f15e0f684,20270301_h250_r0_p90_y80_TPMC_N400000_S101,101,sample,1983,triangle_1983,solar,0.16175000000025905,-0.07972423313841971,0.0882242331379428,-2.075051391375868e-12,-0.7071067811865356,-0.7071067811865595,0.0008248124999999938,-8.080992028387935e-14,7484.538922892781,-1319.726150268671,6.936499888527187e-09,1.8726511806186248e-06,-1.8375574319556505e-07,-1.5252641551108371e-07,3.083219097215907e-08,3.068759752972465e-07,-1.5252641551108371e-07,3.083219097215907e-08,3.068759752972465e-07,105,False,250.0
b712773f15e0f684,20270301_h250_r0_p90_y80_TPMC_N400000_S101,101,sample,1984,triangle_1984,solar,0.1440833333336212,-0.08950587694483376,0.09800587694440838,-2.07588740528816e-12,-0.7071067811865362,-0.7071067811865589,0.001201200301204811,-8.080992028387935e-14,7484.538922892781,-1319.726150268671,3.270295462865834e-08,2.958724335398814e-06,-3.0954199932899205e-07,-2.6153280156752545e-07,4.850471615218082e-08,4.351550429425847e-07,-2.6153280156752545e-07,4.850471615218082e-08,4.351550429425847e-07,153,False,250.0
b712773f15e0f684,20270301_h250_r0_p90_y80_TPMC_N400000_S101,101,sample,1985,triangle_1985,solar,-0.05908333333304563,-0.08950587694483379,0.09800587694500477,-2.076158184983604e-12,-0.7071067811865362,-0.7071067811865588,0.00120120030120482,-8.080992028387935e-14,7484.538922892781,-1319.726150268671,1.1001919404220447e-08,2.648579928846048e-06,-2.1830224751452123e-07,-2.399471752172166e-07,-1.1666248288533892e-08,-1.524728144457329e-07,-2.399471752172166e-07,-1.1666248288533892e-08,-1.524728144457329e-07,160,False,250.0
b712773f15e0f684,20270301_h250_r0_p90_y80_TPMC_N400000_S101,101,sample,1986,triangle_1986,solar,-0.07674999999979847,-0.06016094552559159,0.06866094552581535,-2.0754457363351507e-12,-0.7071067811865365,-0.7071067811865585,0.0008248125000000022,-8.080992028387935e-14,7484.538922892781,-1319.726150268671,-4.2800069961732417e-08,1.2821828467699727e-06,-8.949936628821717e-08,-8.446301523888197e-08,-9.653957668220028e-09,-9.909494982016881e-08,-8.446301523888197e-08,-9.653957668220028e-09,-9.909494982016881e-08,91,False,250.0
b712773f15e0f684,20270301_h250_r0_p90_y80_TPMC_N400000_S101,101,sample,1987,triangle_1987,solar,0.16175000000020165,-0.06016094552559159,0.06866094552511529,-2.075207486255585e-12,-0.7071067811865369,-0.7071067811865582,0.0008248124999999968,-8.080992028387935e-14,7484.538922892781,-1319.726150268671,3.7242362390377024e-08,1.7423841252004454e-06,-1.439135234320834e-07,-1.1126393676663888e-07,2.552715618669262e-08,2.809242111176409e-07,-1.1126393676663888e-07,2.552715618669262e-08,2.809242111176409e-07,99,False,250.0
b712773f15e0f684,20270301_h250_r0_p90_y80_TPMC_N400000_S101,101,sample,1988,triangle_1988,solar,-0.059083333333160466,-0.05037930171917753,0.058879301719349735,-2.0756021307493033e-12,-0.7071067811865366,-0.7071067811865583,0.000998299698795184,-8.080992028387935e-14,7484.538922892781,-1319.726150268671,-5.743870660415328e-08,1.8474530723324879e-06,-7.334970256770603e-08,-1.04583714346137e-07,-7.009735823497336e-09,-1.1264623602202623e-07,-1.04583714346137e-07,-7.009735823497336e-09,-1.1264623602202623e-07,164,False,250.0
b712773f15e0f684,20270301_h250_r0_p90_y80_TPMC_N400000_S101,101,sample,1989,triangle_1989,solar,0.14408333333350642,-0.05037930171917752,0.058879301718753364,-2.0756021307493307e-12,-0.7071067811865366,-0.7071067811865586,0.0009982996987951708,-8.080992028387935e-14,7484.538922892781,-1319.726150268671,1.5721292915202936e-08,2.2051179960471737e-06,-8.155933705629666e-08,-1.2416568991830776e-07,1.2256603639349605e-08,3.1816328832454554e-07,-1.2416568991830776e-07,1.2256603639349605e-08,3.1816328832454554e-07,176,False,250.0
b712773f15e0f684,20270301_h250_r0_p90_y80_TPMC_N400000_S101,101,sample,1990,triangle_1990,solar,0.09476388888906433,-0.05113125345854173,0.05963125345826233,-2.0756547213310055e-12,-0.7071067811865365,-0.7071067811865587,0.001082841616465867,-8.080992028387935e-14,7484.538922892781,-1319.726150268671,2.545050683293096e-08,2.4691879268516883e-06,-4.715556188668341e-08,-1.4150932295957512e-07,6.277505950693403e-09,2.3569077410031638e-07,-1.4150932295957512e-07,6.277505950693403e-09,2.3569077410031638e-07,218,False,250.0
b712773f15e0f684,20270301_h250_r0_p90_y80_TPMC_N400000_S101,101,sample,1991,triangle_1991,solar,0.0947638888891791,-0.090257828684198,0.09875782868391736,-2.075955098867878e-12,-0.7071067811865366,-0.7071067811865586,0.0011166583835341384,-8.080992028387935e-14,7484.538922892781,-1319.726150268671,1.144440932191624e-08,2.2188624576680855e-06,-2.3634715838247416e-07,-1.9705756505238766e-07,2.4143317877954512e-08,2.11841551888284e-07,-1.9705756505238766e-07,2.4143317877954512e-08,2.11841551888284e-07,127,False,250.0
b712773f15e0f684,20270301_h250_r0_p90_y80_TPMC_N400000_S101,101,sample,1992,triangle_1992,solar,0.0682638888890928,-0.06086276714899818,0.06936276714879626,-2.0755136236099064e-12,-0.7071067811865365,-0.7071067811865587,0.0010428896663041065,-8.080992028387935e-14,7484.538922892781,-1319.726150268671,1.216597770351405e-08,2.2085355899848803e-06,-2.1832437731003908e-07,-1.4144381929917652e-07,1.5241473630451625e-08,1.497468245054398e-07,-1.4144381929917652e-07,1.5241473630451625e-08,1.497468245054398e-07,135,False,250.0
b712773f15e0f684,20270301_h250_r0_p90_y80_TPMC_N400000_S101,101,sample,1993,triangle_1993,solar,0.0682638888891502,-0.08042605476182631,0.08892605476162378,-2.0755098724594616e-12,-0.7071067811865366,-0.7071067811865583,0.0010649645003625633,-8.080992028387935e-14,7484.538922892781,-1319.726150268671,1.0768810768274663e-08,2.3540679388960317e-06,-2.443653914797177e-07,-1.8774334405454531e-07,1.711528769130353e-08,1.5905814444020648e-07,-1.8774334405454531e-07,1.711528769130353e-08,1.5905814444020648e-07,139,False,250.0
b712773f15e0f684,20270301_h250_r0_p90_y80_TPMC_N400000_S101,101,sample,1994,triangle_1994,solar,-0.009763888888713709,-0.05113125345854174,0.05963125345856915,-2.07555459568419e-12,-0.7071067811865366,-0.7071067811865583,0.0010828416164658666,-8.080992028387935e-14,7484.538922892781,-1319.726150268671,2.002566979797846e-08,2.5710126576385833e-06,-9.068687524480967e-08,-1.4877213983866628e-07,-8.007739293028156e-10,-2.5398953560270045e-08,-1.4877213983866628e-07,-8.007739293028156e-10,-2.5398953560270045e-08,219,False,250.0
b712773f15e0f684,20270301_h250_r0_p90_y80_TPMC_N400000_S101,101,sample,1995,triangle_1995,solar,0.04250000000017561,-0.051231513690456955,0.059731513690330966,-2.0753770496227926e-12,-0.7071067811865364,-0.7071067811865586,0.0010941138721552906,-8.080992028387935e-14,7484.538922892781,-1319.726150268671,-4.71978329493788e-09,2.4137138006154693e-06,-2.048371551163153e-09,-1.4043660139808834e-07,4.925946789587347e-10,9.721337220270209e-08,-1.4043660139808834e-07,4.925946789587347e-10,9.721337220270209e-08,209,False,250.0
b712773f15e0f684,20270301_h250_r0_p90_y80_TPMC_N400000_S101,101,sample,1996,triangle_1996,solar,0.01673611111131492,-0.06086276714899819,0.0693627671489475,-2.075637889910661e-12,-0.7071067811865366,-0.7071067811865586,0.001042889666304108,-8.080992028387935e-14,7484.538922892781,-1319.726150268671,-1.7292061480709114e-08,2.7929567693165434e-06,-2.0575334570515703e-07,-1.8143838431054563e-07,1.7643130732763937e-09,4.4401200050159636e-08,-1.8143838431054563e-07,1.7643130732763937e-09,4.4401200050159636e-08,169,False,250.0
b712773f15e0f684,20270301_h250_r0_p90_y80_TPMC_N400000_S101,101,sample,1997,triangle_1997,solar,-0.009763888888598884,-0.090257828684198,0.09875782868422416,-2.075906552141838e-12,-0.7071067811865359,-0.7071067811865591,0.001116658383534139,-8.080992028387935e-14,7484.538922892781,-1319.726150268671,-1.215601325473363e-08,2.5754195255591293e-06,-2.7243993405420163e-07,-2.2846828272753904e-07,-3.974494968342036e-09,-2.5255479309104736e-08,-2.2846828272753904e-07,-3.974494968342036e-09,-2.5255479309104736e-08,142,False,250.0
b712773f15e0f684,20270301_h250_r0_p90_y80_TPMC_N400000_S101,101,sample,1998,triangle_1998,solar,0.01673611111137233,-0.08042605476182631,0.088926054761775,-2.0756291768513393e-12,-0.7071067811865358,-0.7071067811865591,0.001064964500362564,-8.080992028387935e-14,7484.538922892781,-1319.726150268671,-2.1534503217531737e-08,2.5641772969260715e-06,-2.7518586729800134e-07,-2.0645372255515524e-07,1.6936149225711436e-09,3.4212949924066945e-08,-2.0645372255515524e-07,1.6936149225711436e-09,3.4212949924066945e-08,145,False,250.0
b712773f15e0f684,20270301_h250_r0_p90_y80_TPMC_N400000_S101,101,sample,1999,triangle_1999,solar,0.042500000000290424,-0.09035808891611323,0.09885808891598598,-2.0746146232213905e-12,-0.7071067811865362,-0.7071067811865588,0.001105386127844715,-8.080992028387935e-14,7484.538922892781,-1319.726150268671,3.039412674223879e-08,2.0805229195643616e-06,-2.1027794958663154e-07,-1.876783795365186e-07,1.1673272319740401e-08,9.017987886769966e-08,-1.876783795365186e-07,1.1673272319740401e-08,9.017987886769966e-08,125,False,250.0
b712773f15e0f684,20270301_h250_r0_p90_y80_TPMC_N400000_S101,101,sample,2000,triangle_2000,solar,0.11684722222248105,-0.07957384279054686,0.08807384279020174,-2.0754583177386083e-12,-0.7071067811865364,-0.7071067811865587,0.0009298147590361433,-8.080992028387935e-14,7484.538922892781,-1319.726150268671,5.56486833952322e-09,1.8360712969517516e-06,-1.6238688812374643e-07,-1.479070306588147e-07,1.9271758106623215e-08,2.139469986444388e-07,-1.479070306588147e-07,1.9271758106623215e-08,2.139469986444388e-07,107,False,250.0
b712773f15e0f684,20270301_h250_r0_p90_y80_TPMC_N400000_S101,101,sample,2001,triangle_2001,solar,-0.03184722222196362,-0.07957384279054687,0.0880738427906382,-2.0756040728691202e-12,-0.7071067811865361,-0.7071067811865589,0.0009298147590361458,-8.080992028387935e-14,7484.538922892781,-1319.726150268671,-1.7364832109866493e-08,1.9437057722283087e-06,-2.3346544729356104e-07,-1.5210706253197532e-07,-9.09418668495868e-09,-6.332173370836737e-08,-1.5210706253197532e-07,-9.09418668495868e-09,-6.332173370836737e-08,106,False,250.0
b712773f15e0f684,20270301_h250_r0_p90_y80_TPMC_N400000_S101,101,sample,2002,triangle_2002,solar,0.11684722222242368,-0.06001055517771873,0.06851055517737423,-2.0754359591161705e-12,-0.7071067811865364,-0.7071067811865585,0.0008114560742971867,-8.080992028387935e-14,7484.538922892781,-1319.726150268671,-2.139211554015695e-08,1.732921045455729e-06,-1.218832490863936e-07,-1.1128461604542917e-07,1.2515115172560432e-08,2.0187201707734454e-07,-1.1128461604542917e-07,1.2515115172560432e-08,2.0187201707734454e-07,111,False,250.0
b712773f15e0f684,20270301_h250_r0_p90_y80_TPMC_N400000_S101,101,sample,2003,triangle_2003,solar,-0.03184722222202104,-0.06001055517771875,0.0685105551778107,-2.075653078512525e-12,-0.7071067811865366,-0.7071067811865586,0.0008114560742971912,-8.080992028387935e-14,7484.538922892781,-1319.726150268671,-3.106611837118925e-08,1.7008736233902256e-06,-1.356073204257746e-07,-1.0798983299820136e-07,-6.576884454587164e-09,-5.818758801381333e-08,-1.0798983299820136e-07,-6.576884454587164e-09,-5.818758801381333e-08,121,False,250.0
b712773f15e0f684,20270301_h250_r0_p90_y80_TPMC_N400000_S101,101,sample,2004,triangle_2004,solar,-0.05466666666634667,-0.09987323283848491,0.10900649283864254,2.0743550718456918e-12,-0.7071067811865709,0.7071067811865244,2.373246933347188e-05,-8.080992028387935e-14,7484.538922892781,-1319.726150268671,3.335766683027991e-09,6.439030460274471e-08,-1.4176607325121747e-08,-5.6045947110183305e-09,-3.1129606963037457e-10,-2.6940285864513557e-09,-5.6045947110183305e-09,-3.1129606963037457e-10,-2.6940285864513557e-09,3,False,250.0
b712773f15e0f684,20270301_h250_r0_p90_y80_TPMC_N400000_S101,101,sample,2005,triangle_2005,solar,0.1396666666669869,-0.09987323283848491,0.10900649283807214,2.0761139635078384e-12,-0.7071067811865631,0.7071067811865321,2.3732469333471435e-05,-8.080992028387935e-14,7484.538922892781,-1319.726150268671,-3.4409701038341165e-10,7.653014946289315e-08,-2.0212369765605815e-08,-6.321493428620991e-09,2.691512824619789e-09,1.0228554311080424e-08,-6.321493428620991e-09,2.691512824619789e-09,1.0228554311080424e-08,4,False,250.0
b712773f15e0f684,20270301_h250_r0_p90_y80_TPMC_N400000_S101,101,sample,2006,triangle_2006,solar,0.15733333333365407,-0.09966214617181825,0.10921757950468693,2.0759288170171386e-12,-0.7071067811865785,0.7071067811865166,1.1866234666735443e-05,-8.080992028387935e-14,7484.538922892781,-1319.726150268671,0.0,0.0,0.0,0.0,0.0,0.0,0.0,0.0,0.0,0,True,250.0
b712773f15e0f684,20270301_h250_r0_p90_y80_TPMC_N400000_S101,101,sample,2007,triangle_2007,solar,-0.07233333333301274,-0.09966214617181825,0.10921757950536104,2.0746327829658628e-12,-0.707106781186594,0.7071067811865009,1.186623466673581e-05,-8.080992028387935e-14,7484.538922892781,-1319.726150268671,1.3094952088079248e-09,1.8263878708147157e-08,-3.31077341796201e-09,-1.66588111295112e-09,-5.533406272869872e-11,-9.641487178316148e-10,-1.66588111295112e-09,-5.533406272869872e-11,-9.641487178316148e-10,1,False,250.0
b712773f15e0f684,20270301_h250_r0_p90_y80_TPMC_N400000_S101,101,sample,2008,triangle_2008,solar,0.15733333333365282,-0.10008431950515156,0.1087954061713536,2.0759288170170465e-12,-0.7071067811865476,0.7071067811865476,1.1866234666735968e-05,-8.080992028387935e-14,7484.538922892781,-1319.726150268671,3.1179257702646248e-09,3.383237843044748e-08,-3.770394971264055e-09,-3.300482217360283e-09,9.232138616790331e-10,5.554819147695418e-09,-3.300482217360283e-09,9.232138616790331e-10,5.554819147695418e-09,1,False,250.0
b712773f15e0f684,20270301_h250_r0_p90_y80_TPMC_N400000_S101,101,sample,2009,triangle_2009,solar,-0.07233333333301399,-0.10008431950515156,0.10879540617202772,2.0761140022670084e-12,-0.7071067811864236,0.7071067811866716,1.1866234666733988e-05,-8.080992028387935e-14,7484.538922892781,-1319.726150268671,0.0,0.0,0.0,0.0,0.0,0.0,0.0,0.0,0.0,0,True,250.0
b712773f15e0f684,20270301_h250_r0_p90_y80_TPMC_N400000_S101,101,sample,2010,triangle_2010,solar,-0.0016666666663462451,-0.09976768950515158,0.1091120361718203,2.0761145211779727e-12,-0.7071067811865631,0.707106781186532,2.373246933347165e-05,-8.080992028387935e-14,7484.538922892781,-1319.726150268671,1.2300070463351263e-09,1.042965617628808e-07,-1.8316432326672062e-08,-9.539811014365483e-09,8.707225051057342e-11,2.8113112055591543e-10,-9.539811014365483e-09,8.707225051057342e-11,2.8113112055591543e-10,4,False,250.0
b712773f15e0f684,20270301_h250_r0_p90_y80_TPMC_N400000_S101,101,sample,2011,triangle_2011,solar,-0.01933333333301358,-0.09997877617181823,0.1089009495052055,2.0759288498539935e-12,-0.7071067811865708,0.7071067811865241,2.3732469333471906e-05,-8.080992028387935e-14,7484.538922892781,-1319.726150268671,2.1294018611873306e-09,3.153826978071305e-08,-8.479254714098244e-09,-2.5802070528114413e-09,3.1199714017823104e-10,5.12492244161671e-10,-2.5802070528114413e-09,3.1199714017823104e-10,5.12492244161671e-10,1,False,250.0
b712773f15e0f684,20270301_h250_r0_p90_y80_TPMC_N400000_S101,101,sample,2012,triangle_2012,solar,0.05133333333365387,-0.09976768950515158,0.10911203617166472,2.0759288498541765e-12,-0.7071067811865087,0.7071067811865863,2.3732469333469813e-05,-8.080992028387935e-14,7484.538922892781,-1319.726150268671,-1.5210265652501251e-09,6.893889261369534e-08,-1.596768473021597e-08,-5.9149448623911426e-09,7.514975430121214e-10,3.955189947163928e-09,-5.9149448623911426e-09,7.514975430121214e-10,3.955189947163928e-09,3,False,250.0
b712773f15e0f684,20270301_h250_r0_p90_y80_TPMC_N400000_S101,101,sample,2013,triangle_2013,solar,0.03366666666698655,-0.09997877617181823,0.10890094950504993,2.074632782965952e-12,-0.707106781186563,0.707106781186532,2.373246933347164e-05,-8.080992028387935e-14,7484.538922892781,-1319.726150268671,-7.730023477178068e-10,5.4276857632411e-08,-1.2421650901547418e-08,-4.6706995549927e-09,4.347258890929008e-10,2.1574896204051052e-09,-4.6706995549927e-09,4.347258890929008e-10,2.1574896204051052e-09,3,False,250.0
b712773f15e0f684,20270301_h250_r0_p90_y80_TPMC_N400000_S101,101,sample,2014,triangle_2014,solar,0.10433333333365397,-0.09976768950515158,0.10911203617150916,2.0746327829659525e-12,-0.7071067811865629,0.7071067811865319,2.3732469333471635e-05,-8.080992028387935e-14,7484.538922892781,-1319.726150268671,9.6151787800895e-10,3.449637362631626e-08,-1.0118628891330947e-08,-2.7545280030938265e-09,1.2751269883744058e-09,4.036957608915874e-09,-2.7545280030938265e-09,1.2751269883744058e-09,4.036957608915874e-09,2,False,250.0
b712773f15e0f684,20270301_h250_r0_p90_y80_TPMC_N400000_S101,101,sample,2015,triangle_2015,solar,0.08666666666698664,-0.09997877617181823,0.10890094950489436,2.0759288498541785e-12,-0.7071067811865088,0.7071067811865863,2.3732469333469792e-05,-8.080992028387935e-14,7484.538922892781,-1319.726150268671,4.044195476792419e-09,8.588743452500118e-08,-1.8643359740274035e-08,-7.490681895867674e-09,2.1934327436602243e-09,8.497807664517515e-09,-7.490681895867674e-09,2.1934327436602243e-09,8.497807664517515e-09,4,False,250.0
b712773f15e0f684,20270301_h250_r0_p90_y80_TPMC_N400000_S101,101,sample,2016,triangle_2016,solar,-0.08999999999982422,-0.0503317538064146,0.05988718714001085,-1.0,-4.199758985445029e-26,2.93542337423093e-12,9.391740192174621e-06,-8.080992028387935e-14,7484.538922892781,-1319.726150268671,0.0,0.0,0.0,0.0,0.0,0.0,0.0,0.0,0.0,0,True,250.0
b712773f15e0f684,20270301_h250_r0_p90_y80_TPMC_N400000_S101,101,sample,2017,triangle_2017,solar,-0.08999999999973747,-0.08009885855899014,0.08944320522591875,-1.0,1.124851399788154e-14,2.946671888228847e-12,1.878348038434851e-05,-8.080992028387935e-14,7484.538922892781,-1319.726150268671,0.0,0.0,0.0,0.0,0.0,0.0,0.0,0.0,0.0,0,True,250.0
b712773f15e0f684,20270301_h250_r0_p90_y80_TPMC_N400000_S101,101,sample,2018,triangle_2018,solar,-0.08999999999982422,-0.05075392713974793,0.05988718714001085,-1.0,-3.21646580501501e-26,2.9354233742309207e-12,9.391740192174318e-06,-8.080992028387935e-14,7484.538922892781,-1319.726150268671,0.0,0.0,0.0,0.0,0.0,0.0,0.0,0.0,0.0,0,True,250.0
b712773f15e0f684,20270301_h250_r0_p90_y80_TPMC_N400000_S101,101,sample,2019,triangle_2019,solar,-0.08999999999979552,-0.06074665761282868,0.0696688309464246,-1.0,1.136988477010687e-14,2.9463077759121707e-12,1.858297127054858e-05,-8.080992028387935e-14,7484.538922892781,-1319.726150268671,0.0,0.0,0.0,0.0,0.0,0.0,0.0,0.0,0.0,0,True,250.0
b712773f15e0f684,20270301_h250_r0_p90_y80_TPMC_N400000_S101,101,sample,2020,triangle_2020,solar,-0.08999999999970876,-0.09009158903207086,0.09922484903233249,-1.0,2.2739769540206593e-14,2.9576776606822858e-12,9.291485635274229e-06,-8.080992028387935e-14,7484.538922892781,-1319.726150268671,0.0,0.0,0.0,0.0,0.0,0.0,0.0,0.0,0.0,0,True,250.0
b712773f15e0f684,20270301_h250_r0_p90_y80_TPMC_N400000_S101,101,sample,2021,triangle_2021,solar,-0.08999999999970938,-0.09030267569873751,0.09901376236566584,-1.0,5.884757874041852e-16,2.9359992863447356e-12,9.291485635272828e-06,-8.080992028387935e-14,7484.538922892781,-1319.726150268671,0.0,0.0,0.0,0.0,0.0,0.0,0.0,0.0,0.0,0,True,250.0
b712773f15e0f684,20270301_h250_r0_p90_y80_TPMC_N400000_S101,101,sample,2022,triangle_2022,solar,0.17500000000017582,-0.0503317538064146,0.059887187139233015,0.9999999999999999,6.437032937163961e-26,-2.9372948586900726e-12,9.39174019217473e-06,-8.080992028387935e-14,7484.538922892781,-1319.726150268671,0.0,0.0,0.0,0.0,0.0,0.0,0.0,0.0,0.0,0,True,250.0
b712773f15e0f684,20270301_h250_r0_p90_y80_TPMC_N400000_S101,101,sample,2023,triangle_2023,solar,0.17500000000026258,-0.08009885855899014,0.08944320522514095,0.9999999999999999,-5.577998876164836e-14,-2.9883961363038345e-12,1.8783480384348538e-05,-8.080992028387935e-14,7484.538922892781,-1319.726150268671,0.0,0.0,0.0,0.0,0.0,0.0,0.0,0.0,0.0,0,True,250.0
b712773f15e0f684,20270301_h250_r0_p90_y80_TPMC_N400000_S101,101,sample,2024,triangle_2024,solar,0.17500000000017582,-0.05075392713974793,0.059887187139233,1.0,2.0998794927225872e-26,-2.937294858690092e-12,9.391740192174296e-06,-8.080992028387935e-14,7484.538922892781,-1319.726150268671,0.0,0.0,0.0,0.0,0.0,0.0,0.0,0.0,0.0,0,True,250.0
b712773f15e0f684,20270301_h250_r0_p90_y80_TPMC_N400000_S101,101,sample,2025,triangle_2025,solar,0.17500000000020455,-0.060746657612828665,0.06966883094564678,1.0,-5.5199552861681374e-14,-2.9901374440037425e-12,1.85829712705486e-05,-8.080992028387935e-14,7484.538922892781,-1319.726150268671,0.0,0.0,0.0,0.0,0.0,0.0,0.0,0.0,0.0,0,True,250.0
b712773f15e0f684,20270301_h250_r0_p90_y80_TPMC_N400000_S101,101,sample,2026,triangle_2026,solar,0.17500000000029128,-0.09009158903207086,0.09922484903155467,1.0,6.633832488854653e-14,-2.871437082745124e-12,9.291485635274027e-06,-8.080992028387935e-14,7484.538922892781,-1319.726150268671,0.0,0.0,0.0,0.0,0.0,0.0,0.0,0.0,0.0,0,True,250.0
b712773f15e0f684,20270301_h250_r0_p90_y80_TPMC_N400000_S101,101,sample,2027,triangle_2027,solar,0.17500000000029062,-0.09030267569873751,0.09901376236488801,1.0,-1.1087202513855472e-13,-3.0448640774501012e-12,9.291485635274439e-06,-8.080992028387935e-14,7484.538922892781,-1319.726150268671,0.0,0.0,0.0,0.0,0.0,0.0,0.0,0.0,0.0,0,True,250.0
b712773f15e0f684,20270301_h250_r0_p90_y80_TPMC_N400000_S101,101,sample,2028,triangle_2028,solar,-0.07675000000017902,0.07077218005520108,-0.06100542005497495,2.075495793552135e-12,0.7071067811865488,0.7071067811865462,0.0008337155488993976,-8.080992028387935e-14,7484.538922892781,-1319.726150268671,0.0,0.0,0.0,0.0,0.0,0.0,0.0,0.0,0.0,0,True,250.0
b712773f15e0f684,20270301_h250_r0_p90_y80_TPMC_N400000_S101,101,sample,2029,triangle_2029,solar,0.1617499999997688,0.08855118278328304,-0.07878442278375698,2.0758534162423115e-12,0.707106781186548,0.707106781186547,0.0008337155488993948,-8.080992028387935e-14,7484.538922892781,-1319.726150268671,1.903628234866831e-09,-1.6562753447182359e-09,-1.3531927271486205e-09,-2.57823758826387e-10,5.461013538169069e-11,-4.2953970714179547e-10,-2.57823758826387e-10,5.461013538169069e-11,-4.2953970714179547e-10,1,False,250.0
b712773f15e0f684,20270301_h250_r0_p90_y80_TPMC_N400000_S101,101,sample,2030,triangle_2030,solar,0.1440833333330733,0.09843840992303028,-0.0886716499234524,2.075390052788356e-12,0.7071067811865483,0.7071067811865467,0.0012237950190867332,-8.080992028387935e-14,7484.538922892781,-1319.726150268671,3.4293703207671014e-10,-2.5305144463403432e-09,-1.7510829136400772e-09,-3.848667020983012e-10,2.2137229052611812e-10,-3.952815816811785e-10,-3.848667020983012e-10,2.2137229052611812e-10,-3.952815816811785e-10,1,False,250.0
b712773f15e0f684,20270301_h250_r0_p90_y80_TPMC_N400000_S101,101,sample,2031,triangle_2031,solar,-0.05908333333348331,0.06088495291545389,-0.05111819291527958,2.0755672396792185e-12,0.7071067811865488,0.7071067811865462,0.001223795019086739,-8.080992028387935e-14,7484.538922892781,-1319.726150268671,-9.89555670332386e-10,-1.3440542134401654e-09,-1.5435984434137442e-09,-1.4297522809658132e-10,-3.939928622309844e-11,1.2596328090660833e-10,-1.4297522809658132e-10,-3.939928622309844e-11,1.2596328090660833e-10,1,False,250.0
b712773f15e0f684,20270301_h250_r0_p90_y80_TPMC_N400000_S101,101,sample,2032,triangle_2032,solar,-0.07675000000023707,0.09054663433469555,-0.08077987433446947,2.0755851992246653e-12,0.7071067811865481,0.7071067811865468,0.0008337155488994024,-8.080992028387935e-14,7484.538922892781,-1319.726150268671,0.0,0.0,0.0,0.0,0.0,0.0,0.0,0.0,0.0,0,True,250.0
b712773f15e0f684,20270301_h250_r0_p90_y80_TPMC_N400000_S101,101,sample,2033,triangle_2033,solar,0.16174999999982684,0.06877672850378858,-0.05900996850426247,2.075731499416122e-12,0.7071067811865489,0.7071067811865461,0.0008337155488993928,-8.080992028387935e-14,7484.538922892781,-1319.726150268671,3.757083130521523e-09,-5.077385128700954e-09,-5.029330640565059e-09,-6.100990620411899e-10,6.085363420759794e-10,-1.0670126967603989e-09,-6.100990620411899e-10,6.085363420759794e-10,-1.0670126967603989e-09,2,False,250.0
b712773f15e0f684,20270301_h250_r0_p90_y80_TPMC_N400000_S101,101,sample,2034,triangle_2034,solar,-0.059083333333599414,0.10043386147444282,-0.0906671014742686,2.0755529500666245e-12,0.7071067811865481,0.7071067811865468,0.0009994464446449935,-8.080992028387935e-14,7484.538922892781,-1319.726150268671,0.0,0.0,0.0,0.0,0.0,0.0,0.0,0.0,0.0,0,True,250.0
b712773f15e0f684,20270301_h250_r0_p90_y80_TPMC_N400000_S101,101,sample,2035,triangle_2035,solar,0.14408333333318937,0.05888950136404136,-0.049122741364463374,2.0755529500666576e-12,0.7071067811865488,0.7071067811865464,0.0009994464446449777,-8.080992028387935e-14,7484.538922892781,-1319.726150268671,3.038605587730285e-09,-3.46429919036459e-09,-3.846798696863005e-09,-3.5946247752911163e-10,4.856473591961962e-10,-7.182641643945714e-10,-3.5946247752911163e-10,4.856473591961962e-10,-7.182641643945714e-10,2,False,250.0
b712773f15e0f684,20270301_h250_r0_p90_y80_TPMC_N400000_S101,101,sample,2036,triangle_2036,solar,0.09476388888874265,0.059720939510463276,-0.049954179510740514,2.0754025473771384e-12,0.7071067811865487,0.7071067811865465,0.0010929250173290549,-8.080992028387935e-14,7484.538922892781,-1319.726150268671,1.3667711168814592e-09,-8.738823480931326e-10,-9.024650913065718e-10,-9.205301577690421e-11,9.633184432803256e-12,-1.487411250701313e-10,-9.205301577690421e-11,9.633184432803256e-12,-1.487411250701313e-10,1,False,250.0
b712773f15e0f684,20270301_h250_r0_p90_y80_TPMC_N400000_S101,101,sample,2037,triangle_2037,solar,0.09476388888862657,0.0992698480694522,-0.08950308806972955,2.0755699683918142e-12,0.7071067811865483,0.7071067811865467,0.0011303164464026801,-8.080992028387935e-14,7484.538922892781,-1319.726150268671,2.3185277060069537e-09,-2.4992856150070566e-09,-1.1934508060834904e-09,-3.182293438823496e-10,-9.329650272149375e-11,-4.2284855052336544e-10,-3.182293438823496e-10,-9.329650272149375e-11,-4.2284855052336544e-10,1,False,250.0
b712773f15e0f684,20270301_h250_r0_p90_y80_TPMC_N400000_S101,101,sample,2038,triangle_2038,solar,0.06826388888871357,0.06960816665021048,-0.05984140665040999,2.075211795642462e-12,0.7071067811865487,0.7071067811865464,0.0010559553441030485,-8.080992028387935e-14,7484.538922892781,-1319.726150268671,2.6639416452330764e-10,-1.0901285345486943e-08,-1.5868293647218046e-09,-7.156858992948608e-10,1.0765325556714457e-10,-7.261996409423879e-10,-7.156858992948608e-10,1.0765325556714457e-10,-7.261996409423879e-10,3,False,250.0
b712773f15e0f684,20270301_h250_r0_p90_y80_TPMC_N400000_S101,101,sample,2039,triangle_2039,solar,0.06826388888865552,0.08938262092970495,-0.07961586092990451,2.0752006955929254e-12,0.7071067811865481,0.7071067811865468,0.001074651058639862,-8.080992028387935e-14,7484.538922892781,-1319.726150268671,4.337198995557023e-09,-3.6585856125785904e-09,-5.756433902782388e-09,-7.870925690033703e-10,1.026044953055857e-10,-6.623586736767054e-10,-7.870925690033703e-10,1.026044953055857e-10,-6.623586736767054e-10,3,False,250.0
b712773f15e0f684,20270301_h250_r0_p90_y80_TPMC_N400000_S101,101,sample,2040,triangle_2040,solar,-0.009763888889036324,0.060053514769032014,-0.05028675476900246,2.075474048158509e-12,0.7071067811865488,0.7071067811865462,0.0011303164464026797,-8.080992028387935e-14,7484.538922892781,-1319.726150268671,0.0,0.0,0.0,0.0,0.0,0.0,0.0,0.0,0.0,0,True,250.0
b712773f15e0f684,20270301_h250_r0_p90_y80_TPMC_N400000_S101,101,sample,2041,triangle_2041,solar,0.01673611111093472,0.06994074190877923,-0.0601739819088275,2.0756003096823602e-12,0.7071067811865488,0.7071067811865461,0.0010746510586398617,-8.080992028387935e-14,7484.538922892781,-1319.726150268671,3.0228246591019285e-09,-3.236456968393475e-09,-2.3381118792715178e-09,-3.606764296043185e-10,-1.36981921549339e-10,-2.758392670503692e-10,-3.606764296043185e-10,-1.36981921549339e-10,-2.758392670503692e-10,2,False,250.0
b712773f15e0f684,20270301_h250_r0_p90_y80_TPMC_N400000_S101,101,sample,2042,triangle_2042,solar,-0.009763888889152422,0.09960242332802094,-0.08983566332799149,2.0753529464367565e-12,0.7071067811865481,0.7071067811865469,0.001092925017329056,-8.080992028387935e-14,7484.538922892781,-1319.726150268671,0.0,0.0,0.0,0.0,0.0,0.0,0.0,0.0,0.0,0,True,250.0
b712773f15e0f684,20270301_h250_r0_p90_y80_TPMC_N400000_S101,101,sample,2043,triangle_2043,solar,0.042499999999853176,0.059887227139747645,-0.0501204671398715,2.0755608158594327e-12,0.7071067811865487,0.7071067811865462,0.0011116207318658665,-8.080992028387935e-14,7484.538922892781,-1319.726150268671,1.4679803963623764e-10,-1.994676057417877e-09,-8.789755278311365e-10,-1.3500584205434894e-10,3.131278707204842e-11,-9.360608687215193e-11,-1.3500584205434894e-10,3.131278707204842e-11,-9.360608687215193e-11,1,False,250.0
b712773f15e0f684,20270301_h250_r0_p90_y80_TPMC_N400000_S101,101,sample,2044,triangle_2044,solar,0.042499999999737074,0.09943613569873656,-0.08966937569886052,2.075560815859431e-12,0.707106781186548,0.707106781186547,0.0011116207318658674,-8.080992028387935e-14,7484.538922892781,-1319.726150268671,2.6996426918011856e-09,-1.529010135189587e-09,-6.135970209758408e-09,-8.097803322712019e-10,-9.985219386502918e-11,-3.3011545857232383e-10,-8.097803322712019e-10,-9.985219386502918e-11,-3.3011545857232383e-10,2,False,250.0
b712773f15e0f684,20270301_h250_r0_p90_y80_TPMC_N400000_S101,101,sample,2045,triangle_2045,solar,0.016736111110876674,0.08971519618827371,-0.07994843618832202,2.0755847946737843e-12,0.707106781186548,0.707106781186547,0.00105595534410305,-8.080992028387935e-14,7484.538922892781,-1319.726150268671,2.305644401877522e-09,-2.4200361744431063e-09,-5.008314817629521e-09,-7.178738468702617e-10,-1.45317211369379e-10,-2.8030302227648874e-10,-7.178738468702617e-10,-1.45317211369379e-10,-2.8030302227648874e-10,2,False,250.0
b712773f15e0f684,20270301_h250_r0_p90_y80_TPMC_N400000_S101,101,sample,2046,triangle_2046,solar,0.11684722222199177,0.08838489515399867,-0.07861813515434082,2.0755202745682224e-12,0.7071067811865483,0.7071067811865468,0.000945468080272651,-8.080992028387935e-14,7484.538922892781,-1319.726150268671,1.126821276875132e-09,-1.843084244419156e-09,-2.4296873300378568e-09,-3.3401882737067827e-10,2.072232454474524e-10,-3.121016482017668e-10,-3.3401882737067827e-10,2.072232454474524e-10,-3.121016482017668e-10,1,False,250.0
b712773f15e0f684,20270301_h250_r0_p90_y80_TPMC_N400000_S101,101,sample,2047,triangle_2047,solar,-0.031847222222401654,0.07093846768448549,-0.061171707684391154,2.0755632771637724e-12,0.7071067811865487,0.7071067811865462,0.0009454680802726542,-8.080992028387935e-14,7484.538922892781,-1319.726150268671,-1.173663316472508e-09,-1.7116482356560693e-09,-6.44436586681118e-09,-5.730732545509755e-10,-5.078362842559914e-11,1.4495766664653845e-10,-5.730732545509755e-10,-5.078362842559914e-11,1.4495766664653845e-10,2,False,250.0
b712773f15e0f684,20270301_h250_r0_p90_y80_TPMC_N400000_S101,101,sample,2048,triangle_2048,solar,0.11684722222204985,0.0686104408745042,-0.058843680874846295,2.0755662776681725e-12,0.7071067811865488,0.7071067811865464,0.0008145980785149602,-8.080992028387935e-14,7484.538922892781,-1319.726150268671,1.6419559083550345e-09,-2.524124011216855e-09,-2.3814958318335665e-09,-2.945937909129658e-10,1.6728155669501453e-10,-3.804119231837417e-10,-2.945937909129658e-10,1.6728155669501453e-10,-3.804119231837417e-10,1,False,250.0
b712773f15e0f684,20270301_h250_r0_p90_y80_TPMC_N400000_S101,101,sample,2049,triangle_2049,solar,-0.031847222222459705,0.09071292196397995,-0.08094616196388567,2.07549972937881e-12,0.7071067811865482,0.7071067811865468,0.0008145980785149694,-8.080992028387935e-14,7484.538922892781,-1319.726150268671,0.0,0.0,0.0,0.0,0.0,0.0,0.0,0.0,0.0,0,True,250.0
b712773f15e0f684,20270301_h250_r0_p90_y80_TPMC_N400000_S101,101,sample,2050,triangle_2050,solar,-0.054666666666959775,0.1090066128384838,-0.09987335283832256,-2.0754659610985007e-12,0.7071067811865243,-0.7071067811865708,2.374146373172852e-05,-8.080992028387935e-14,7484.538922892781,-1319.726150268671,0.0,0.0,0.0,0.0,0.0,0.0,0.0,0.0,0.0,0,True,250.0
b712773f15e0f684,20270301_h250_r0_p90_y80_TPMC_N400000_S101,101,sample,2051,triangle_2051,solar,0.1396666666663738,0.1090066128384838,-0.09987335283889298,-2.075465682369077e-12,0.7071067811865244,-0.7071067811865708,2.3741463731728322e-05,-8.080992028387935e-14,7484.538922892781,-1319.726150268671,0.0,0.0,0.0,0.0,0.0,0.0,0.0,0.0,0.0,0,True,250.0
b712773f15e0f684,20270301_h250_r0_p90_y80_TPMC_N400000_S101,101,sample,2052,triangle_2052,solar,0.15733333333304098,0.10921777950515048,-0.09966218617227816,-2.0753733926163857e-12,0.707106781186532,-0.707106781186563,1.1870731865864283e-05,-8.080992028387935e-14,7484.538922892781,-1319.726150268671,0.0,0.0,0.0,0.0,0.0,0.0,0.0,0.0,0.0,0,True,250.0
b712773f15e0f684,20270301_h250_r0_p90_y80_TPMC_N400000_S101,101,sample,2053,triangle_2053,solar,-0.07233333333362585,0.10921777950515048,-0.09966218617160405,-2.0755582205432533e-12,0.7071067811865319,-0.7071067811865631,1.1870731865864388e-05,-8.080992028387935e-14,7484.538922892781,-1319.726150268671,0.0,0.0,0.0,0.0,0.0,0.0,0.0,0.0,0.0,0,True,250.0
b712773f15e0f684,20270301_h250_r0_p90_y80_TPMC_N400000_S101,101,sample,2054,triangle_2054,solar,0.1573333333330397,0.10879544617181713,-0.1000845195056115,-2.075928849854037e-12,0.7071067811865629,-0.7071067811865319,1.1870731865864802e-05,-8.080992028387935e-14,7484.538922892781,-1319.726150268671,0.0,0.0,0.0,0.0,0.0,0.0,0.0,0.0,0.0,0,True,250.0
b712773f15e0f684,20270301_h250_r0_p90_y80_TPMC_N400000_S101,101,sample,2055,triangle_2055,solar,-0.07233333333362708,0.10879544617181713,-0.10008451950493735,-2.0759289306991333e-12,0.7071067811864856,-0.7071067811866096,1.1870731865863607e-05,-8.080992028387935e-14,7484.538922892781,-1319.726150268671,0.0,0.0,0.0,0.0,0.0,0.0,0.0,0.0,0.0,0,True,250.0
b712773f15e0f684,20270301_h250_r0_p90_y80_TPMC_N400000_S101,101,sample,2056,triangle_2056,solar,-0.0016666666669593472,0.10911219617181712,-0.09976776950514481,-2.075373392616319e-12,0.7071067811865476,-0.7071067811865476,2.3741463731729332e-05,-8.080992028387935e-14,7484.538922892781,-1319.726150268671,0.0,0.0,0.0,0.0,0.0,0.0,0.0,0.0,0.0,0,True,250.0
b712773f15e0f684,20270301_h250_r0_p90_y80_TPMC_N400000_S101,101,sample,2057,triangle_2057,solar,-0.01933333333362668,0.10890102950515046,-0.09997893617175961,-2.0759289306990165e-12,0.7071067811865243,-0.7071067811865708,2.3741463731728546e-05,-8.080992028387935e-14,7484.538922892781,-1319.726150268671,0.0,0.0,0.0,0.0,0.0,0.0,0.0,0.0,0.0,0,True,250.0
b712773f15e0f684,20270301_h250_r0_p90_y80_TPMC_N400000_S101,101,sample,2058,triangle_2058,solar,0.05133333333304078,0.10911219617181712,-0.09976776950530035,-2.075558545029015e-12,0.7071067811865088,-0.7071067811865862,2.3741463731728014e-05,-8.080992028387935e-14,7484.538922892781,-1319.726150268671,0.0,0.0,0.0,0.0,0.0,0.0,0.0,0.0,0.0,0,True,250.0
b712773f15e0f684,20270301_h250_r0_p90_y80_TPMC_N400000_S101,101,sample,2059,triangle_2059,solar,0.03366666666637345,0.10890102950515046,-0.09997893617191517,-2.0746322813421684e-12,0.7071067811865476,-0.7071067811865476,2.3741463731729322e-05,-8.080992028387935e-14,7484.538922892781,-1319.726150268671,0.0,0.0,0.0,0.0,0.0,0.0,0.0,0.0,0.0,0,True,250.0
b712773f15e0f684,20270301_h250_r0_p90_y80_TPMC_N400000_S101,101,sample,2060,triangle_2060,solar,0.10433333333304089,0.10911219617181712,-0.09976776950545592,-2.0755585450289697e-12,0.7071067811865243,-0.7071067811865708,2.374146373172853e-05,-8.080992028387935e-14,7484.538922892781,-1319.726150268671,0.0,0.0,0.0,0.0,0.0,0.0,0.0,0.0,0.0,0,True,250.0
b712773f15e0f684,20270301_h250_r0_p90_y80_TPMC_N400000_S101,101,sample,2061,triangle_2061,solar,0.08666666666637356,0.10890102950515046,-0.09997893617207072,-2.075928930699065e-12,0.7071067811865087,-0.7071067811865862,2.3741463731727994e-05,-8.080992028387935e-14,7484.538922892781,-1319.726150268671,0.0,0.0,0.0,0.0,0.0,0.0,0.0,0.0,0.0,0,True,250.0
b712773f15e0f684,20270301_h250_r0_p90_y80_TPMC_N400000_S101,101,sample,2062,triangle_2062,solar,-0.07675000000018185,0.07046562970006524,-0.06196586969983906,-2.075799003694531e-12,-0.7071067811865485,-0.7071067811865466,0.0008248125000000005,-8.080992028387935e-14,7484.538922892781,-1319.726150268671,1.8996858308573648e-09,2.4985655103980856e-07,5.2297378758035356e-09,1.735930233533509e-08,3.5981172252153285e-10,-1.6912490048996148e-08,1.735930233533509e-08,3.5981172252153285e-10,-1.6912490048996148e-08,17,False,250.0
b712773f15e0f684,20270301_h250_r0_p90_y80_TPMC_N400000_S101,101,sample,2063,triangle_2063,solar,0.16174999999976605,0.08822423313841893,-0.07972447313889286,-2.0749774516959867e-12,-0.7071067811865491,-0.707106781186546,0.0008248124999999985,-8.080992028387935e-14,7484.538922892781,-1319.726150268671,-1.3348567139208827e-09,1.1505213206152497e-06,-1.1826063233185077e-07,8.41881809509979e-08,1.97471359014846e-08,1.8829340055428041e-07,8.41881809509979e-08,1.97471359014846e-08,1.8829340055428041e-07,59,False,250.0
b712773f15e0f684,20270301_h250_r0_p90_y80_TPMC_N400000_S101,101,sample,2064,triangle_2064,solar,0.1440833333330708,0.09800587694483283,-0.08950611694525494,-2.075887405288157e-12,-0.7071067811865485,-0.7071067811865467,0.001201200301204813,-8.080992028387935e-14,7484.538922892781,-1319.726150268671,1.5951692765023628e-08,2.4850461322120174e-06,-2.3082655748575935e-07,1.9963480098904278e-07,3.3013183290781317e-08,3.6306307053873565e-07,1.9963480098904278e-07,3.3013183290781317e-08,3.6306307053873565e-07,118,False,250.0
b712773f15e0f684,20270301_h250_r0_p90_y80_TPMC_N400000_S101,101,sample,2065,triangle_2065,solar,-0.05908333333348644,0.06068398589365135,-0.052184225893477015,-2.0754361057957157e-12,-0.7071067811865487,-0.7071067811865464,0.0012012003012048182,-8.080992028387935e-14,7484.538922892781,-1319.726150268671,7.760563713950157e-09,2.062548931909885e-07,4.139390351657272e-09,1.3426227706663961e-08,-2.393691609730639e-10,-1.167153190702304e-08,1.3426227706663961e-08,-2.393691609730639e-10,-1.167153190702304e-08,15,False,250.0
b712773f15e0f684,20270301_h250_r0_p90_y80_TPMC_N400000_S101,101,sample,2066,triangle_2066,solar,-0.07675000000023928,0.09002891731289303,-0.0815291573126669,-2.0758318657744683e-12,-0.7071067811865481,-0.7071067811865469,0.0008248125000000024,-8.080992028387935e-14,7484.538922892781,-1319.726150268671,-3.473390645280672e-08,7.904618242104864e-07,-4.4920459124595415e-08,5.979016468656878e-08,-7.362962674883899e-10,-5.788518531156021e-08,5.979016468656878e-08,-7.362962674883899e-10,-5.788518531156021e-08,41,False,250.0
b712773f15e0f684,20270301_h250_r0_p90_y80_TPMC_N400000_S101,101,sample,2067,triangle_2067,solar,0.1617499999998235,0.06866094552559114,-0.060161185526065,-2.0750842534558064e-12,-0.7071067811865482,-0.7071067811865469,0.0008248124999999953,-8.080992028387935e-14,7484.538922892781,-1319.726150268671,-1.284650242474764e-09,5.863894490500066e-07,-3.129734423651299e-08,3.521384995209079e-08,5.113278976138748e-09,9.522516818374068e-08,3.521384995209079e-08,5.113278976138748e-09,9.522516818374068e-08,31,False,250.0
b712773f15e0f684,20270301_h250_r0_p90_y80_TPMC_N400000_S101,101,sample,2068,triangle_2068,solar,-0.059083333333601294,0.09981056111930693,-0.09131080111913269,-2.0759279453840644e-12,-0.7071067811865481,-0.7071067811865467,0.0009982996987951843,-8.080992028387935e-14,7484.538922892781,-1319.726150268671,-3.219491422511564e-08,1.3598887691829605e-06,-1.294935295316751e-07,1.1040115030215592e-07,-4.629297628597685e-09,-7.470186480294834e-08,1.1040115030215592e-07,-4.629297628597685e-09,-7.470186480294834e-08,69,False,250.0
b712773f15e0f684,20270301_h250_r0_p90_y80_TPMC_N400000_S101,101,sample,2069,triangle_2069,solar,0.14408333333318565,0.05887930171917725,-0.05037954171959924,-2.075493525871079e-12,-0.7071067811865486,-0.7071067811865465,0.00099829969879517,-8.080992028387935e-14,7484.538922892781,-1319.726150268671,-1.0391263373585193e-10,2.621163210553324e-08,5.555148762030916e-09,1.7675935622548441e-09,-7.944879502324742e-10,3.934043236473373e-09,1.7675935622548441e-09,-7.944879502324742e-10,3.934043236473373e-09,6,False,250.0
b712773f15e0f684,20270301_h250_r0_p90_y80_TPMC_N400000_S101,101,sample,2070,triangle_2070,solar,0.09476388888873916,0.059631253458541485,-0.051131493458818726,-2.0755545956841942e-12,-0.7071067811865487,-0.7071067811865466,0.0010828416164658644,-8.080992028387935e-14,7484.538922892781,-1319.726150268671,-7.1365915329449926e-09,1.4523689965426516e-07,-7.990604926694053e-10,8.786301790001379e-09,5.488770386128738e-10,1.4328637160190238e-08,8.786301790001379e-09,5.488770386128738e-10,1.4328637160190238e-08,8,False,250.0
b712773f15e0f684,20270301_h250_r0_p90_y80_TPMC_N400000_S101,101,sample,2071,triangle_2071,solar,0.0947638888886243,0.09875782868419707,-0.09025806868447439,-2.0759065521418406e-12,-0.7071067811865482,-0.7071067811865469,0.0011166583835341376,-8.080992028387935e-14,7484.538922892781,-1319.726150268671,-3.396353856168439e-08,2.4889274367228744e-06,-2.461796257353749e-07,2.0147655418368142e-07,2.5947761588546214e-08,2.3631151702964644e-07,2.0147655418368142e-07,2.5947761588546214e-08,2.3631151702964644e-07,118,False,250.0
b712773f15e0f684,20270301_h250_r0_p90_y80_TPMC_N400000_S101,101,sample,2072,triangle_2072,solar,0.06826388888865298,0.08897618487778318,-0.08047642487798268,-2.0755838242922166e-12,-0.7071067811865479,-0.707106781186547,0.0010623812751004017,-8.080992028387935e-14,7484.538922892781,-1319.726150268671,2.8538320746067473e-09,1.6054851402842344e-06,-8.665032877261397e-08,1.2449572520129472e-07,5.8102642261177e-09,1.1239269046793052e-07,1.2449572520129472e-07,5.8102642261177e-09,1.1239269046793052e-07,78,False,250.0
b712773f15e0f684,20270301_h250_r0_p90_y80_TPMC_N400000_S101,101,sample,2073,triangle_2073,solar,0.06826388888871042,0.06941289726495538,-0.060913137265154856,-2.075593213010222e-12,-0.7071067811865485,-0.7071067811865465,0.0010454728915662657,-8.080992028387935e-14,7484.538922892781,-1319.726150268671,-5.1775776777485e-09,5.309842930725524e-07,-8.804034338216588e-09,3.378285463350312e-08,1.0769882828175476e-09,3.71163221563558e-08,3.378285463350312e-08,1.0769882828175476e-09,3.71163221563558e-08,30,False,250.0
b712773f15e0f684,20270301_h250_r0_p90_y80_TPMC_N400000_S101,101,sample,2074,triangle_2074,solar,-0.009763888889154559,0.09905860937994275,-0.09055884937991328,-2.075955098271457e-12,-0.7071067811865485,-0.7071067811865467,0.0010828416164658662,-8.080992028387935e-14,7484.538922892781,-1319.726150268671,-1.7944957767728487e-08,1.8677206803622012e-06,-1.8948924745409495e-07,1.534875376459053e-07,2.8435201821509086e-10,-1.549607348370139e-08,1.534875376459053e-07,2.8435201821509086e-10,-1.549607348370139e-08,88,False,250.0
b712773f15e0f684,20270301_h250_r0_p90_y80_TPMC_N400000_S101,101,sample,2075,triangle_2075,solar,-0.009763888889039701,0.05993203415428717,-0.0514322741542576,-2.075615271785605e-12,-0.7071067811865487,-0.7071067811865462,0.0011166583835341393,-8.080992028387935e-14,7484.538922892781,-1319.726150268671,5.2938230582634e-09,4.817557657838146e-08,9.287389819516226e-09,3.1840213243549256e-09,-2.0851763243268577e-10,-8.040075388125059e-10,3.1840213243549256e-09,-2.0851763243268577e-10,-8.040075388125059e-10,8,False,250.0
b712773f15e0f684,20270301_h250_r0_p90_y80_TPMC_N400000_S101,101,sample,2076,triangle_2076,solar,0.042499999999734896,0.09890821903206991,-0.09040845903219381,-2.0746488308965594e-12,-0.7071067811865485,-0.7071067811865467,0.001099750000000002,-8.080992028387935e-14,7484.538922892781,-1319.726150268671,-5.004530059417199e-08,1.975405848661541e-06,-1.7059529600048452e-07,1.6296454606454698e-07,1.2193589938462825e-08,8.815448708449278e-08,1.6296454606454698e-07,1.2193589938462825e-08,8.815448708449278e-08,99,False,250.0
b712773f15e0f684,20270301_h250_r0_p90_y80_TPMC_N400000_S101,101,sample,2077,triangle_2077,solar,0.016736111110874228,0.08927696557352884,-0.08077720557357715,-2.0752091823765797e-12,-0.7071067811865487,-0.7071067811865464,0.0010454728915662683,-8.080992028387935e-14,7484.538922892781,-1319.726150268671,2.218050309286094e-08,1.8228418040692095e-06,-1.733609090112617e-07,1.3482713824672436e-07,1.1399907721800041e-09,3.013227334586967e-08,1.3482713824672436e-07,1.1399907721800041e-09,3.013227334586967e-08,88,False,250.0
b712773f15e0f684,20270301_h250_r0_p90_y80_TPMC_N400000_S101,101,sample,2078,triangle_2078,solar,0.04249999999984976,0.05978164380641433,-0.05128188380653816,-2.0754375208151665e-12,-0.7071067811865486,-0.7071067811865466,0.0010997500000000022,-8.080992028387935e-14,7484.538922892781,-1319.726150268671,3.778601220877882e-09,1.716998983851021e-07,3.6301017485865074e-09,1.074337323158367e-08,-4.433683371044735e-10,7.404272358623091e-09,1.074337323158367e-08,-4.433683371044735e-10,7.404272358623091e-09,14,False,250.0
b712773f15e0f684,20270301_h250_r0_p90_y80_TPMC_N400000_S101,101,sample,2079,triangle_2079,solar,0.016736111110931654,0.06971367796070106,-0.0612139179607493,-2.075207500310912e-12,-0.7071067811865487,-0.7071067811865465,0.0010623812751004043,-8.080992028387935e-14,7484.538922892781,-1319.726150268671,-1.533804921878493e-08,4.376887244121445e-07,-1.546592267639253e-08,2.8245032364357134e-08,1.3092504367422067e-09,6.918161475642206e-09,2.8245032364357134e-08,1.3092504367422067e-09,6.918161475642206e-09,30,False,250.0
b712773f15e0f684,20270301_h250_r0_p90_y80_TPMC_N400000_S101,101,sample,2080,triangle_2080,solar,0.11684722222198896,0.08807384279054609,-0.07957408279088822,-2.075516619790815e-12,-0.7071067811865482,-0.7071067811865467,0.0009298147590361435,-8.080992028387935e-14,7484.538922892781,-1319.726150268671,-2.4068753448411215e-08,1.1538368984535905e-06,-6.932188074124031e-08,8.66346532499327e-08,9.947589602053963e-09,1.3458359749822817e-07,8.66346532499327e-08,9.947589602053963e-09,1.3458359749822817e-07,61,False,250.0
b712773f15e0f684,20270301_h250_r0_p90_y80_TPMC_N400000_S101,101,sample,2081,triangle_2081,solar,-0.03184722222240444,0.07061602004793809,-0.06211626004784373,-2.075786266782271e-12,-0.7071067811865488,-0.7071067811865465,0.0009298147590361444,-8.080992028387935e-14,7484.538922892781,-1319.726150268671,1.1007664209708942e-08,6.166209399398958e-07,-1.6993556398271812e-08,3.932046425256957e-08,-1.2389511995409027e-09,-1.9875963573975836e-08,3.932046425256957e-08,-1.2389511995409027e-09,-1.9875963573975836e-08,32,False,250.0
b712773f15e0f684,20270301_h250_r0_p90_y80_TPMC_N400000_S101,101,sample,2082,triangle_2082,solar,0.1168472222220464,0.0685105551777183,-0.06001079517806038,-2.0755319926953393e-12,-0.7071067811865487,-0.7071067811865465,0.0008114560742971841,-8.080992028387935e-14,7484.538922892781,-1319.726150268671,7.627058660428434e-09,1.6697958594537472e-07,3.039845966411049e-09,1.0803002324089815e-08,-7.960268412861908e-10,1.8575201893307608e-08,1.0803002324089815e-08,-7.960268412861908e-10,1.8575201893307608e-08,10,False,250.0
b712773f15e0f684,20270301_h250_r0_p90_y80_TPMC_N400000_S101,101,sample,2083,triangle_2083,solar,-0.03184722222246187,0.09017930766076587,-0.08167954766067156,-2.075740761345673e-12,-0.7071067811865482,-0.7071067811865467,0.0008114560742971911,-8.080992028387935e-14,7484.538922892781,-1319.726150268671,-3.927441302716037e-08,1.3321974368691366e-06,-1.102152044912937e-07,1.011817821394848e-07,-3.373653598889386e-10,-3.697868148137247e-08,1.011817821394848e-07,-3.373653598889386e-10,-3.697868148137247e-08,64,False,250.0
b712773f15e0f684,20270301_h250_r0_p90_y80_TPMC_N400000_S101,101,sample,2084,triangle_2084,solar,-0.09000000000023511,0.08944332522565597,-0.0800988985587243,-1.0,1.0650171976032937e-14,2.9465295398106488e-12,1.8790675179088936e-05,-8.080992028387935e-14,7484.538922892781,-1319.726150268671,1.7175714880910178e-09,1.5453110031848021e-09,6.378474109975686e-10,1.8188901039345835e-10,-8.11033023480777e-11,-2.9329515101927673e-10,1.8188901039345835e-10,-8.11033023480777e-11,-2.9329515101927673e-10,1,False,250.0
b712773f15e0f684,20270301_h250_r0_p90_y80_TPMC_N400000_S101,101,sample,2085,triangle_2085,solar,-0.09000000000014773,0.059887227139747624,-0.05033163380614922,-1.0,5.316133040552e-16,2.9354752426947605e-12,9.395337589544602e-06,-8.080992028387935e-14,7484.538922892781,-1319.726150268671,0.0,0.0,0.0,0.0,0.0,0.0,0.0,0.0,0.0,0,True,250.0
b712773f15e0f684,20270301_h250_r0_p90_y80_TPMC_N400000_S101,101,sample,2086,triangle_2086,solar,-0.09000000000017831,0.06966887094616152,-0.06074677761256312,-1.0,1.1001589934031896e-14,2.9464124004913194e-12,1.859001405408884e-05,-8.080992028387935e-14,7484.538922892781,-1319.726150268671,0.0,0.0,0.0,0.0,0.0,0.0,0.0,0.0,0.0,0,True,250.0
b712773f15e0f684,20270301_h250_r0_p90_y80_TPMC_N400000_S101,101,sample,2087,triangle_2087,solar,-0.09000000000014896,0.059887227139747624,-0.05075396713948255,-1.0,5.316133040919321e-16,2.9354752426947997e-12,9.39533758954463e-06,-8.080992028387935e-14,7484.538922892781,-1319.726150268671,0.0,0.0,0.0,0.0,0.0,0.0,0.0,0.0,0.0,0,True,250.0
b712773f15e0f684,20270301_h250_r0_p90_y80_TPMC_N400000_S101,101,sample,2088,triangle_2088,solar,-0.09000000000026442,0.0992249690320699,-0.09009170903180491,-1.0,3.221606878980241e-17,2.9354430266260682e-12,9.295007027044757e-06,-8.080992028387935e-14,7484.538922892781,-1319.726150268671,0.0,0.0,0.0,0.0,0.0,0.0,0.0,0.0,0.0,0,True,250.0
b712773f15e0f684,20270301_h250_r0_p90_y80_TPMC_N400000_S101,101,sample,2089,triangle_2089,solar,-0.09000000000026505,0.09901380236540323,-0.09030287569847156,-1.0,3.221606898059475e-17,2.935443026626263e-12,9.29500702704414e-06,-8.080992028387935e-14,7484.538922892781,-1319.726150268671,0.0,0.0,0.0,0.0,0.0,0.0,0.0,0.0,0.0,0,True,250.0
b712773f15e0f684,20270301_h250_r0_p90_y80_TPMC_N400000_S101,101,sample,2090,triangle_2090,solar,0.1749999999997649,0.08944332522565597,-0.08009889855950214,1.0,7.451964125613435e-14,-2.8580846420247334e-12,1.879067517908869e-05,-8.080992028387935e-14,7484.538922892781,-1319.726150268671,0.0,0.0,0.0,0.0,0.0,0.0,0.0,0.0,0.0,0,True,250.0
b712773f15e0f684,20270301_h250_r0_p90_y80_TPMC_N400000_S101,101,sample,2091,triangle_2091,solar,0.17499999999985227,0.059887227139747645,-0.05033163380692706,1.0,1.323111843331807e-13,-2.8040360527234118e-12,9.395337589544414e-06,-8.080992028387935e-14,7484.538922892781,-1319.726150268671,0.0,0.0,0.0,0.0,0.0,0.0,0.0,0.0,0.0,0,True,250.0
b712773f15e0f684,20270301_h250_r0_p90_y80_TPMC_N400000_S101,101,sample,2092,triangle_2092,solar,0.17499999999982166,0.06966887094616152,-0.06074677761334096,1.0,7.556046802910084e-14,-2.8584315842823895e-12,1.8590014054088632e-05,-8.080992028387935e-14,7484.538922892781,-1319.726150268671,0.0,0.0,0.0,0.0,0.0,0.0,0.0,0.0,0.0,0,True,250.0
b712773f15e0f684,20270301_h250_r0_p90_y80_TPMC_N400000_S101,101,sample,2093,triangle_2093,solar,0.17499999999985105,0.059887227139747645,-0.05075396714026039,0.9999999999999999,-8.207544006604881e-14,-3.0231013693422994e-12,9.395337589544922e-06,-8.080992028387935e-14,7484.538922892781,-1319.726150268671,0.0,0.0,0.0,0.0,0.0,0.0,0.0,0.0,0.0,0,True,250.0
b712773f15e0f684,20270301_h250_r0_p90_y80_TPMC_N400000_S101,101,sample,2094,triangle_2094,solar,0.1749999999997356,0.0992249690320699,-0.09009170903258273,1.0,2.1637855885478643e-14,-2.913300035256533e-12,9.295007027044758e-06,-8.080992028387935e-14,7484.538922892781,-1319.726150268671,0.0,0.0,0.0,0.0,0.0,0.0,0.0,0.0,0.0,0,True,250.0
b712773f15e0f684,20270301_h250_r0_p90_y80_TPMC_N400000_S101,101,sample,2095,triangle_2095,solar,0.17499999999973495,0.09901380236540323,-0.0903028756992494,1.0,-1.083825758399859e-13,-3.046157983473605e-12,9.295007027045163e-06,-8.080992028387935e-14,7484.538922892781,-1319.726150268671,0.0,0.0,0.0,0.0,0.0,0.0,0.0,0.0,0.0,0,True,250.0
b712773f15e0f684,20270301_h250_r0_p90_y80_TPMC_N400000_S101,101,sample,2096,triangle_2096,body,0.18863250809529145,0.002991053932344725,0.03157955932554999,0.01885605810012539,0.0874542798772353,0.9959900591893872,1.5978081619120966e-05,-8.080992028387935e-14,7484.538922892781,-1319.726150268671,0.0,0.0,0.0,0.0,0.0,0.0,0.0,0.0,0.0,0,True,250.0
b712773f15e0f684,20270301_h250_r0_p90_y80_TPMC_N400000_S101,101,sample,2097,triangle_2097,body,0.18332735033693748,0.015147232589132233,0.027872983956884076,0.020491487681252068,0.4707085635379283,0.8820507622266811,1.52730376796687e-05,-8.080992028387935e-14,7484.538922892781,-1319.726150268671,0.0,0.0,0.0,0.0,0.0,0.0,0.0,0.0,0.0,0,True,250.0
b712773f15e0f684,20270301_h250_r0_p90_y80_TPMC_N400000_S101,101,sample,2098,triangle_2098,body,0.18241328905241683,0.017399805526617202,0.026530762212177882,-0.018558181744958928,0.5521900916093232,0.8335116655565227,1.530298361687972e-05,-8.080992028387935e-14,7484.538922892781,-1319.726150268671,0.0,0.0,0.0,0.0,0.0,0.0,0.0,0.0,0.0,0,True,250.0
b712773f15e0f684,20270301_h250_r0_p90_y80_TPMC_N400000_S101,101,sample,2099,triangle_2099,body,0.1836766615277332,-0.01011719160471884,0.030059795523631833,0.019905332961657526,-0.3164169234271259,0.948411360269687,1.7402478744741154e-05,-8.080992028387935e-14,7484.538922892781,-1319.726150268671,0.0,0.0,0.0,0.0,0.0,0.0,0.0,0.0,0.0,0,True,250.0
b712773f15e0f684,20270301_h250_r0_p90_y80_TPMC_N400000_S101,101,sample,2100,triangle_2100,body,0.20116377855513437,-0.030617215261520826,0.006780873966544075,-0.060771032982175996,-0.9704607728317821,0.2334796992139132,6.504071482135101e-05,-8.080992028387935e-14,7484.538922892781,-1319.726150268671,1.5488868276715963e-09,3.4343376978949724e-07,-4.8139328630283235e-08,-1.0264260357687715e-09,9.71972026644983e-09,6.93390760215021e-08,-1.0264260357687715e-09,9.71972026644983e-09,6.93390760215021e-08,17,False,250.0
b712773f15e0f684,20270301_h250_r0_p90_y80_TPMC_N400000_S101,101,sample,2101,triangle_2101,body,0.20152248004079398,0.03078014362949709,0.006378502009470727,-0.05112538009599293,0.9750120593276174,0.21618899064420288,5.148247448118636e-05,-8.080992028387935e-14,7484.538922892781,-1319.726150268671,0.0,0.0,0.0,0.0,0.0,0.0,0.0,0.0,0.0,0,True,250.0
b712773f15e0f684,20270301_h250_r0_p90_y80_TPMC_N400000_S101,101,sample,2102,triangle_2102,body,0.18159374993696842,-0.012713621362747134,0.02906891064368393,-0.017660179999172933,-0.4016327326703697,0.915630529247539,1.612609983662739e-05,-8.080992028387935e-14,7484.538922892781,-1319.726150268671,-1.3359891031305833e-09,1.6220692558670872e-08,-1.4634465895967714e-09,-4.604446358041512e-10,2.2547684418445034e-10,2.919504965208063e-09,-4.604446358041512e-10,2.2547684418445034e-10,2.919504965208063e-09,1,False,250.0
b712773f15e0f684,20270301_h250_r0_p90_y80_TPMC_N400000_S101,101,sample,2103,triangle_2103,body,0.1876287792869525,-0.030889868782823498,0.006077096261333769,0.030653814058780284,-0.9832984687838452,0.17940029256106285,5.830110177533627e-05,-8.080992028387935e-14,7484.538922892781,-1319.726150268671,-6.2570383579190765e-09,3.5387724273487397e-07,-6.717503061960969e-08,-1.8189874624598557e-12,1.2399873407219175e-08,6.553165367509006e-08,-1.8189874624598557e-12,1.2399873407219175e-08,6.553165367509006e-08,17,False,250.0
b712773f15e0f684,20270301_h250_r0_p90_y80_TPMC_N400000_S101,101,sample,2104,triangle_2104,body,0.18361920251913946,-0.0150830020987016,0.02790834884147288,0.018810863583236845,-0.4753167363576853,0.8796136376554946,1.6500863924251617e-05,-8.080992028387935e-14,7484.538922892781,-1319.726150268671,2.934968568690183e-11,1.930349349744414e-08,-1.7206961048721875e-09,-5.173116502462072e-10,3.129437276233716e-10,3.5019108021717596e-09,-5.173116502462072e-10,3.129437276233716e-10,3.5019108021717596e-09,1,False,250.0
b712773f15e0f684,20270301_h250_r0_p90_y80_TPMC_N400000_S101,101,sample,2105,triangle_2105,body,0.18242974847721238,0.021341576284605968,0.023475486039295255,-0.017990519561182815,0.6725944206419324,0.7397925969670567,1.5049504248370814e-05,-8.080992028387935e-14,7484.538922892781,-1319.726150268671,0.0,0.0,0.0,0.0,0.0,0.0,0.0,0.0,0.0,0,True,250.0
b712773f15e0f684,20270301_h250_r0_p90_y80_TPMC_N400000_S101,101,sample,2106,triangle_2106,body,0.20627021047319916,0.027669860172094385,0.015510488063710881,0.011755942548314002,0.8794032765392916,0.47593242695445664,1.7225949708058694e-05,-8.080992028387935e-14,7484.538922892781,-1319.726150268671,0.0,0.0,0.0,0.0,0.0,0.0,0.0,0.0,0.0,0,True,250.0
b712773f15e0f684,20270301_h250_r0_p90_y80_TPMC_N400000_S101,101,sample,2107,triangle_2107,body,0.17685497137745068,-0.019484926489493914,0.025039522047632934,-0.01951350348838644,-0.614095750269941,0.7889902614620834,1.4616378048665925e-05,-8.080992028387935e-14,7484.538922892781,-1319.726150268671,-2.8396638211213544e-10,3.204313356326747e-08,-2.831767136598827e-09,-7.860026795103847e-10,4.929075997795114e-10,5.6563628358770145e-09,-7.860026795103847e-10,4.929075997795114e-10,5.6563628358770145e-09,1,False,250.0
b712773f15e0f684,20270301_h250_r0_p90_y80_TPMC_N400000_S101,101,sample,2108,triangle_2108,body,0.17689387380953223,-0.005200001428310304,0.03129854670413217,-0.019100480150336045,-0.16456451038848174,0.9861813695150736,1.4922788497737787e-05,-8.080992028387935e-14,7484.538922892781,-1319.726150268671,-1.0904082630504153e-09,1.497418723966661e-08,-2.902362379649224e-09,-4.5472520830388544e-10,4.743179445791885e-10,2.617992119486053e-09,-4.5472520830388544e-10,4.743179445791885e-10,2.617992119486053e-09,1,False,250.0
b712773f15e0f684,20270301_h250_r0_p90_y80_TPMC_N400000_S101,101,sample,2109,triangle_2109,body,0.1838218717508899,0.023251554086003965,0.021549051790932684,0.022990573133603247,0.7342884776712324,0.6784481300042418,1.954349849052092e-05,-8.080992028387935e-14,7484.538922892781,-1319.726150268671,0.0,0.0,0.0,0.0,0.0,0.0,0.0,0.0,0.0,0,True,250.0
b712773f15e0f684,20270301_h250_r0_p90_y80_TPMC_N400000_S101,101,sample,2110,triangle_2110,body,0.21148429720039794,0.031331072665515415,0.004346848681344539,-0.07131338570404724,0.9940471485860486,0.08236909254915847,1.1971291108200735e-05,-8.080992028387935e-14,7484.538922892781,-1319.726150268671,0.0,0.0,0.0,0.0,0.0,0.0,0.0,0.0,0.0,0,True,250.0
b712773f15e0f684,20270301_h250_r0_p90_y80_TPMC_N400000_S101,101,sample,2111,triangle_2111,body,0.21148429720039794,-0.03133107266551551,0.004346848681343864,-0.07131338570404622,-0.9940471485860506,0.08236909254913777,1.1971291108200682e-05,-8.080992028387935e-14,7484.538922892781,-1319.726150268671,0.0,0.0,0.0,0.0,0.0,0.0,0.0,0.0,0.0,0,True,250.0
b712773f15e0f684,20270301_h250_r0_p90_y80_TPMC_N400000_S101,101,sample,2112,triangle_2112,body,0.18200819116021702,-0.007612941257162034,0.03079807787588207,-0.0193903621993795,-0.24039870766383833,0.9704805382939595,1.4863730625809134e-05,-8.080992028387935e-14,7484.538922892781,-1319.726150268671,3.1987977845864564e-10,3.6517016222691103e-08,-2.362772346364197e-09,-1.115092378347503e-09,4.4357880910013746e-10,6.704615063478991e-09,-1.115092378347503e-09,4.4357880910013746e-10,6.704615063478991e-09,1,False,250.0
b712773f15e0f684,20270301_h250_r0_p90_y80_TPMC_N400000_S101,101,sample,2113,triangle_2113,body,0.18206275194323096,-0.0025411962076423464,0.031627445732715614,-0.01796278331151528,-0.0854257331435781,0.9961826050140534,1.5233182760945839e-05,-8.080992028387935e-14,7484.538922892781,-1319.726150268671,0.0,0.0,0.0,0.0,0.0,0.0,0.0,0.0,0.0,0,True,250.0
b712773f15e0f684,20270301_h250_r0_p90_y80_TPMC_N400000_S101,101,sample,2114,triangle_2114,body,0.18717889186710804,0.005623527634815688,0.031241305420428026,-0.015969810691127028,0.18421251301152694,0.9827566917586812,1.2191820907378048e-05,-8.080992028387935e-14,7484.538922892781,-1319.726150268671,2.1850117255690202e-09,1.6625659481383336e-08,-8.198353318073104e-09,-5.684387418349581e-10,1.6072585796769516e-09,3.107903201963043e-09,-5.684387418349581e-10,1.6072585796769516e-09,3.107903201963043e-09,1,False,250.0
b712773f15e0f684,20270301_h250_r0_p90_y80_TPMC_N400000_S101,101,sample,2115,triangle_2115,body,0.18341135520158006,0.0003169122978009659,0.03170733328488925,0.022353810372396924,0.01970540038066141,0.999555903568016,1.7292080802705608e-05,-8.080992028387935e-14,7484.538922892781,-1319.726150268671,2.636738987847604e-09,1.6492735016800398e-08,-4.8087287994953e-09,-5.127347364281317e-10,9.752896724371686e-10,3.0638547267857545e-09,-5.127347364281317e-10,9.752896724371686e-10,3.0638547267857545e-09,1,False,250.0
b712773f15e0f684,20270301_h250_r0_p90_y80_TPMC_N400000_S101,101,sample,2116,triangle_2116,body,0.181278821391315,-0.029387351447612797,0.011756197553641023,0.03923820570363491,-0.9442913978082098,0.3267630934462715,1.4530224004545923e-05,-8.080992028387935e-14,7484.538922892781,-1319.726150268671,-1.3438643081996678e-09,3.757833893928634e-08,-9.637562834915588e-09,-1.7332056966043198e-10,1.7340436202518802e-09,6.7888787962805045e-09,-1.7332056966043198e-10,1.7340436202518802e-09,6.7888787962805045e-09,2,False,250.0
b712773f15e0f684,20270301_h250_r0_p90_y80_TPMC_N400000_S101,101,sample,2117,triangle_2117,body,0.1870725988669212,0.0003409639778262609,0.03170730599789471,-0.02602842087854089,0.00953857097981287,0.9996156946398114,1.496363146538827e-05,-8.080992028387935e-14,7484.538922892781,-1319.726150268671,0.0,0.0,0.0,0.0,0.0,0.0,0.0,0.0,0.0,0,True,250.0
b712773f15e0f684,20270301_h250_r0_p90_y80_TPMC_N400000_S101,101,sample,2118,triangle_2118,body,0.1819118297195539,-0.017364328062103234,0.026554406887839294,-0.019460779805372495,-0.5498758369596773,0.8350196656230685,1.4568910757599056e-05,-8.080992028387935e-14,7484.538922892781,-1319.726150268671,-1.396287321358565e-09,1.7019101637890074e-08,-3.4152017640037667e-09,-3.889204564195719e-10,5.916720526673535e-10,3.107509376113296e-09,-3.889204564195719e-10,5.916720526673535e-10,3.107509376113296e-09,1,False,250.0
b712773f15e0f684,20270301_h250_r0_p90_y80_TPMC_N400000_S101,101,sample,2119,triangle_2119,body,0.1784095765633046,-0.0077664744451934236,0.0307604140354281,0.021806815919298787,-0.24890606178304997,0.9682821051672463,1.35866149195991e-05,-8.080992028387935e-14,7484.538922892781,-1319.726150268671,0.0,0.0,0.0,0.0,0.0,0.0,0.0,0.0,0.0,0,True,250.0
b712773f15e0f684,20270301_h250_r0_p90_y80_TPMC_N400000_S101,101,sample,2120,triangle_2120,body,0.19731722508199398,0.03006238804855892,0.008359672539302582,-0.07195216067912008,0.9704634174053612,0.23026863019420074,4.67620418163921e-05,-8.080992028387935e-14,7484.538922892781,-1319.726150268671,0.0,0.0,0.0,0.0,0.0,0.0,0.0,0.0,0.0,0,True,250.0
b712773f15e0f684,20270301_h250_r0_p90_y80_TPMC_N400000_S101,101,sample,2121,triangle_2121,body,0.17837067432259932,-0.021485949714064385,0.023344741860012796,0.021560361000538333,-0.6800743435673093,0.7328260626199232,1.330247846187171e-05,-8.080992028387935e-14,7484.538922892781,-1319.726150268671,6.615345804369196e-10,2.0294928951923612e-08,-3.0070163258629234e-09,-4.1022151289572555e-10,5.534179610389985e-10,3.6448762812885566e-09,-4.1022151289572555e-10,5.534179610389985e-10,3.6448762812885566e-09,1,False,250.0
b712773f15e0f684,20270301_h250_r0_p90_y80_TPMC_N400000_S101,101,sample,2122,triangle_2122,body,0.17837067438360557,-0.017350783872582525,0.02656327051083005,0.021393337740908305,-0.5432124738497137,0.8393226634342585,1.3258288644926719e-05,-8.080992028387935e-14,7484.538922892781,-1319.726150268671,2.0431664345389312e-09,5.1993627175151424e-08,-7.549436328275343e-09,-1.2673686147044201e-09,1.3969288640060216e-09,9.290094325501065e-09,-1.2673686147044201e-09,1.3969288640060216e-09,9.290094325501065e-09,2,False,250.0
b712773f15e0f684,20270301_h250_r0_p90_y80_TPMC_N400000_S101,101,sample,2123,triangle_2123,body,0.18457660592173397,-0.029711541934505356,0.010934263648089687,-0.024755271159947016,-0.9283026590877259,0.37100047126716007,2.832988894040318e-05,-8.080992028387935e-14,7484.538922892781,-1319.726150268671,-3.403074375875478e-09,5.331520373283678e-08,-1.0434970481922195e-08,-2.2593444258984268e-10,1.884188750282893e-09,9.701651184030178e-09,-2.2593444258984268e-10,1.884188750282893e-09,9.701651184030178e-09,3,False,250.0
b712773f15e0f684,20270301_h250_r0_p90_y80_TPMC_N400000_S101,101,sample,2124,triangle_2124,body,0.18188930475646173,-0.02142205631217956,0.023403079944954792,-0.019809487842769435,-0.6742114359712525,0.7382726622305535,1.4342821971998844e-05,-8.080992028387935e-14,7484.538922892781,-1319.726150268671,-6.596279549792437e-10,1.762090001995593e-08,-5.174522463873513e-10,-3.9244939927081924e-10,7.938963068328306e-11,3.2037494302889217e-09,-3.9244939927081924e-10,7.938963068328306e-11,3.2037494302889217e-09,1,False,250.0
b712773f15e0f684,20270301_h250_r0_p90_y80_TPMC_N400000_S101,101,sample,2125,triangle_2125,body,0.17840957604766652,-0.002597856013251271,0.0316229036955935,0.020657715370134916,-0.0769986557239682,0.9968171676954547,1.3280591665720756e-05,-8.080992028387935e-14,7484.538922892781,-1319.726150268671,0.0,0.0,0.0,0.0,0.0,0.0,0.0,0.0,0.0,0,True,250.0
b712773f15e0f684,20270301_h250_r0_p90_y80_TPMC_N400000_S101,101,sample,2126,triangle_2126,body,0.18331112121193063,-0.02332152152431441,0.02149165808886362,0.022823406141428627,-0.7369563818111906,0.6755548707839074,1.6140354884620905e-05,-8.080992028387935e-14,7484.538922892781,-1319.726150268671,-6.544480833128729e-09,7.100968463793883e-08,-1.7536358807861466e-08,-1.0361828204211743e-09,3.0874456937236294e-09,1.2876971269770939e-08,-1.0361828204211743e-09,3.0874456937236294e-09,1.2876971269770939e-08,4,False,250.0
b712773f15e0f684,20270301_h250_r0_p90_y80_TPMC_N400000_S101,101,sample,2127,triangle_2127,body,0.20509743581629677,0.025877951618447217,0.018302921210953203,-0.015207921465969812,0.8008584552605212,0.5986605496960833,1.763870716160877e-05,-8.080992028387935e-14,7484.538922892781,-1319.726150268671,0.0,0.0,0.0,0.0,0.0,0.0,0.0,0.0,0.0,0,True,250.0
b712773f15e0f684,20270301_h250_r0_p90_y80_TPMC_N400000_S101,101,sample,2128,triangle_2128,body,0.19307722524054513,0.02997465515150731,0.00858219997149891,0.059367466818441655,0.9750779082164382,0.21377225449486334,4.3772957005391675e-05,-8.080992028387935e-14,7484.538922892781,-1319.726150268671,0.0,0.0,0.0,0.0,0.0,0.0,0.0,0.0,0.0,0,True,250.0
b712773f15e0f684,20270301_h250_r0_p90_y80_TPMC_N400000_S101,101,sample,2129,triangle_2129,body,0.20415742948237947,0.02870039618639549,0.013489193679905783,-0.015481999053251786,0.8995538552890063,0.43653541567666704,1.7941649899358098e-05,-8.080992028387935e-14,7484.538922892781,-1319.726150268671,0.0,0.0,0.0,0.0,0.0,0.0,0.0,0.0,0.0,0,True,250.0
b712773f15e0f684,20270301_h250_r0_p90_y80_TPMC_N400000_S101,101,sample,2130,triangle_2130,body,0.18155695449573525,0.025090895775542774,0.019418840325643397,-0.017924249858604864,0.78898584076247,0.6141498712393781,1.5620786707882588e-05,-8.080992028387935e-14,7484.538922892781,-1319.726150268671,0.0,0.0,0.0,0.0,0.0,0.0,0.0,0.0,0.0,0,True,250.0
b712773f15e0f684,20270301_h250_r0_p90_y80_TPMC_N400000_S101,101,sample,2131,triangle_2131,body,0.20726485226571845,0.021192370209704495,0.0236087755939285,0.019318206764167904,0.6743768939636716,0.7381345485582744,1.1681993388868366e-05,-8.080992028387935e-14,7484.538922892781,-1319.726150268671,0.0,0.0,0.0,0.0,0.0,0.0,0.0,0.0,0.0,0,True,250.0
b712773f15e0f684,20270301_h250_r0_p90_y80_TPMC_N400000_S101,101,sample,2132,triangle_2132,body,0.18414566430200907,-0.00498980843466999,0.03134075258170825,0.01838900701171515,-0.15516106929998735,0.9877180199808079,1.283971963493131e-05,-8.080992028387935e-14,7484.538922892781,-1319.726150268671,0.0,0.0,0.0,0.0,0.0,0.0,0.0,0.0,0.0,0,True,250.0
b712773f15e0f684,20270301_h250_r0_p90_y80_TPMC_N400000_S101,101,sample,2133,triangle_2133,body,0.1992463655380934,0.02521237774100346,0.019176740931036117,0.03588354804635972,0.7906475702331149,0.6112191020117717,1.7589988391487884e-05,-8.080992028387935e-14,7484.538922892781,-1319.726150268671,0.0,0.0,0.0,0.0,0.0,0.0,0.0,0.0,0.0,0,True,250.0
b712773f15e0f684,20270301_h250_r0_p90_y80_TPMC_N400000_S101,101,sample,2134,triangle_2134,body,0.184692797065337,0.019387122858046058,0.02513966570315304,0.015727918649541484,0.608695043417,0.7932483701177897,1.1250331882397597e-05,-8.080992028387935e-14,7484.538922892781,-1319.726150268671,0.0,0.0,0.0,0.0,0.0,0.0,0.0,0.0,0.0,0,True,250.0
b712773f15e0f684,20270301_h250_r0_p90_y80_TPMC_N400000_S101,101,sample,2135,triangle_2135,body,0.19848441307318354,-0.02517598637045901,0.01916149921751011,0.04619079196577522,-0.7888918287872538,0.6127936791533317,2.0549114684388474e-05,-8.080992028387935e-14,7484.538922892781,-1319.726150268671,-2.2485330817595616e-09,5.6880796620221704e-08,-1.6113663823126177e-08,-5.990247032402248e-10,3.1753778477440444e-09,1.1317032845600878e-08,-5.990247032402248e-10,3.1753778477440444e-09,1.1317032845600878e-08,4,False,250.0
b712773f15e0f684,20270301_h250_r0_p90_y80_TPMC_N400000_S101,101,sample,2136,triangle_2136,body,0.2100084785921851,0.0077370910192390355,0.03076521081484829,-0.02562891352612351,0.24246503076680836,0.9698215648492876,1.2142921708449659e-05,-8.080992028387935e-14,7484.538922892781,-1319.726150268671,0.0,0.0,0.0,0.0,0.0,0.0,0.0,0.0,0.0,0,True,250.0
b712773f15e0f684,20270301_h250_r0_p90_y80_TPMC_N400000_S101,101,sample,2137,triangle_2137,body,0.1765611845797296,0.005207979249254508,0.03129722970762319,-0.02317781509582509,0.1645503205552065,0.9860963344889598,1.230242278271475e-05,-8.080992028387935e-14,7484.538922892781,-1319.726150268671,0.0,0.0,0.0,0.0,0.0,0.0,0.0,0.0,0.0,0,True,250.0
b712773f15e0f684,20270301_h250_r0_p90_y80_TPMC_N400000_S101,101,sample,2138,triangle_2138,body,0.20609511522706306,0.022597004359134656,0.022294290594124494,-0.007844168321896324,0.7013364257660795,0.7127872662421784,9.29107766251139e-06,-8.080992028387935e-14,7484.538922892781,-1319.726150268671,0.0,0.0,0.0,0.0,0.0,0.0,0.0,0.0,0.0,0,True,250.0
b712773f15e0f684,20270301_h250_r0_p90_y80_TPMC_N400000_S101,101,sample,2139,triangle_2139,body,0.17808044363687492,0.007850593267432192,0.030732633749465273,0.026066723567542093,0.24900070670030142,0.9681524538961845,1.2800730293165372e-05,-8.080992028387935e-14,7484.538922892781,-1319.726150268671,0.0,0.0,0.0,0.0,0.0,0.0,0.0,0.0,0.0,0,True,250.0
b712773f15e0f684,20270301_h250_r0_p90_y80_TPMC_N400000_S101,101,sample,2140,triangle_2140,body,0.19173395929934914,-0.017361215230936172,0.0265479805888163,-0.025777204783440075,-0.5474454645573064,0.8364442593796598,1.264903738780392e-05,-8.080992028387935e-14,7484.538922892781,-1319.726150268671,-1.7448165728665638e-09,2.1273529876696026e-08,-4.5811791490471465e-09,-4.946386056982924e-10,8.376991277282341e-10,4.078397820809277e-09,-4.946386056982924e-10,8.376991277282341e-10,4.078397820809277e-09,1,False,250.0
b712773f15e0f684,20270301_h250_r0_p90_y80_TPMC_N400000_S101,101,sample,2141,triangle_2141,body,0.18131936388565306,0.002866086326415088,0.03159678663581942,-0.018976054426626972,0.08238283773558497,0.9964200807917462,1.3261827736354479e-05,-8.080992028387935e-14,7484.538922892781,-1319.726150268671,1.6974885504641816e-09,1.9595376661605198e-08,-5.608118764687619e-09,-6.404516230106144e-10,1.0742096456216865e-09,3.5595507441810756e-09,-6.404516230106144e-10,1.0742096456216865e-09,3.5595507441810756e-09,1,False,250.0
b712773f15e0f684,20270301_h250_r0_p90_y80_TPMC_N400000_S101,101,sample,2142,triangle_2142,body,0.1780768868178639,0.002605833834194901,0.03162158669907989,0.023137484035238354,0.0812762142029023,0.9964230195240188,1.202527604578159e-05,-8.080992028387935e-14,7484.538922892781,-1319.726150268671,0.0,0.0,0.0,0.0,0.0,0.0,0.0,0.0,0.0,0,True,250.0
b712773f15e0f684,20270301_h250_r0_p90_y80_TPMC_N400000_S101,101,sample,2143,triangle_2143,body,0.1886736825472564,-0.017385375804439985,0.026532189990424154,0.025961019276654583,-0.5481892746035084,0.8359512812884471,1.2569468913881043e-05,-8.080992028387935e-14,7484.538922892781,-1319.726150268671,3.331467134231349e-09,5.022789783077677e-08,-6.87813856256892e-09,-1.1872301572713137e-09,1.3858525733916955e-09,9.568241579120887e-09,-1.1872301572713137e-09,1.3858525733916955e-09,9.568241579120887e-09,3,False,250.0
b712773f15e0f684,20270301_h250_r0_p90_y80_TPMC_N400000_S101,101,sample,2144,triangle_2144,body,0.19784172017572976,0.027060006773798804,0.016485999657126382,-0.027658390235871053,0.8520260505807818,0.5227682302715758,1.995598879712836e-05,-8.080992028387935e-14,7484.538922892781,-1319.726150268671,0.0,0.0,0.0,0.0,0.0,0.0,0.0,0.0,0.0,0,True,250.0
b712773f15e0f684,20270301_h250_r0_p90_y80_TPMC_N400000_S101,101,sample,2145,triangle_2145,body,0.19329068362849874,-0.015056151710841842,0.02792776553535597,0.02372635146033957,-0.4748953794543191,0.8797223646238164,1.1985572645877341e-05,-8.080992028387935e-14,7484.538922892781,-1319.726150268671,-1.4773621203904353e-09,2.085605435971118e-08,-3.993874374654002e-09,-5.351518446807713e-10,7.288906342672228e-10,4.004231043430216e-09,-5.351518446807713e-10,7.288906342672228e-10,4.004231043430216e-09,1,False,250.0
b712773f15e0f684,20270301_h250_r0_p90_y80_TPMC_N400000_S101,101,sample,2146,triangle_2146,body,0.20692663061208827,-0.021477025715499354,0.023354695888221585,0.02345654360422268,-0.6766019060172315,0.7359753061998704,1.190481558971721e-05,-8.080992028387935e-14,7484.538922892781,-1319.726150268671,-2.9508877750143246e-10,2.0228237574276904e-08,-6.280856526967133e-09,-3.408471204573734e-10,1.293316619815045e-09,4.181292136146188e-09,-3.408471204573734e-10,1.293316619815045e-09,4.181292136146188e-09,1,False,250.0
b712773f15e0f684,20270301_h250_r0_p90_y80_TPMC_N400000_S101,101,sample,2147,triangle_2147,body,0.21147941673236884,-0.019487484036138546,0.025037532059506137,0.023802789667442894,-0.6140386776252865,0.7889169345274806,1.1982656949622031e-05,-8.080992028387935e-14,7484.538922892781,-1319.726150268671,2.943076264215724e-09,8.764852860375092e-08,-1.778142142683432e-08,-1.8810845525214708e-09,3.830054803263866e-09,1.8564824112147795e-08,-1.8810845525214708e-09,3.830054803263866e-09,1.8564824112147795e-08,4,False,250.0
b712773f15e0f684,20270301_h250_r0_p90_y80_TPMC_N400000_S101,101,sample,2148,triangle_2148,body,0.18718555219827557,-0.015059284475663385,0.02792114522290702,-0.02501881539258745,-0.47479828269167257,0.8797389667562704,1.2402742235580909e-05,-8.080992028387935e-14,7484.538922892781,-1319.726150268671,4.739935766315551e-10,3.454186882901222e-08,-6.702837687926807e-09,-8.928761554742513e-10,1.2736115541565445e-09,6.50018808583796e-09,-8.928761554742513e-10,1.2736115541565445e-09,6.50018808583796e-09,1,False,250.0
b712773f15e0f684,20270301_h250_r0_p90_y80_TPMC_N400000_S101,101,sample,2149,triangle_2149,body,0.2099653499894151,-0.021480142366866142,0.023351827958658044,-0.023518821172048947,-0.6767305401544278,0.7358550408014976,1.1872752565531067e-05,-8.080992028387935e-14,7484.538922892781,-1319.726150268671,1.393757752750122e-10,6.755361053940714e-08,-1.408614100004936e-08,-1.259236168916596e-09,2.9610864862931907e-09,1.4179977035683076e-08,-1.259236168916596e-09,2.9610864862931907e-09,1.4179977035683076e-08,2,False,250.0
b712773f15e0f684,20270301_h250_r0_p90_y80_TPMC_N400000_S101,101,sample,2150,triangle_2150,body,0.20996371372622544,-0.017353341419227803,0.02656128052270551,-0.02384084096478198,-0.5467367616430655,0.8369650696236647,1.1963392496845975e-05,-8.080992028387935e-14,7484.538922892781,-1319.726150268671,0.0,0.0,0.0,0.0,0.0,0.0,0.0,0.0,0.0,0,True,250.0
b712773f15e0f684,20270301_h250_r0_p90_y80_TPMC_N400000_S101,101,sample,2151,triangle_2151,body,0.18875996624543415,-0.012671520694074906,0.029087999103288905,0.02334859774907769,-0.399993475864947,0.9162205314489683,1.205750789068003e-05,-8.080992028387935e-14,7484.538922892781,-1319.726150268671,-9.752229827650728e-10,3.4938505691818306e-08,-1.2214049581818215e-08,-8.355818945942212e-10,2.28483672382197e-09,6.587471051683235e-09,-8.355818945942212e-10,2.28483672382197e-09,6.587471051683235e-09,2,False,250.0
b712773f15e0f684,20270301_h250_r0_p90_y80_TPMC_N400000_S101,101,sample,2152,triangle_2152,body,0.18727652815706283,-0.010098808559084828,0.03006608760180267,-0.02682244624014587,-0.3155079045721747,0.9485437884094597,1.2964408818913851e-05,-8.080992028387935e-14,7484.538922892781,-1319.726150268671,8.556013083871913e-10,3.3861154920823484e-08,-8.687361482936741e-09,-9.48010512074104e-10,1.6480864545526738e-09,6.326066280182906e-09,-9.48010512074104e-10,1.6480864545526738e-09,6.326066280182906e-09,2,False,250.0
b712773f15e0f684,20270301_h250_r0_p90_y80_TPMC_N400000_S101,101,sample,2153,triangle_2153,body,0.18886522598701072,-0.007590456999247372,0.030805044558742663,0.02317723740312143,-0.2437661938369407,0.969557042369664,1.216489114820113e-05,-8.080992028387935e-14,7484.538922892781,-1319.726150268671,5.230566978783535e-10,1.7998345988535887e-08,-3.4636676852245483e-09,-5.433927229369285e-10,6.755236022312208e-10,3.4281817403332375e-09,-5.433927229369285e-10,6.755236022312208e-10,3.4281817403332375e-09,1,False,250.0
b712773f15e0f684,20270301_h250_r0_p90_y80_TPMC_N400000_S101,101,sample,2154,triangle_2154,body,0.2013107553772959,0.00765062518085699,0.03079136045935578,-0.023812870686010096,0.242803373453695,0.9697832072320066,1.1944369682329912e-05,-8.080992028387935e-14,7484.538922892781,-1319.726150268671,0.0,0.0,0.0,0.0,0.0,0.0,0.0,0.0,0.0,0,True,250.0
b712773f15e0f684,20270301_h250_r0_p90_y80_TPMC_N400000_S101,101,sample,2155,triangle_2155,body,0.18740283249947312,-0.004985707222389342,0.031341427186398006,-0.020833249642460843,-0.15387207591086832,0.9878711251799067,1.1344893622551823e-05,-8.080992028387935e-14,7484.538922892781,-1319.726150268671,0.0,0.0,0.0,0.0,0.0,0.0,0.0,0.0,0.0,0,True,250.0
b712773f15e0f684,20270301_h250_r0_p90_y80_TPMC_N400000_S101,101,sample,2156,triangle_2156,body,0.20694450842906645,-0.012740960157372269,0.029056977543860843,0.023878743664436108,-0.40164174571543143,0.9154855070942788,1.1944266628103217e-05,-8.080992028387935e-14,7484.538922892781,-1319.726150268671,0.0,0.0,0.0,0.0,0.0,0.0,0.0,0.0,0.0,0,True,250.0
b712773f15e0f684,20270301_h250_r0_p90_y80_TPMC_N400000_S101,101,sample,2157,triangle_2157,body,0.18898116380603616,-0.0025130433153364037,0.03162809305041084,0.023847443483671966,-0.08052528472969767,0.9964672488137752,1.1891802448566659e-05,-8.080992028387935e-14,7484.538922892781,-1319.726150268671,0.0,0.0,0.0,0.0,0.0,0.0,0.0,0.0,0.0,0,True,250.0
b712773f15e0f684,20270301_h250_r0_p90_y80_TPMC_N400000_S101,101,sample,2158,triangle_2158,body,0.20543612358195906,-0.01029397720333651,0.030011232531463244,-0.02387854517228682,-0.3241676159820888,0.9456982456518274,1.1944230147309062e-05,-8.080992028387935e-14,7484.538922892781,-1319.726150268671,-7.800602611864863e-10,3.4455315222257095e-08,-7.784172347438326e-09,-9.590534042263285e-10,1.5876455100301797e-09,7.1235506465285e-09,-9.590534042263285e-10,1.5876455100301797e-09,7.1235506465285e-09,1,False,250.0
b712773f15e0f684,20270301_h250_r0_p90_y80_TPMC_N400000_S101,101,sample,2159,triangle_2159,body,0.20542149465459716,-0.015093256359840232,0.02790759137926874,-0.02387854525810938,-0.4754026241229148,0.8794442336233737,1.1944231086531427e-05,-8.080992028387935e-14,7484.538922892781,-1319.726150268671,2.2478379679870384e-09,3.6881603504088386e-08,-9.849880683274217e-09,-8.840089111556836e-10,2.0938600756156867e-09,7.641189734136193e-09,-8.840089111556836e-10,2.0938600756156867e-09,7.641189734136193e-09,2,False,250.0
b712773f15e0f684,20270301_h250_r0_p90_y80_TPMC_N400000_S101,101,sample,2160,triangle_2160,body,0.192011967114284,-0.0025735862072243467,0.03162322853309688,-0.023708493136051285,-0.07982311918535176,0.996527057834728,1.1963634401676645e-05,-8.080992028387935e-14,7484.538922892781,-1319.726150268671,0.0,0.0,0.0,0.0,0.0,0.0,0.0,0.0,0.0,0,True,250.0
b712773f15e0f684,20270301_h250_r0_p90_y80_TPMC_N400000_S101,101,sample,2161,triangle_2161,body,0.21148429693803017,0.010301930160937134,0.030008503473679646,0.023879384942197445,0.3246068182954173,0.9455475601422217,1.1944221160982773e-05,-8.080992028387935e-14,7484.538922892781,-1319.726150268671,0.0,0.0,0.0,0.0,0.0,0.0,0.0,0.0,0.0,0,True,250.0
b712773f15e0f684,20270301_h250_r0_p90_y80_TPMC_N400000_S101,101,sample,2162,triangle_2162,body,0.2023900994755641,-0.015085824197216489,0.02791160963557288,0.023878563727295334,-0.47551969393603416,0.8793809384295875,1.1944222017334902e-05,-8.080992028387935e-14,7484.538922892781,-1319.726150268671,4.12182570530895e-09,1.6695478983959008e-08,-2.5852892721161126e-09,-4.3763358958363283e-10,6.426723875599014e-10,3.4525629519665454e-09,-4.3763358958363283e-10,6.426723875599014e-10,3.4525629519665454e-09,1,False,250.0
b712773f15e0f684,20270301_h250_r0_p90_y80_TPMC_N400000_S101,101,sample,2163,triangle_2163,body,0.20692987324717235,-0.017349801075264046,0.026563592537336787,0.023878549349713653,-0.5468476332605448,0.8368915586133568,1.1944222435850248e-05,-8.080992028387935e-14,7484.538922892781,-1319.726150268671,-1.402830784304507e-09,4.156388559888072e-08,-9.073665655408824e-09,-9.209379626200687e-10,1.8353641299323326e-09,8.537211368627865e-09,-9.209379626200687e-10,1.8353641299323326e-09,8.537211368627865e-09,2,False,250.0
b712773f15e0f684,20270301_h250_r0_p90_y80_TPMC_N400000_S101,101,sample,2164,triangle_2164,body,0.19357997937138194,1.5934633719489333e-05,0.031727591525322674,0.02369781119346521,-0.0008589661820940665,0.999718798423705,1.2016078695657482e-05,-8.080992028387935e-14,7484.538922892781,-1319.726150268671,0.0,0.0,0.0,0.0,0.0,0.0,0.0,0.0,0.0,0,True,250.0
b712773f15e0f684,20270301_h250_r0_p90_y80_TPMC_N400000_S101,101,sample,2165,triangle_2165,body,0.2099691386887156,0.012748638901903675,0.029053218382695783,-0.024001676851973748,0.4017736813622951,0.9154243980104978,1.197158496975225e-05,-8.080992028387935e-14,7484.538922892781,-1319.726150268671,0.0,0.0,0.0,0.0,0.0,0.0,0.0,0.0,0.0,0,True,250.0
b712773f15e0f684,20270301_h250_r0_p90_y80_TPMC_N400000_S101,101,sample,2166,triangle_2166,body,0.20088172022974823,-0.012725542473359183,0.029063733678440295,-0.02387855002334868,-0.40079033660748387,0.9158585703758207,1.1944219500163162e-05,-8.080992028387935e-14,7484.538922892781,-1319.726150268671,-3.23619476318693e-09,1.905373508050303e-08,-4.245403838427845e-09,-5.003713275811446e-10,7.646856594475093e-10,3.813398597890477e-09,-5.003713275811446e-10,7.646856594475093e-10,3.813398597890477e-09,1,False,250.0
b712773f15e0f684,20270301_h250_r0_p90_y80_TPMC_N400000_S101,101,sample,2167,triangle_2167,body,0.176515702753862,-0.010301930072208464,0.03000850350424261,-0.023879389790866175,-0.3246068182591398,0.9455475600322247,1.1944218733012256e-05,-8.080992028387935e-14,7484.538922892781,-1319.726150268671,0.0,0.0,0.0,0.0,0.0,0.0,0.0,0.0,0.0,0,True,250.0
b712773f15e0f684,20270301_h250_r0_p90_y80_TPMC_N400000_S101,101,sample,2168,triangle_2168,body,0.176519259057235,0.010378071073448819,0.029982040214802493,-0.02362195284538673,0.32460880412734244,0.945553344675374,1.1972170289257935e-05,-8.080992028387935e-14,7484.538922892781,-1319.726150268671,0.0,0.0,0.0,0.0,0.0,0.0,0.0,0.0,0.0,0,True,250.0
b712773f15e0f684,20270301_h250_r0_p90_y80_TPMC_N400000_S101,101,sample,2169,triangle_2169,body,0.2114848417507702,0.015104475359563274,0.02790152023394793,0.023887387429923315,0.47581154819099425,0.8792228177941369,1.1939931525378759e-05,-8.080992028387935e-14,7484.538922892781,-1319.726150268671,0.0,0.0,0.0,0.0,0.0,0.0,0.0,0.0,0.0,0,True,250.0
b712773f15e0f684,20270301_h250_r0_p90_y80_TPMC_N400000_S101,101,sample,2170,triangle_2170,body,0.21148429699393403,-0.015100663188591495,0.0279035842854518,0.023879391342136284,-0.47581163911036123,0.8792229857983926,1.1944222101117167e-05,-8.080992028387935e-14,7484.538922892781,-1319.726150268671,0.0,0.0,0.0,0.0,0.0,0.0,0.0,0.0,0.0,0,True,250.0
b712773f15e0f684,20270301_h250_r0_p90_y80_TPMC_N400000_S101,101,sample,2171,triangle_2171,body,0.19661995009952246,-4.2556712274672854e-05,0.03172756286448042,-0.02383630612997029,9.357619084020834e-05,0.9997158705120044,1.1944217163894568e-05,-8.080992028387935e-14,7484.538922892781,-1319.726150268671,2.9909555234764597e-10,1.336134150805636e-08,-3.3026386739822035e-09,-4.23779839709225e-10,6.605735872976761e-10,2.6340752000475672e-09,-4.23779839709225e-10,6.605735872976761e-10,2.6340752000475672e-09,1,False,250.0
b712773f15e0f684,20270301_h250_r0_p90_y80_TPMC_N400000_S101,101,sample,2172,triangle_2172,body,0.17651570294521676,0.023342747603497107,0.021488512735030968,-0.023879389590820786,0.7355141199718196,0.6770884388873063,1.1944220943694283e-05,-8.080992028387935e-14,7484.538922892781,-1319.726150268671,0.0,0.0,0.0,0.0,0.0,0.0,0.0,0.0,0.0,0,True,250.0
b712773f15e0f684,20270301_h250_r0_p90_y80_TPMC_N400000_S101,101,sample,2173,triangle_2173,body,0.17651570294521668,-0.023342747603535233,0.021488512734989546,-0.023879389590821264,-0.7355141199730209,0.6770884388860012,1.1944220943694272e-05,-8.080992028387935e-14,7484.538922892781,-1319.726150268671,-2.0719402753400646e-09,4.825084954065446e-08,-8.837995538901695e-09,-8.510535315524096e-10,1.51672637492933e-09,8.47959818118951e-09,-8.510535315524096e-10,1.51672637492933e-09,8.47959818118951e-09,2,False,250.0
b712773f15e0f684,20270301_h250_r0_p90_y80_TPMC_N400000_S101,101,sample,2174,triangle_2174,body,0.20086708437761955,-0.01733569938493078,0.026572797621297536,-0.02387854980225092,-0.5460689056658384,0.8373998836423702,1.1944219474538354e-05,-8.080992028387935e-14,7484.538922892781,-1319.726150268671,3.700446634457417e-10,1.982019860781411e-08,-4.549340233771662e-09,-4.455148145967804e-10,9.190470723549584e-10,3.967791854823013e-09,-4.455148145967804e-10,9.190470723549584e-10,3.967791854823013e-09,1,False,250.0
b712773f15e0f684,20270301_h250_r0_p90_y80_TPMC_N400000_S101,101,sample,2175,triangle_2175,body,0.21148593325711432,-0.023334382709643723,0.021497588821696126,0.023900438324810723,-0.7355137499053722,0.6770880982176688,1.1931333153389494e-05,-8.080992028387935e-14,7484.538922892781,-1319.726150268671,-1.2107428800400102e-09,7.884014840365411e-08,-1.564179356519363e-08,-1.3484727876137231e-09,3.2777761416912824e-09,1.661548975578904e-08,-1.3484727876137231e-09,3.2777761416912824e-09,1.661548975578904e-08,4,False,250.0
b712773f15e0f684,20270301_h250_r0_p90_y80_TPMC_N400000_S101,101,sample,2176,triangle_2176,body,0.21148820085212064,-0.026552221589510077,0.017367182565051185,0.023932486240674095,-0.8369267044704124,0.5467914844313462,1.1913471250853116e-05,-8.080992028387935e-14,7484.538922892781,-1319.726150268671,0.0,0.0,0.0,0.0,0.0,0.0,0.0,0.0,0.0,0,True,250.0
b712773f15e0f684,20270301_h250_r0_p90_y80_TPMC_N400000_S101,101,sample,2177,triangle_2177,body,0.21148429716458805,0.026561276145486826,0.01735334711377702,0.02387938465660215,0.8369277675093785,0.5467921789493608,1.1944218412915356e-05,-8.080992028387935e-14,7484.538922892781,-1319.726150268671,0.0,0.0,0.0,0.0,0.0,0.0,0.0,0.0,0.0,0,True,250.0
b712773f15e0f684,20270301_h250_r0_p90_y80_TPMC_N400000_S101,101,sample,2178,triangle_2178,body,0.20237546318546917,-0.019474157513098486,0.02504789883135756,0.02387855015804585,-0.6137750849938198,0.7891197373549713,1.1944218825043676e-05,-8.080992028387935e-14,7484.538922892781,-1319.726150268671,1.3168919009726808e-09,1.2826772379265108e-09,-1.5641732795862671e-09,-2.9454930453003293e-12,3.515487769071068e-10,2.858025540125384e-10,-2.9454930453003293e-12,3.515487769071068e-10,2.858025540125384e-10,1,False,250.0
b712773f15e0f684,20270301_h250_r0_p90_y80_TPMC_N400000_S101,101,sample,2179,triangle_2179,body,0.197835690278047,-0.017328623344927855,0.026577412582094093,0.02387855118677956,-0.5461803815111356,0.837327179569355,1.1944218797243252e-05,-8.080992028387935e-14,7484.538922892781,-1319.726150268671,-3.4363476656521645e-10,1.9795866786281998e-08,-2.8209274390974648e-09,-4.818805102114742e-10,5.460521562173039e-10,3.890623518834666e-09,-4.818805102114742e-10,5.460521562173039e-10,3.890623518834666e-09,1,False,250.0
b712773f15e0f684,20270301_h250_r0_p90_y80_TPMC_N400000_S101,101,sample,2180,triangle_2180,body,0.19210908529150436,0.002726567480125897,0.03160470937029191,-0.025378108215158637,0.08831926437662437,0.9957688783866422,1.245708802169257e-05,-8.080992028387935e-14,7484.538922892781,-1319.726150268671,8.466966254501178e-10,3.108418951684502e-08,-1.0261580168719285e-08,-1.0184452900850776e-09,2.0033711224708384e-09,5.984541605038395e-09,-1.0184452900850776e-09,2.0033711224708384e-09,5.984541605038395e-09,1,False,250.0
b712773f15e0f684,20270301_h250_r0_p90_y80_TPMC_N400000_S101,101,sample,2181,triangle_2181,body,0.21148429776196231,-2.4040376171245253e-16,0.031727591310925195,0.023879373894820487,-6.60403258427466e-15,0.9997148470951062,1.1944208664397487e-05,-8.080992028387935e-14,7484.538922892781,-1319.726150268671,0.0,0.0,0.0,0.0,0.0,0.0,0.0,0.0,0.0,0,True,250.0
b712773f15e0f684,20270301_h250_r0_p90_y80_TPMC_N400000_S101,101,sample,2182,triangle_2182,body,0.18919268211712814,0.00795394201965603,0.03071963439426509,0.022275861734635905,0.25006075815397083,0.9679738649444213,1.1486385250623252e-05,-8.080992028387935e-14,7484.538922892781,-1319.726150268671,0.0,0.0,0.0,0.0,0.0,0.0,0.0,0.0,0.0,0,True,250.0
b712773f15e0f684,20270301_h250_r0_p90_y80_TPMC_N400000_S101,101,sample,2183,triangle_2183,body,0.1939129739853299,0.015122672726833293,0.027891636932334804,0.023939629784774694,0.47496331597883196,0.8796799091716032,1.1881651435640484e-05,-8.080992028387935e-14,7484.538922892781,-1319.726150268671,0.0,0.0,0.0,0.0,0.0,0.0,0.0,0.0,0.0,0,True,250.0
b712773f15e0f684,20270301_h250_r0_p90_y80_TPMC_N400000_S101,101,sample,2184,triangle_2184,body,0.2099741341091782,-0.02502010832642025,0.019510401082299633,-0.023802709513739265,-0.7880987963458278,0.6150883824443947,1.1893771194112117e-05,-8.080992028387935e-14,7484.538922892781,-1319.726150268671,-4.134370304875423e-10,1.7146046752021597e-08,-4.468655397725176e-09,-2.514067970662995e-10,9.258577625007396e-10,3.5757380999477914e-09,-2.514067970662995e-10,9.258577625007396e-10,3.5757380999477914e-09,1,False,250.0
b712773f15e0f684,20270301_h250_r0_p90_y80_TPMC_N400000_S101,101,sample,2185,triangle_2185,body,0.19683040190605636,0.010259673976580667,0.030022976967941883,-0.02383630487562411,0.3246328065535347,0.9455397249608563,1.1944218473773308e-05,-8.080992028387935e-14,7484.538922892781,-1319.726150268671,0.0,0.0,0.0,0.0,0.0,0.0,0.0,0.0,0.0,0,True,250.0
b712773f15e0f684,20270301_h250_r0_p90_y80_TPMC_N400000_S101,101,sample,2186,triangle_2186,body,0.19234496096506035,0.01279547310864343,0.029032095476296888,-0.02416045676627257,0.4047470788919318,0.914109443369498,1.1982313147213958e-05,-8.080992028387935e-14,7484.538922892781,-1319.726150268671,0.0,0.0,0.0,0.0,0.0,0.0,0.0,0.0,0.0,0,True,250.0
b712773f15e0f684,20270301_h250_r0_p90_y80_TPMC_N400000_S101,101,sample,2187,triangle_2187,body,0.19368626900159802,0.005300201078904923,0.03128150809543841,0.023455020298466193,0.16367397786139704,0.9862356163685357,1.2017773452181037e-05,-8.080992028387935e-14,7484.538922892781,-1319.726150268671,0.0,0.0,0.0,0.0,0.0,0.0,0.0,0.0,0.0,0,True,250.0
b712773f15e0f684,20270301_h250_r0_p90_y80_TPMC_N400000_S101,101,sample,2188,triangle_2188,body,0.19379960191264023,0.010317127090433026,0.030003282232570146,0.023836305484801455,0.32372910415727096,0.9458495111075366,1.1944218199097136e-05,-8.080992028387935e-14,7484.538922892781,-1319.726150268671,0.0,0.0,0.0,0.0,0.0,0.0,0.0,0.0,0.0,0,True,250.0
b712773f15e0f684,20270301_h250_r0_p90_y80_TPMC_N400000_S101,101,sample,2189,triangle_2189,body,0.19222348205540518,0.007895101915964094,0.030734687024533552,-0.022017234886313197,0.2511587856669604,0.967695461263645,1.1559988068673037e-05,-8.080992028387935e-14,7484.538922892781,-1319.726150268671,0.0,0.0,0.0,0.0,0.0,0.0,0.0,0.0,0.0,0,True,250.0
b712773f15e0f684,20270301_h250_r0_p90_y80_TPMC_N400000_S101,101,sample,2190,triangle_2190,body,0.20540685687598892,-0.019480827040808005,0.02504271200370095,-0.02387855567578414,-0.6136700234635093,0.7892014425234755,1.1944215935683455e-05,-8.080992028387935e-14,7484.538922892781,-1319.726150268671,9.207766975199566e-10,1.884824892186527e-08,-6.427931119130324e-09,-3.379022055195281e-10,1.3362284224109033e-09,3.8697417542573916e-09,-3.379022055195281e-10,1.3362284224109033e-09,3.8697417542573916e-09,1,False,250.0
b712773f15e0f684,20270301_h250_r0_p90_y80_TPMC_N400000_S101,101,sample,2191,triangle_2191,body,0.17651570223822646,-2.8145599277144367e-14,0.0317275913110276,-0.023879373888994516,-8.8757754708689e-13,0.9997148470952453,1.1944208664437731e-05,-8.080992028387935e-14,7484.538922892781,-1319.726150268671,-1.6216092959847933e-09,3.8353825612256776e-08,-6.5146882531979595e-09,-1.2141211920739983e-09,1.1004813995478347e-09,6.7721426981223755e-09,-1.2141211920739983e-09,1.1004813995478347e-09,6.7721426981223755e-09,2,False,250.0
b712773f15e0f684,20270301_h250_r0_p90_y80_TPMC_N400000_S101,101,sample,2192,triangle_2192,body,0.20240473056167385,-0.010285991681947167,0.03001397040973856,0.023878595372164878,-0.3242933879752381,0.9456551227580772,1.1944204390540098e-05,-8.080992028387935e-14,7484.538922892781,-1319.726150268671,4.948731869468052e-10,1.7633602023548816e-08,-5.585574152470748e-09,-4.729414562183954e-10,1.1433203677795754e-09,3.5675491473602445e-09,-4.729414562183954e-10,1.1433203677795754e-09,3.5675491473602445e-09,1,False,250.0
b712773f15e0f684,20270301_h250_r0_p90_y80_TPMC_N400000_S101,101,sample,2193,triangle_2193,body,0.17651570300623234,-0.015100663188639124,0.027903584285528384,-0.02387939133701765,-0.47581163911186664,0.8792229857977167,1.194422210115713e-05,-8.080992028387935e-14,7484.538922892781,-1319.726150268671,5.470955092631859e-11,3.455576581438487e-08,-6.736119040374841e-09,-8.591524745735706e-10,1.1921191072374587e-09,6.10746562924139e-09,-8.591524745735706e-10,1.1921191072374587e-09,6.10746562924139e-09,3,False,250.0
b712773f15e0f684,20270301_h250_r0_p90_y80_TPMC_N400000_S101,101,sample,2194,triangle_2194,body,0.17803140576000964,-0.012744826642205368,0.029055282464748672,0.02387939056930344,-0.4015808280781564,0.9155122135865259,1.1944220417084554e-05,-8.080992028387935e-14,7484.538922892781,-1319.726150268671,-3.331515300826597e-09,3.668681468762923e-08,-6.3599217868025635e-09,-1.0040272029359161e-09,1.0416160525093805e-09,6.489776059653407e-09,-1.0040272029359161e-09,1.0416160525093805e-09,6.489776059653407e-09,2,False,250.0
b712773f15e0f684,20270301_h250_r0_p90_y80_TPMC_N400000_S101,101,sample,2195,triangle_2195,body,0.20229682625569909,0.024714245070482404,0.019779328778202238,-0.018290162771116954,0.7998691619379751,0.5998956523650156,1.5917677987636058e-05,-8.080992028387935e-14,7484.538922892781,-1319.726150268671,0.0,0.0,0.0,0.0,0.0,0.0,0.0,0.0,0.0,0,True,250.0
b712773f15e0f684,20270301_h250_r0_p90_y80_TPMC_N400000_S101,101,sample,2196,triangle_2196,body,0.19785121427845456,-0.012719231487386004,0.02906649649227717,0.02389294594484164,-0.40091214976026246,0.9158048784040635,1.1937189825711642e-05,-8.080992028387935e-14,7484.538922892781,-1319.726150268671,9.67661370053177e-10,2.2958853850800067e-08,-3.9410530862288605e-09,-6.265392380503657e-10,8.13519072554271e-10,4.5853702750855614e-09,-6.265392380503657e-10,8.13519072554271e-10,4.5853702750855614e-09,1,False,250.0
b712773f15e0f684,20270301_h250_r0_p90_y80_TPMC_N400000_S101,101,sample,2197,triangle_2197,body,0.19702394265043977,0.019575511197238462,0.024966988554263398,-0.024339051187673977,0.614558115375903,0.7884959945446155,1.1779768096950444e-05,-8.080992028387935e-14,7484.538922892781,-1319.726150268671,0.0,0.0,0.0,0.0,0.0,0.0,0.0,0.0,0.0,0,True,250.0
b712773f15e0f684,20270301_h250_r0_p90_y80_TPMC_N400000_S101,101,sample,2198,triangle_2198,body,0.19632819942469792,-0.015072437171240382,0.027918987410206316,-0.023843330243702752,-0.4747560418083388,0.8797944057388458,1.1930114620512398e-05,-8.080992028387935e-14,7484.538922892781,-1319.726150268671,-1.903681274143583e-09,2.0270439888911222e-08,-1.7460053721368703e-09,-5.423075971758371e-10,2.9131863033431526e-10,3.973377008451318e-09,-5.423075971758371e-10,2.9131863033431526e-10,3.973377008451318e-09,1,False,250.0
b712773f15e0f684,20270301_h250_r0_p90_y80_TPMC_N400000_S101,101,sample,2199,triangle_2199,body,0.1765157029254275,0.015100662986217157,0.02790358439507366,-0.02387939260934286,0.4758116390958401,0.8792229857718341,1.1944221464752002e-05,-8.080992028387935e-14,7484.538922892781,-1319.726150268671,0.0,0.0,0.0,0.0,0.0,0.0,0.0,0.0,0.0,0,True,250.0
b712773f15e0f684,20270301_h250_r0_p90_y80_TPMC_N400000_S101,101,sample,2200,triangle_2200,body,0.17803496198257776,0.012820967441074973,0.029028819284831364,0.021658418256331028,0.4051216169281524,0.9140062299657226,1.1409486406079479e-05,-8.080992028387935e-14,7484.538922892781,-1319.726150268671,0.0,0.0,0.0,0.0,0.0,0.0,0.0,0.0,0.0,0,True,250.0
b712773f15e0f684,20270301_h250_r0_p90_y80_TPMC_N400000_S101,101,sample,2201,triangle_2201,body,0.20695468519546348,-0.007784574846558392,0.030757769852545868,0.023913951434881106,-0.24542087279665026,0.9691216219456156,1.1926674439376918e-05,-8.080992028387935e-14,7484.538922892781,-1319.726150268671,0.0,0.0,0.0,0.0,0.0,0.0,0.0,0.0,0.0,0,True,250.0
b712773f15e0f684,20270301_h250_r0_p90_y80_TPMC_N400000_S101,101,sample,2202,triangle_2202,body,0.2099734702893503,-0.012744826642159776,0.029055282464675175,-0.02391784066493493,-0.4015194522170483,0.9155381294021829,1.1925018997974267e-05,-8.080992028387935e-14,7484.538922892781,-1319.726150268671,0.0,0.0,0.0,0.0,0.0,0.0,0.0,0.0,0.0,0,True,250.0
b712773f15e0f684,20270301_h250_r0_p90_y80_TPMC_N400000_S101,101,sample,2203,triangle_2203,body,0.2099691387372521,0.017357159044514767,0.026559212225940775,-0.023765674513971324,0.546958575282382,0.836822268848029,1.1912566945073428e-05,-8.080992028387935e-14,7484.538922892781,-1319.726150268671,0.0,0.0,0.0,0.0,0.0,0.0,0.0,0.0,0.0,0,True,250.0
b712773f15e0f684,20270301_h250_r0_p90_y80_TPMC_N400000_S101,101,sample,2204,triangle_2204,body,0.21148429698655938,0.01948748949045329,0.025037527814245553,0.023879386158992166,0.6140375556657216,0.7889154930337822,1.1944220891928627e-05,-8.080992028387935e-14,7484.538922892781,-1319.726150268671,0.0,0.0,0.0,0.0,0.0,0.0,0.0,0.0,0.0,0,True,250.0
b712773f15e0f684,20270301_h250_r0_p90_y80_TPMC_N400000_S101,101,sample,2205,triangle_2205,body,0.2099738975151804,-0.0026200427986653196,0.031619225564581244,-0.02392119289668865,-0.08262788690657914,0.99629333473418,1.192333101060576e-05,-8.080992028387935e-14,7484.538922892781,-1319.726150268671,0.0,0.0,0.0,0.0,0.0,0.0,0.0,0.0,0.0,0,True,250.0
b712773f15e0f684,20270301_h250_r0_p90_y80_TPMC_N400000_S101,101,sample,2206,triangle_2206,body,0.18613721431328578,0.014397792791851792,0.028241165759541543,-0.002684292816189121,0.4792288294259582,0.8776858912043095,1.0369244671846448e-05,-8.080992028387935e-14,7484.538922892781,-1319.726150268671,0.0,0.0,0.0,0.0,0.0,0.0,0.0,0.0,0.0,0,True,250.0
b712773f15e0f684,20270301_h250_r0_p90_y80_TPMC_N400000_S101,101,sample,2207,triangle_2207,body,0.18106785786081447,0.012820967245976483,0.029028819370400583,-0.021690386140847503,0.40503696166063685,0.9140429896004786,1.1392670509332768e-05,-8.080992028387935e-14,7484.538922892781,-1319.726150268671,0.0,0.0,0.0,0.0,0.0,0.0,0.0,0.0,0.0,0,True,250.0
b712773f15e0f684,20270301_h250_r0_p90_y80_TPMC_N400000_S101,101,sample,2208,triangle_2208,body,0.19828447930248924,0.007716787181629113,0.03077486274274796,0.023897979641560745,0.24164483069078246,0.9700704419625796,1.1909916613535555e-05,-8.080992028387935e-14,7484.538922892781,-1319.726150268671,0.0,0.0,0.0,0.0,0.0,0.0,0.0,0.0,0.0,0,True,250.0
b712773f15e0f684,20270301_h250_r0_p90_y80_TPMC_N400000_S101,101,sample,2209,triangle_2209,body,0.19817925327331276,0.002547214513649113,0.03162516169229232,0.023912264452962767,0.07895087726567324,0.9965916729472066,1.1909909517194529e-05,-8.080992028387935e-14,7484.538922892781,-1319.726150268671,2.1054845660125595e-10,1.4394108989864129e-08,-4.493167011728243e-09,-4.674471021955615e-10,8.916550488309444e-10,2.8345618257858658e-09,-4.674471021955615e-10,8.916550488309444e-10,2.8345618257858658e-09,1,False,250.0
b712773f15e0f684,20270301_h250_r0_p90_y80_TPMC_N400000_S101,101,sample,2210,triangle_2210,body,0.21148917329550096,-0.010301930072165495,0.030008503504154963,0.023956414091631646,-0.3246062199060274,0.945545817093064,1.1905815864042876e-05,-8.080992028387935e-14,7484.538922892781,-1319.726150268671,1.7202021251194238e-09,7.787001883556697e-08,-1.9655889885680134e-08,-2.1631648963523975e-09,4.2119382425454286e-09,1.6485685106269268e-08,-2.1631648963523975e-09,4.2119382425454286e-09,1.6485685106269268e-08,5,False,250.0
b712773f15e0f684,20270301_h250_r0_p90_y80_TPMC_N400000_S101,101,sample,2211,triangle_2211,body,0.20997877304872156,-0.0077886612305998705,0.030756735904423255,-0.02395978592240704,-0.24540929842257758,0.9691234208841981,1.1904134585459108e-05,-8.080992028387935e-14,7484.538922892781,-1319.726150268671,0.0,0.0,0.0,0.0,0.0,0.0,0.0,0.0,0.0,0,True,250.0
b712773f15e0f684,20270301_h250_r0_p90_y80_TPMC_N400000_S101,101,sample,2212,triangle_2212,body,0.19838899753356787,0.01280764796770928,0.029013469995503634,0.028174449302489,0.4046222982416179,0.914049777732139,1.291647130861143e-05,-8.080992028387935e-14,7484.538922892781,-1319.726150268671,0.0,0.0,0.0,0.0,0.0,0.0,0.0,0.0,0.0,0,True,250.0
b712773f15e0f684,20270301_h250_r0_p90_y80_TPMC_N400000_S101,101,sample,2213,triangle_2213,body,0.21148959975331025,-0.005222188213720375,0.0312948685731144,0.023963158715474376,-0.16454727291068771,0.9860780709467342,1.190245330769419e-05,-8.080992028387935e-14,7484.538922892781,-1319.726150268671,8.235472384095357e-10,1.739663693197378e-08,-2.130915574729812e-09,-5.358112827774655e-10,4.755906665250558e-10,3.6756088999560035e-09,-5.358112827774655e-10,4.755906665250558e-10,3.6756088999560035e-09,1,False,250.0
b712773f15e0f684,20270301_h250_r0_p90_y80_TPMC_N400000_S101,101,sample,2214,triangle_2214,body,0.19692621056042126,0.015192300699751504,0.027853316716169807,-0.023611703087919784,0.4758052908295598,0.8792336507981744,1.1846237754305011e-05,-8.080992028387935e-14,7484.538922892781,-1319.726150268671,0.0,0.0,0.0,0.0,0.0,0.0,0.0,0.0,0.0,0,True,250.0
b712773f15e0f684,20270301_h250_r0_p90_y80_TPMC_N400000_S101,101,sample,2215,triangle_2215,body,0.19711205011694333,-0.026863839316583676,0.016895011414608575,-0.006848928951644277,-0.8373319709741355,0.5466518659593004,1.350606061259291e-05,-8.080992028387935e-14,7484.538922892781,-1319.726150268671,1.172793552236167e-09,3.571349332182187e-08,-1.1238366466637755e-08,-2.930606369943846e-10,2.223339271365401e-09,7.039554629558307e-09,-2.930606369943846e-10,2.223339271365401e-09,7.039554629558307e-09,2,False,250.0
b712773f15e0f684,20270301_h250_r0_p90_y80_TPMC_N400000_S101,101,sample,2216,triangle_2216,body,0.1984697175078833,0.017536845295395637,0.026440314873822795,0.023636113319757776,0.5554557120789951,0.8312101335197689,1.1773051760196802e-05,-8.080992028387935e-14,7484.538922892781,-1319.726150268671,0.0,0.0,0.0,0.0,0.0,0.0,0.0,0.0,0.0,0,True,250.0
b712773f15e0f684,20270301_h250_r0_p90_y80_TPMC_N400000_S101,101,sample,2217,triangle_2217,body,0.19180482092356463,-0.012692548502757176,0.02907882881734571,-0.023781693316711365,-0.3991587393398767,0.9165733641512774,1.1837490593856655e-05,-8.080992028387935e-14,7484.538922892781,-1319.726150268671,0.0,0.0,0.0,0.0,0.0,0.0,0.0,0.0,0.0,0,True,250.0
b712773f15e0f684,20270301_h250_r0_p90_y80_TPMC_N400000_S101,101,sample,2218,triangle_2218,body,0.19671646625526593,0.005179339458422301,0.03130198907828108,-0.023974343033815505,0.16460950665143137,0.9860674120951717,1.18756093937459e-05,-8.080992028387935e-14,7484.538922892781,-1319.726150268671,0.0,0.0,0.0,0.0,0.0,0.0,0.0,0.0,0.0,0,True,250.0
b712773f15e0f684,20270301_h250_r0_p90_y80_TPMC_N400000_S101,101,sample,2219,triangle_2219,body,0.19346005935648328,-0.005202713161372714,0.03129815644325052,0.024005030072153634,-0.16566638417156532,0.985889652895675,1.1849922812966761e-05,-8.080992028387935e-14,7484.538922892781,-1319.726150268671,-9.016850247764643e-10,1.3587420255173168e-08,-4.158654532939303e-09,-4.087554091012728e-10,7.688678547420077e-10,2.600720788079452e-09,-4.087554091012728e-10,7.688678547420077e-10,2.600720788079452e-09,1,False,250.0
b712773f15e0f684,20270301_h250_r0_p90_y80_TPMC_N400000_S101,101,sample,2220,triangle_2220,body,0.18940411511320665,0.017462859030696148,0.026488870119772984,0.023724216756921084,0.5494860931594518,0.8351659685138235,1.2126284887326227e-05,-8.080992028387935e-14,7484.538922892781,-1319.726150268671,0.0,0.0,0.0,0.0,0.0,0.0,0.0,0.0,0.0,0,True,250.0
b712773f15e0f684,20270301_h250_r0_p90_y80_TPMC_N400000_S101,101,sample,2221,triangle_2221,body,0.19324845991314368,-0.019509738880577946,0.025020020367113153,0.023242568766928026,-0.6131537694990671,0.789621578951715,1.220112786514276e-05,-8.080992028387935e-14,7484.538922892781,-1319.726150268671,-2.334461125605826e-09,3.709622825292639e-08,-6.796057196777038e-09,-8.286902198617567e-10,1.2553965216616479e-09,7.133927747402101e-09,-8.286902198617567e-10,1.2553965216616479e-09,7.133927747402101e-09,2,False,250.0
b712773f15e0f684,20270301_h250_r0_p90_y80_TPMC_N400000_S101,101,sample,2222,triangle_2222,body,0.194017105635665,0.019520140039374145,0.025010725322337512,0.024086791696901914,0.6136369779329263,0.7892208092663899,1.2067548668514586e-05,-8.080992028387935e-14,7484.538922892781,-1319.726150268671,0.0,0.0,0.0,0.0,0.0,0.0,0.0,0.0,0.0,0,True,250.0
b712773f15e0f684,20270301_h250_r0_p90_y80_TPMC_N400000_S101,101,sample,2223,triangle_2223,body,0.19635668394264635,-0.010286696939092817,0.030014956890107063,-0.023611161373605596,-0.32401865763408244,0.9457560058300433,1.1790046338450206e-05,-8.080992028387935e-14,7484.538922892781,-1319.726150268671,0.0,0.0,0.0,0.0,0.0,0.0,0.0,0.0,0.0,0,True,250.0
b712773f15e0f684,20270301_h250_r0_p90_y80_TPMC_N400000_S101,101,sample,2224,triangle_2224,body,0.19244964391801714,0.017411846164613113,0.026522371858061906,-0.024020057074458454,0.5500814192676633,0.8347655173967198,1.1952876785013847e-05,-8.080992028387935e-14,7484.538922892781,-1319.726150268671,0.0,0.0,0.0,0.0,0.0,0.0,0.0,0.0,0.0,0,True,250.0
b712773f15e0f684,20270301_h250_r0_p90_y80_TPMC_N400000_S101,101,sample,2225,triangle_2225,body,0.18684742991950107,-0.023341208354189773,0.021470213469741765,-0.025835960391023247,-0.7327172317947418,0.6800426173275642,1.4237424815563856e-05,-8.080992028387935e-14,7484.538922892781,-1319.726150268671,-7.68416296684704e-11,1.8022034512947346e-08,-6.8923785241375816e-09,-2.411833214554099e-10,1.2868405654235616e-09,3.3674903258592835e-09,-2.411833214554099e-10,1.2868405654235616e-09,3.3674903258592835e-09,1,False,250.0
b712773f15e0f684,20270301_h250_r0_p90_y80_TPMC_N400000_S101,101,sample,2226,triangle_2226,body,0.191891649535773,-0.007746920046342802,0.03076663833290913,-0.024432763945167496,-0.2428270668245578,0.9697618551290732,1.1807930093442968e-05,-8.080992028387935e-14,7484.538922892781,-1319.726150268671,0.0,0.0,0.0,0.0,0.0,0.0,0.0,0.0,0.0,0,True,250.0
b712773f15e0f684,20270301_h250_r0_p90_y80_TPMC_N400000_S101,101,sample,2227,triangle_2227,body,0.20712221761389418,0.007666468882206873,0.030782836961103177,0.027507205513559754,0.24359322119186191,0.969487336809619,1.1292973627349717e-05,-8.080992028387935e-14,7484.538922892781,-1319.726150268671,0.0,0.0,0.0,0.0,0.0,0.0,0.0,0.0,0.0,0,True,250.0
b712773f15e0f684,20270301_h250_r0_p90_y80_TPMC_N400000_S101,101,sample,2228,triangle_2228,body,0.20697174667289212,-0.0026533345517398854,0.031616414098898434,0.024268755729278176,-0.08248174891463095,0.996297038333115,1.1735480048029762e-05,-8.080992028387935e-14,7484.538922892781,-1319.726150268671,3.0465911312178255e-10,3.1139034232983e-08,-7.1083234847443224e-09,-9.667314772420068e-10,1.476933709305684e-09,6.4284870936872424e-09,-9.667314772420068e-10,1.476933709305684e-09,6.4284870936872424e-09,1,False,250.0
b712773f15e0f684,20270301_h250_r0_p90_y80_TPMC_N400000_S101,101,sample,2229,triangle_2229,body,0.19645186036183215,-0.0052440806887759095,0.03129127620013914,-0.02428306865866706,-0.1640609986435656,0.9861512669467064,1.1725964528401164e-05,-8.080992028387935e-14,7484.538922892781,-1319.726150268671,0.0,0.0,0.0,0.0,0.0,0.0,0.0,0.0,0.0,0,True,250.0
b712773f15e0f684,20270301_h250_r0_p90_y80_TPMC_N400000_S101,101,sample,2230,triangle_2230,body,0.2009098687675465,-0.007791668854857453,0.030757980223347234,-0.023341421529455376,-0.24549057704414046,0.9691179260665438,1.1729448314163552e-05,-8.080992028387935e-14,7484.538922892781,-1319.726150268671,3.4242092038770926e-09,3.6662254633433674e-08,-7.754462746047667e-09,-1.073268042667974e-09,1.6750344859383425e-09,7.4472937486149495e-09,-1.073268042667974e-09,1.6750344859383425e-09,7.4472937486149495e-09,2,False,250.0
b712773f15e0f684,20270301_h250_r0_p90_y80_TPMC_N400000_S101,101,sample,2231,triangle_2231,body,0.19789232809981264,-0.007798685097976283,0.030756203889878864,0.023346971935061734,-0.24597260579000876,0.9689955604141519,1.1727573615689105e-05,-8.080992028387935e-14,7484.538922892781,-1319.726150268671,2.641687863946919e-09,1.7220005769158154e-08,-4.124560320851893e-09,-4.968116957514572e-10,9.032944782002937e-10,3.4530504079481174e-09,-4.968116957514572e-10,9.032944782002937e-10,3.4530504079481174e-09,1,False,250.0
b712773f15e0f684,20270301_h250_r0_p90_y80_TPMC_N400000_S101,101,sample,2232,triangle_2232,body,0.19334780638395563,-0.01027629941486253,0.030018511090025943,0.02372346490331676,-0.3244777568980984,0.9455957817647876,1.1730856201297201e-05,-8.080992028387935e-14,7484.538922892781,-1319.726150268671,0.0,0.0,0.0,0.0,0.0,0.0,0.0,0.0,0.0,0,True,250.0
b712773f15e0f684,20270301_h250_r0_p90_y80_TPMC_N400000_S101,101,sample,2233,triangle_2233,body,0.18352259528009565,0.026474539565199268,0.017535413384291248,0.011126117711162502,0.8321520492610113,0.5544359083026431,1.2138015463417786e-05,-8.080992028387935e-14,7484.538922892781,-1319.726150268671,0.0,0.0,0.0,0.0,0.0,0.0,0.0,0.0,0.0,0,True,250.0
b712773f15e0f684,20270301_h250_r0_p90_y80_TPMC_N400000_S101,101,sample,2234,triangle_2234,body,0.19804373884777338,-0.0026734450806217033,0.03161631962914325,0.023642019927432752,-0.08590073228721334,0.9960231518826616,1.166658898048799e-05,-8.080992028387935e-14,7484.538922892781,-1319.726150268671,3.7094415185325734e-09,4.020128814107092e-08,-8.046343843898303e-09,-1.256804611053059e-09,1.7158579427374614e-09,7.992973634078714e-09,-1.256804611053059e-09,1.7158579427374614e-09,7.992973634078714e-09,2,False,250.0
b712773f15e0f684,20270301_h250_r0_p90_y80_TPMC_N400000_S101,101,sample,2235,triangle_2235,body,0.20244993765013217,-0.0052664731124418655,0.03129056354808025,0.022941953974709356,-0.16619873481911757,0.9858253634860218,1.164950012548086e-05,-8.080992028387935e-14,7484.538922892781,-1319.726150268671,9.582305722291897e-10,1.5958553667943074e-08,-4.954967413370747e-09,-4.713191535896995e-10,1.0391441690749504e-09,3.255643119899334e-09,-4.713191535896995e-10,1.0391441690749504e-09,3.255643119899334e-09,1,False,250.0
b712773f15e0f684,20270301_h250_r0_p90_y80_TPMC_N400000_S101,101,sample,2236,triangle_2236,body,0.19479931455205257,-0.030355798363371492,0.007653678071098698,0.035982791657048874,-0.9827006908344232,0.18167165694767218,6.693232950447013e-05,-8.080992028387935e-14,7484.538922892781,-1319.726150268671,-4.861583460316158e-09,2.78945923509103e-07,-4.343262177118596e-08,-2.513183898059386e-10,8.420221984075622e-09,5.418478406340261e-08,-2.513183898059386e-10,8.420221984075622e-09,5.418478406340261e-08,14,False,250.0
b712773f15e0f684,20270301_h250_r0_p90_y80_TPMC_N400000_S101,101,sample,2237,triangle_2237,body,0.20269725821905074,0.005061321694577401,0.031322634673350856,0.02387882656438132,0.15708907128348962,0.9872957132111932,1.1596514678069656e-05,-8.080992028387935e-14,7484.538922892781,-1319.726150268671,0.0,0.0,0.0,0.0,0.0,0.0,0.0,0.0,0.0,0,True,250.0
b712773f15e0f684,20270301_h250_r0_p90_y80_TPMC_N400000_S101,101,sample,2238,triangle_2238,body,0.2054633610577639,-0.005251393582753461,0.031293091055554195,-0.02305986225829873,-0.16561740684347692,0.9859204416701534,1.1586581823871998e-05,-8.080992028387935e-14,7484.538922892781,-1319.726150268671,0.0,0.0,0.0,0.0,0.0,0.0,0.0,0.0,0.0,0,True,250.0
b712773f15e0f684,20270301_h250_r0_p90_y80_TPMC_N400000_S101,101,sample,2239,triangle_2239,body,0.20102427546833954,-0.0027028537474064903,0.03161383064361598,-0.023841349262143555,-0.08387643949007771,0.9961909119058595,1.1574701200300568e-05,-8.080992028387935e-14,7484.538922892781,-1319.726150268671,-2.220355713920356e-09,1.7628391012673925e-08,-6.6147181719057265e-09,-5.262539291900621e-10,1.2567886981362225e-09,3.526020747001124e-09,-5.262539291900621e-10,1.2567886981362225e-09,3.526020747001124e-09,1,False,250.0
b712773f15e0f684,20270301_h250_r0_p90_y80_TPMC_N400000_S101,101,sample,2240,triangle_2240,body,0.18391475714726144,-0.019434577277129796,0.025088996509584172,0.019130482284033808,-0.611686148521407,0.790869192948257,1.2422563322778416e-05,-8.080992028387935e-14,7484.538922892781,-1319.726150268671,1.244543739038187e-09,3.211407559425943e-09,2.872343423109326e-10,-8.706161118084757e-11,-2.1048023974922454e-11,6.125512882414428e-10,-8.706161118084757e-11,-2.1048023974922454e-11,6.125512882414428e-10,1,False,250.0
b712773f15e0f684,20270301_h250_r0_p90_y80_TPMC_N400000_S101,101,sample,2241,triangle_2241,body,0.20278459080037406,0.010229780007178597,0.03002350538733795,0.02786757225379952,0.3237713504075366,0.945724860132142,1.2228956490387047e-05,-8.080992028387935e-14,7484.538922892781,-1319.726150268671,0.0,0.0,0.0,0.0,0.0,0.0,0.0,0.0,0.0,0,True,250.0
b712773f15e0f684,20270301_h250_r0_p90_y80_TPMC_N400000_S101,101,sample,2242,triangle_2242,body,0.21152418165424466,0.0051706179135873965,0.03130334351401488,0.024437118673673097,0.16454538447521,0.9860667541697338,1.1630069968100018e-05,-8.080992028387935e-14,7484.538922892781,-1319.726150268671,0.0,0.0,0.0,0.0,0.0,0.0,0.0,0.0,0.0,0,True,250.0
b712773f15e0f684,20270301_h250_r0_p90_y80_TPMC_N400000_S101,101,sample,2243,triangle_2243,body,0.20564482416226734,0.005043906053476005,0.03132546752025099,-0.02426887762828026,0.16001615117913606,0.9868160177766063,1.1421423178305153e-05,-8.080992028387935e-14,7484.538922892781,-1319.726150268671,0.0,0.0,0.0,0.0,0.0,0.0,0.0,0.0,0.0,0,True,250.0
b712773f15e0f684,20270301_h250_r0_p90_y80_TPMC_N400000_S101,101,sample,2244,triangle_2244,body,0.20548905040598764,-8.938147615403453e-05,0.03172927770522362,-0.02373098225138855,-0.004104638878197208,0.9997099541472334,1.1524165402931284e-05,-8.080992028387935e-14,7484.538922892781,-1319.726150268671,0.0,0.0,0.0,0.0,0.0,0.0,0.0,0.0,0.0,0,True,250.0
b712773f15e0f684,20270301_h250_r0_p90_y80_TPMC_N400000_S101,101,sample,2245,triangle_2245,body,0.19631267509564235,-0.019460861534171092,0.025058230485540605,-0.023878550389402294,-0.6130408533853126,0.7896902727727553,1.1944218694661773e-05,-8.080992028387935e-14,7484.538922892781,-1319.726150268671,1.4118465698753452e-09,4.8781009554930087e-08,-1.2968264448270137e-08,-9.434314566727127e-10,2.564576635062702e-09,9.55885472299696e-09,-9.434314566727127e-10,2.564576635062702e-09,9.55885472299696e-09,2,False,250.0
b712773f15e0f684,20270301_h250_r0_p90_y80_TPMC_N400000_S101,101,sample,2246,triangle_2246,body,0.1844172453062308,0.006410085876960057,0.03107233779689388,0.0022456982495002655,0.1786633969897946,0.9839076925278302,8.762648441669937e-06,-8.080992028387935e-14,7484.538922892781,-1319.726150268671,0.0,0.0,0.0,0.0,0.0,0.0,0.0,0.0,0.0,0,True,250.0
b712773f15e0f684,20270301_h250_r0_p90_y80_TPMC_N400000_S101,101,sample,2247,triangle_2247,body,0.20752642521521006,0.024572818985884273,0.020043616578354396,0.010521336342119393,0.7893380119805583,0.6138687191282479,1.105960268026947e-05,-8.080992028387935e-14,7484.538922892781,-1319.726150268671,0.0,0.0,0.0,0.0,0.0,0.0,0.0,0.0,0.0,0,True,250.0
b712773f15e0f684,20270301_h250_r0_p90_y80_TPMC_N400000_S101,101,sample,2248,triangle_2248,body,0.20113376916229098,0.0024953587505763372,0.03162930957075428,-0.02504738035352662,0.07968376782612573,0.9965054570259301,1.1376756955157966e-05,-8.080992028387935e-14,7484.538922892781,-1319.726150268671,0.0,0.0,0.0,0.0,0.0,0.0,0.0,0.0,0.0,0,True,250.0
b712773f15e0f684,20270301_h250_r0_p90_y80_TPMC_N400000_S101,101,sample,2249,triangle_2249,body,0.2070195898227322,0.012780370227628577,0.02903923780494647,0.025326950329863422,0.40174651879313283,0.9154006118768916,1.1329678912255198e-05,-8.080992028387935e-14,7484.538922892781,-1319.726150268671,0.0,0.0,0.0,0.0,0.0,0.0,0.0,0.0,0.0,0,True,250.0
b712773f15e0f684,20270301_h250_r0_p90_y80_TPMC_N400000_S101,101,sample,2250,triangle_2250,body,0.18765368636552285,0.023285235301915595,0.021512291113291494,-0.028436492045046606,0.7293004764995562,0.6836023558309994,1.5681845870263506e-05,-8.080992028387935e-14,7484.538922892781,-1319.726150268671,0.0,0.0,0.0,0.0,0.0,0.0,0.0,0.0,0.0,0,True,250.0
b712773f15e0f684,20270301_h250_r0_p90_y80_TPMC_N400000_S101,101,sample,2251,triangle_2251,body,0.1795130539081311,0.02081945044720124,0.023909377901648488,-2.6193065190985895e-05,0.677270050006583,0.7357345164378276,9.773160356082204e-06,-8.080992028387935e-14,7484.538922892781,-1319.726150268671,0.0,0.0,0.0,0.0,0.0,0.0,0.0,0.0,0.0,0,True,250.0
b712773f15e0f684,20270301_h250_r0_p90_y80_TPMC_N400000_S101,101,sample,2252,triangle_2252,body,0.20086710466269206,-0.021261832922873855,0.023579491554561172,-0.0155717583430811,-0.6659691580163503,0.7458167341331905,9.801224037723892e-06,-8.080992028387935e-14,7484.538922892781,-1319.726150268671,0.0,0.0,0.0,0.0,0.0,0.0,0.0,0.0,0.0,0,True,250.0
b712773f15e0f684,20270301_h250_r0_p90_y80_TPMC_N400000_S101,101,sample,2253,triangle_2253,body,0.18711026029582786,-0.019479342642504765,0.025053983230734895,-0.020836718699034584,-0.611233170796488,0.7911762395774588,1.1290175431587192e-05,-8.080992028387935e-14,7484.538922892781,-1319.726150268671,-1.0969626983416199e-09,6.037351818517619e-08,-9.146357857057244e-09,-1.3516662298777374e-09,1.6903582221053207e-09,1.1321428620893823e-08,-1.3516662298777374e-09,1.6903582221053207e-09,1.1321428620893823e-08,3,False,250.0
b712773f15e0f684,20270301_h250_r0_p90_y80_TPMC_N400000_S101,101,sample,2254,triangle_2254,body,0.1795130538883293,0.018065818740852366,0.026052615359974773,2.6182857678340107e-05,0.5469350214359995,0.8371750603316254,9.769470125808123e-06,-8.080992028387935e-14,7484.538922892781,-1319.726150268671,0.0,0.0,0.0,0.0,0.0,0.0,0.0,0.0,0.0,0,True,250.0
b712773f15e0f684,20270301_h250_r0_p90_y80_TPMC_N400000_S101,101,sample,2255,triangle_2255,body,0.20255500260906678,-0.00012382114213223535,0.03172922175741512,0.024274613245728324,-0.004356134577546886,0.9996958373642019,1.129482597136146e-05,-8.080992028387935e-14,7484.538922892781,-1319.726150268671,0.0,0.0,0.0,0.0,0.0,0.0,0.0,0.0,0.0,0,True,250.0
b712773f15e0f684,20270301_h250_r0_p90_y80_TPMC_N400000_S101,101,sample,2256,triangle_2256,body,0.1925403428573628,0.021559287547928727,0.023276283242549618,-0.02385169878662412,0.6804342939325765,0.7324208271925834,1.2126485758975958e-05,-8.080992028387935e-14,7484.538922892781,-1319.726150268671,0.0,0.0,0.0,0.0,0.0,0.0,0.0,0.0,0.0,0,True,250.0
b712773f15e0f684,20270301_h250_r0_p90_y80_TPMC_N400000_S101,101,sample,2257,triangle_2257,body,0.18130672623991625,-0.02505557894328977,0.019469801081991412,-0.019279490957463934,-0.7876823712084232,0.6157798172365646,1.3528370132705706e-05,-8.080992028387935e-14,7484.538922892781,-1319.726150268671,7.120189324961695e-09,1.3784768152994575e-07,-1.9263505459556416e-08,-2.1153628312102624e-09,3.619951230854467e-09,2.516937660371749e-08,-2.1153628312102624e-09,3.619951230854467e-09,2.516937660371749e-08,6,False,250.0
b712773f15e0f684,20270301_h250_r0_p90_y80_TPMC_N400000_S101,101,sample,2258,triangle_2258,body,0.18916031288678048,0.025244537162725404,0.019194345355592415,0.023919771115822844,0.7969723288065279,0.6035420048898555,1.5674475586950165e-05,-8.080992028387935e-14,7484.538922892781,-1319.726150268671,0.0,0.0,0.0,0.0,0.0,0.0,0.0,0.0,0.0,0,True,250.0
b712773f15e0f684,20270301_h250_r0_p90_y80_TPMC_N400000_S101,101,sample,2259,triangle_2259,body,0.2070153829024284,0.002512382775453142,0.03163219836546291,0.022735713975882577,0.07956944434148579,0.9965700130132323,1.1442689920983668e-05,-8.080992028387935e-14,7484.538922892781,-1319.726150268671,0.0,0.0,0.0,0.0,0.0,0.0,0.0,0.0,0.0,0,True,250.0
b712773f15e0f684,20270301_h250_r0_p90_y80_TPMC_N400000_S101,101,sample,2260,triangle_2260,body,0.20702762791017584,0.017293800754578086,0.026600285026032924,0.02505412927842273,0.5469541101423018,0.836787602683347,1.1210745184086703e-05,-8.080992028387935e-14,7484.538922892781,-1319.726150268671,0.0,0.0,0.0,0.0,0.0,0.0,0.0,0.0,0.0,0,True,250.0
b712773f15e0f684,20270301_h250_r0_p90_y80_TPMC_N400000_S101,101,sample,2261,triangle_2261,body,0.18789983738548036,0.019419186847796043,0.025114611007441594,-0.016842327703722446,0.6089678985526014,0.7930160367419747,1.0365694508984009e-05,-8.080992028387935e-14,7484.538922892781,-1319.726150268671,0.0,0.0,0.0,0.0,0.0,0.0,0.0,0.0,0.0,0,True,250.0
b712773f15e0f684,20270301_h250_r0_p90_y80_TPMC_N400000_S101,101,sample,2262,triangle_2262,body,0.19169903947782171,-0.02154106531900689,0.02329686858496977,-0.022683532528395254,-0.6799860681648332,0.732874071347707,1.2007912188985624e-05,-8.080992028387935e-14,7484.538922892781,-1319.726150268671,-1.4645284241322824e-09,3.7876185478265425e-08,-6.064435559699558e-09,-7.29966361974566e-10,1.1314573099293562e-09,7.242547239370998e-09,-7.29966361974566e-10,1.1314573099293562e-09,7.242547239370998e-09,2,False,250.0
b712773f15e0f684,20270301_h250_r0_p90_y80_TPMC_N400000_S101,101,sample,2263,triangle_2263,body,0.2056484870937558,0.010263039349629877,0.030012149042185216,-0.029042899082863186,0.32192568897819285,0.9463193756807362,1.1732650207722001e-05,-8.080992028387935e-14,7484.538922892781,-1319.726150268671,0.0,0.0,0.0,0.0,0.0,0.0,0.0,0.0,0.0,0,True,250.0
b712773f15e0f684,20270301_h250_r0_p90_y80_TPMC_N400000_S101,101,sample,2264,triangle_2264,body,0.20559378205771053,0.015072848395351496,0.027928612456290764,-0.022206595644385558,0.47423139234739853,0.8801201359031247,1.056335023500414e-05,-8.080992028387935e-14,7484.538922892781,-1319.726150268671,0.0,0.0,0.0,0.0,0.0,0.0,0.0,0.0,0.0,0,True,250.0
b712773f15e0f684,20270301_h250_r0_p90_y80_TPMC_N400000_S101,101,sample,2265,triangle_2265,body,0.18608179245530865,0.011210098111873327,0.02965952028332138,0.0025716524906098355,0.3281913962008452,0.9446077461376269,9.98568725237323e-06,-8.080992028387935e-14,7484.538922892781,-1319.726150268671,0.0,0.0,0.0,0.0,0.0,0.0,0.0,0.0,0.0,0,True,250.0
b712773f15e0f684,20270301_h250_r0_p90_y80_TPMC_N400000_S101,101,sample,2266,triangle_2266,body,0.2100084794161148,0.0025684724985323712,0.03162770050548167,-0.022765344839151158,0.08063434537914156,0.9964837386629207,1.1431368150210817e-05,-8.080992028387935e-14,7484.538922892781,-1319.726150268671,0.0,0.0,0.0,0.0,0.0,0.0,0.0,0.0,0.0,0,True,250.0
b712773f15e0f684,20270301_h250_r0_p90_y80_TPMC_N400000_S101,101,sample,2267,triangle_2267,body,0.18862111661259862,-0.02148650850742989,0.023346622046983654,0.022460703172069933,-0.679960022225554,0.7329050995784109,1.1907929830960315e-05,-8.080992028387935e-14,7484.538922892781,-1319.726150268671,0.0,0.0,0.0,0.0,0.0,0.0,0.0,0.0,0.0,0,True,250.0
b712773f15e0f684,20270301_h250_r0_p90_y80_TPMC_N400000_S101,101,sample,2268,triangle_2268,body,0.1842076641166758,0.009532463427598543,0.030240539799111527,-0.0025285488931096464,0.32622799306022005,0.9452877355516659,9.823132482568333e-06,-8.080992028387935e-14,7484.538922892781,-1319.726150268671,0.0,0.0,0.0,0.0,0.0,0.0,0.0,0.0,0.0,0,True,250.0
b712773f15e0f684,20270301_h250_r0_p90_y80_TPMC_N400000_S101,101,sample,2269,triangle_2269,body,0.20131691035307894,0.012843915999079332,0.02899750069829188,-0.030083237433971354,0.4053190207259356,0.9136801903638163,1.2123417238702785e-05,-8.080992028387935e-14,7484.538922892781,-1319.726150268671,0.0,0.0,0.0,0.0,0.0,0.0,0.0,0.0,0.0,0,True,250.0
b712773f15e0f684,20270301_h250_r0_p90_y80_TPMC_N400000_S101,101,sample,2270,triangle_2270,body,0.19414523384039095,0.023430101320696773,0.021384178742382798,0.025291125723965763,0.7376440960276817,0.6747159006241952,1.2731248809160207e-05,-8.080992028387935e-14,7484.538922892781,-1319.726150268671,0.0,0.0,0.0,0.0,0.0,0.0,0.0,0.0,0.0,0,True,250.0
b712773f15e0f684,20270301_h250_r0_p90_y80_TPMC_N400000_S101,101,sample,2271,triangle_2271,body,0.19783571067243777,-0.02125561298394939,0.023585208247947662,0.01548100379916861,-0.6658133279549705,0.7459577406521746,9.910013127466767e-06,-8.080992028387935e-14,7484.538922892781,-1319.726150268671,2.7344263820593208e-09,3.737638095569268e-08,-7.148279583231219e-09,-7.385437464957491e-10,1.4697071611027474e-09,7.438592446501429e-09,-7.385437464957491e-10,1.4697071611027474e-09,7.438592446501429e-09,2,False,250.0
b712773f15e0f684,20270301_h250_r0_p90_y80_TPMC_N400000_S101,101,sample,2272,triangle_2272,body,0.18840380710104002,0.015215853344866555,0.027839552846685,-0.029586689738948967,0.47168948655390286,0.8812682089266618,9.880563116985616e-06,-8.080992028387935e-14,7484.538922892781,-1319.726150268671,0.0,0.0,0.0,0.0,0.0,0.0,0.0,0.0,0.0,0,True,250.0
b712773f15e0f684,20270301_h250_r0_p90_y80_TPMC_N400000_S101,101,sample,2273,triangle_2273,body,0.202754998881439,0.015169653509253533,0.027875519004483443,0.02194957227962397,0.47404364958569545,0.8802277174482839,1.040688729631913e-05,-8.080992028387935e-14,7484.538922892781,-1319.726150268671,0.0,0.0,0.0,0.0,0.0,0.0,0.0,0.0,0.0,0,True,250.0
b712773f15e0f684,20270301_h250_r0_p90_y80_TPMC_N400000_S101,101,sample,2274,triangle_2274,body,0.17739421931440943,0.021488091367688606,0.023343075557479786,0.030243449405670846,0.6688159635694491,0.7428125878327025,9.439435885181355e-06,-8.080992028387935e-14,7484.538922892781,-1319.726150268671,0.0,0.0,0.0,0.0,0.0,0.0,0.0,0.0,0.0,0,True,250.0
b712773f15e0f684,20270301_h250_r0_p90_y80_TPMC_N400000_S101,101,sample,2275,triangle_2275,body,0.17739421929461083,0.017352925323828598,0.026561604317808168,0.03021158617438063,0.5558526724573177,0.8307316453481748,9.432159790206639e-06,-8.080992028387935e-14,7484.538922892781,-1319.726150268671,0.0,0.0,0.0,0.0,0.0,0.0,0.0,0.0,0.0,0,True,250.0
b712773f15e0f684,20270301_h250_r0_p90_y80_TPMC_N400000_S101,101,sample,2276,triangle_2276,body,0.18830455127241588,-0.025231597743893927,0.019204062019794244,0.026122005133192024,-0.7973607208438114,0.60293741109941,1.5395830705089654e-05,-8.080992028387935e-14,7484.538922892781,-1319.726150268671,5.314495224711759e-09,8.496678803095295e-08,-1.668129605846724e-08,-1.313170704016623e-09,3.2545773608275e-09,1.614899938191167e-08,-1.313170704016623e-09,3.2545773608275e-09,1.614899938191167e-08,4,False,250.0
b712773f15e0f684,20270301_h250_r0_p90_y80_TPMC_N400000_S101,101,sample,2277,triangle_2277,body,0.1883051638948837,0.010418134946075188,0.029969647254940793,-0.02867041924640516,0.3382774006691156,0.9406095934322496,9.688353876113955e-06,-8.080992028387935e-14,7484.538922892781,-1319.726150268671,0.0,0.0,0.0,0.0,0.0,0.0,0.0,0.0,0.0,0,True,250.0
b712773f15e0f684,20270301_h250_r0_p90_y80_TPMC_N400000_S101,101,sample,2278,triangle_2278,body,0.21021186526737412,0.025022419724916558,0.019503866686457438,-0.02659149031358275,0.7859662858744894,0.6176972479391203,1.1138064317073019e-05,-8.080992028387935e-14,7484.538922892781,-1319.726150268671,0.0,0.0,0.0,0.0,0.0,0.0,0.0,0.0,0.0,0,True,250.0
b712773f15e0f684,20270301_h250_r0_p90_y80_TPMC_N400000_S101,101,sample,2279,triangle_2279,body,0.20137059300938998,0.017477930073527614,0.02647848645934818,-0.024469317299853473,0.5559020563586439,0.8308875713639662,1.1045911943233702e-05,-8.080992028387935e-14,7484.538922892781,-1319.726150268671,0.0,0.0,0.0,0.0,0.0,0.0,0.0,0.0,0.0,0,True,250.0
b712773f15e0f684,20270301_h250_r0_p90_y80_TPMC_N400000_S101,101,sample,2280,triangle_2280,body,0.21021186508933418,0.021473404663700485,0.023359124768829512,-0.025330582118040953,0.67891203576611,0.7337825354295899,1.0834604076800934e-05,-8.080992028387935e-14,7484.538922892781,-1319.726150268671,0.0,0.0,0.0,0.0,0.0,0.0,0.0,0.0,0.0,0,True,250.0
b712773f15e0f684,20270301_h250_r0_p90_y80_TPMC_N400000_S101,101,sample,2281,triangle_2281,body,0.20703307214943215,-0.02491721535171809,0.019640485378228798,0.024468616348740573,-0.7880475606537142,0.6151278964261893,1.122586769866864e-05,-8.080992028387935e-14,7484.538922892781,-1319.726150268671,1.7493607963175463e-09,3.847671738304723e-08,-8.977102823365844e-09,-5.347614960796116e-10,1.8895340417045293e-09,7.98355160871986e-09,-5.347614960796116e-10,1.8895340417045293e-09,7.98355160871986e-09,2,False,250.0
b712773f15e0f684,20270301_h250_r0_p90_y80_TPMC_N400000_S101,101,sample,2282,triangle_2282,body,0.182255100210577,0.005484053627545623,0.0312684100328392,0.018792721986083196,0.18717574446089152,0.9821466663823,9.263097794850996e-06,-8.080992028387935e-14,7484.538922892781,-1319.726150268671,0.0,0.0,0.0,0.0,0.0,0.0,0.0,0.0,0.0,0,True,250.0
b712773f15e0f684,20270301_h250_r0_p90_y80_TPMC_N400000_S101,101,sample,2283,triangle_2283,body,0.1933111258451021,-0.023419329614029493,0.021389653287700757,0.026223736550754863,-0.7379012579290973,0.6743990281635736,1.3284466426867432e-05,-8.080992028387935e-14,7484.538922892781,-1319.726150268671,5.045661742424472e-11,1.5043172924652168e-08,-2.2212186783861895e-09,-2.820063334217479e-10,4.301066566722096e-10,2.9064854305015528e-09,-2.820063334217479e-10,4.301066566722096e-10,2.9064854305015528e-09,1,False,250.0
b712773f15e0f684,20270301_h250_r0_p90_y80_TPMC_N400000_S101,101,sample,2284,triangle_2284,body,0.18946860341198868,0.021407321490267587,0.023413670665942615,0.02196586813511438,0.6800508031269735,0.7328358655274925,1.2187530928180549e-05,-8.080992028387935e-14,7484.538922892781,-1319.726150268671,0.0,0.0,0.0,0.0,0.0,0.0,0.0,0.0,0.0,0,True,250.0
b712773f15e0f684,20270301_h250_r0_p90_y80_TPMC_N400000_S101,101,sample,2285,triangle_2285,body,0.18200359349852993,0.010393892764421257,0.029978020688848195,0.028279607343423278,0.31631821537478655,0.9482315384074776,9.738516414190143e-06,-8.080992028387935e-14,7484.538922892781,-1319.726150268671,0.0,0.0,0.0,0.0,0.0,0.0,0.0,0.0,0.0,0,True,250.0
b712773f15e0f684,20270301_h250_r0_p90_y80_TPMC_N400000_S101,101,sample,2286,triangle_2286,body,0.1985500165829531,0.02149256222760501,0.02336418041427456,0.01825810118157575,0.6763669305431133,0.736338520660797,1.0026725212151914e-05,-8.080992028387935e-14,7484.538922892781,-1319.726150268671,0.0,0.0,0.0,0.0,0.0,0.0,0.0,0.0,0.0,0,True,250.0
b712773f15e0f684,20270301_h250_r0_p90_y80_TPMC_N400000_S101,101,sample,2287,triangle_2287,body,0.20154745688687478,-0.025006861624814497,0.019377582964517224,-0.05580644414706587,-0.8020266554111823,0.5946754449290917,1.6210087139115435e-05,-8.080992028387935e-14,7484.538922892781,-1319.726150268671,2.53822448743851e-09,9.293575519670093e-08,-1.5281736617942394e-08,-1.5467072592257624e-09,3.1257047330852826e-09,1.8746692604209264e-08,-1.5467072592257624e-09,3.1257047330852826e-09,1.8746692604209264e-08,5,False,250.0
b712773f15e0f684,20270301_h250_r0_p90_y80_TPMC_N400000_S101,101,sample,2288,triangle_2288,body,0.19714807055120645,0.02330800484250874,0.02151581268218185,-0.025956744489891242,0.7388412270121488,0.6733794537128891,1.1959936859988545e-05,-8.080992028387935e-14,7484.538922892781,-1319.726150268671,0.0,0.0,0.0,0.0,0.0,0.0,0.0,0.0,0.0,0,True,250.0
b712773f15e0f684,20270301_h250_r0_p90_y80_TPMC_N400000_S101,101,sample,2289,triangle_2289,body,0.17653029368317238,0.026559012174426053,0.01735681090294071,-0.023651303174579745,0.8369323065981908,0.5467951444831747,1.2059133510989022e-05,-8.080992028387935e-14,7484.538922892781,-1319.726150268671,0.0,0.0,0.0,0.0,0.0,0.0,0.0,0.0,0.0,0,True,250.0
b712773f15e0f684,20270301_h250_r0_p90_y80_TPMC_N400000_S101,101,sample,2290,triangle_2290,body,0.17804599662833223,0.025035263805178235,0.01949095333342864,0.023652705293207687,0.7886784620719414,0.6143507410235216,1.1973510043428952e-05,-8.080992028387935e-14,7484.538922892781,-1319.726150268671,0.0,0.0,0.0,0.0,0.0,0.0,0.0,0.0,0.0,0,True,250.0
b712773f15e0f684,20270301_h250_r0_p90_y80_TPMC_N400000_S101,101,sample,2291,triangle_2291,body,0.17802993840706471,-0.025012911620625772,0.019524993813059333,0.022669506756352577,-0.7876485642451317,0.615707587013516,1.1633058118806864e-05,-8.080992028387935e-14,7484.538922892781,-1319.726150268671,0.0,0.0,0.0,0.0,0.0,0.0,0.0,0.0,0.0,0,True,250.0
b712773f15e0f684,20270301_h250_r0_p90_y80_TPMC_N400000_S101,101,sample,2292,triangle_2292,body,0.17651423546190484,-0.026536659989869798,0.0173908513825687,-0.023839873401462295,-0.8369285569523008,0.5467926947152292,1.1932643788533687e-05,-8.080992028387935e-14,7484.538922892781,-1319.726150268671,4.4701735326133364e-11,3.2429986941430086e-08,-5.5587704712169486e-09,-4.3185635410724696e-10,9.800115085430993e-10,5.71310618123212e-09,-4.3185635410724696e-10,9.800115085430993e-10,5.71310618123212e-09,3,False,250.0
b712773f15e0f684,20270301_h250_r0_p90_y80_TPMC_N400000_S101,101,sample,2293,triangle_2293,body,0.18914315211429591,0.03072953332756632,0.006449774847792959,0.07872882881275052,0.9721735799652427,0.2206361301585401,4.4068955130475185e-05,-8.080992028387935e-14,7484.538922892781,-1319.726150268671,0.0,0.0,0.0,0.0,0.0,0.0,0.0,0.0,0.0,0,True,250.0
b712773f15e0f684,20270301_h250_r0_p90_y80_TPMC_N400000_S101,101,sample,2294,triangle_2294,body,0.1963835818572195,-0.023182754625378846,0.02163978283225119,-0.023316081499434035,-0.7391321323600064,0.6731567805916105,1.2700859243196193e-05,-8.080992028387935e-14,7484.538922892781,-1319.726150268671,-1.2320800514001485e-09,1.8364077635049403e-08,-4.987068987399446e-09,-3.049832906254084e-10,9.468224357037889e-10,3.5618686224598874e-09,-3.049832906254084e-10,9.468224357037889e-10,3.5618686224598874e-09,1,False,250.0
b712773f15e0f684,20270301_h250_r0_p90_y80_TPMC_N400000_S101,101,sample,2295,triangle_2295,body,0.202478019661165,-0.0230198498186588,0.02185014988587182,0.017771388414650577,-0.7294045718652352,0.6838517005140139,1.1004312289896154e-05,-8.080992028387935e-14,7484.538922892781,-1319.726150268671,-1.499180917045328e-09,3.2140540100000957e-08,-1.0932640196346969e-08,-4.1800372102387634e-10,2.1885996401477813e-09,6.477430834585711e-09,-4.1800372102387634e-10,2.1885996401477813e-09,6.477430834585711e-09,2,False,250.0
b712773f15e0f684,20270301_h250_r0_p90_y80_TPMC_N400000_S101,101,sample,2296,triangle_2296,body,0.19912897057843637,-0.028174290454174866,0.014649084144690119,0.005617264781123325,-0.8933989696824164,0.44922903658020097,1.1253503725860315e-05,-8.080992028387935e-14,7484.538922892781,-1319.726150268671,3.021526641053165e-09,6.123178031615808e-08,-1.2360030150608729e-08,-5.751213872390191e-10,2.5027145981018142e-09,1.227779927735591e-08,-5.751213872390191e-10,2.5027145981018142e-09,1.227779927735591e-08,3,False,250.0
b712773f15e0f684,20270301_h250_r0_p90_y80_TPMC_N400000_S101,101,sample,2297,triangle_2297,body,0.1916903243327938,-0.02525516219215665,0.019173255299767118,-0.027688215600776143,-0.7960664153172681,0.604575574366646,1.4581056705867718e-05,-8.080992028387935e-14,7484.538922892781,-1319.726150268671,5.470941605986276e-10,1.9732487176168103e-08,-1.062879549377977e-09,-3.6574269920624343e-10,2.1492582379169203e-10,3.801865760936374e-09,-3.6574269920624343e-10,2.1492582379169203e-10,3.801865760936374e-09,1,False,250.0
b712773f15e0f684,20270301_h250_r0_p90_y80_TPMC_N400000_S101,101,sample,2298,triangle_2298,body,0.19994913711921483,0.028551086118820002,0.013814538934325197,0.019918971359832283,0.8988783084874504,0.437745383882807,1.728845561535935e-05,-8.080992028387935e-14,7484.538922892781,-1319.726150268671,0.0,0.0,0.0,0.0,0.0,0.0,0.0,0.0,0.0,0,True,250.0
b712773f15e0f684,20270301_h250_r0_p90_y80_TPMC_N400000_S101,101,sample,2299,triangle_2299,body,0.20550615192004143,-0.02322837308357478,0.02163054104718884,-0.02010571267705273,-0.7309619105123324,0.6821220167227481,1.052678859715458e-05,-8.080992028387935e-14,7484.538922892781,-1319.726150268671,6.159889050360987e-10,3.578341628613271e-08,-7.449632381195724e-09,-6.038949966861428e-10,1.5461968219274109e-09,7.3752089922147435e-09,-6.038949966861428e-10,1.5461968219274109e-09,7.3752089922147435e-09,2,False,250.0
b712773f15e0f684,20270301_h250_r0_p90_y80_TPMC_N400000_S101,101,sample,2300,triangle_2300,body,0.19258012091627444,0.02523743712384544,0.01920362040807672,-0.027013584621063416,0.7961769216389557,0.6044605658729415,1.3862042576047738e-05,-8.080992028387935e-14,7484.538922892781,-1319.726150268671,0.0,0.0,0.0,0.0,0.0,0.0,0.0,0.0,0.0,0,True,250.0
b712773f15e0f684,20270301_h250_r0_p90_y80_TPMC_N400000_S101,101,sample,2301,triangle_2301,body,0.2058252859556876,-0.026313508369566804,0.017740546787316052,-0.022980141644195623,-0.827029128755284,0.5616891785322986,9.52845113004528e-06,-8.080992028387935e-14,7484.538922892781,-1319.726150268671,0.0,0.0,0.0,0.0,0.0,0.0,0.0,0.0,0.0,0,True,250.0
b712773f15e0f684,20270301_h250_r0_p90_y80_TPMC_N400000_S101,101,sample,2302,triangle_2302,body,0.21148429715828163,-0.02905528198129073,0.01274482781472863,0.023879381930723923,-0.9155121971453355,0.401580866073979,1.1944217805636692e-05,-8.080992028387935e-14,7484.538922892781,-1319.726150268671,-1.5519844131131015e-09,5.629047446269571e-08,-1.133350852112285e-08,-4.1368984152874843e-10,2.3684089256799435e-09,1.1833045347677445e-08,-4.1368984152874843e-10,2.3684089256799435e-09,1.1833045347677445e-08,3,False,250.0
b712773f15e0f684,20270301_h250_r0_p90_y80_TPMC_N400000_S101,101,sample,2303,triangle_2303,body,0.2099724980103583,-0.02789452939874187,0.015114499321977929,-0.024360474477061612,-0.8788157428843844,0.4765390407320474,1.2041399768931551e-05,-8.080992028387935e-14,7484.538922892781,-1319.726150268671,-5.09875008573716e-09,5.039642935426131e-08,-1.3266533101143657e-08,-4.0277758900622495e-10,2.7243413795692714e-09,1.0498720091559512e-08,-4.0277758900622495e-10,2.7243413795692714e-09,1.0498720091559512e-08,2,False,250.0
b712773f15e0f684,20270301_h250_r0_p90_y80_TPMC_N400000_S101,101,sample,2304,triangle_2304,body,0.2099716317693264,0.027903583960101713,0.01510066385843166,-0.023903320560545935,0.8792422092285715,0.4757749139845866,1.1932256927181889e-05,-8.080992028387935e-14,7484.538922892781,-1319.726150268671,0.0,0.0,0.0,0.0,0.0,0.0,0.0,0.0,0.0,0,True,250.0
b712773f15e0f684,20270301_h250_r0_p90_y80_TPMC_N400000_S101,101,sample,2305,triangle_2305,body,0.21148733460478233,0.029055281986673533,0.012744827802457065,0.02392730453209059,0.9155111478176403,0.4015804057962181,1.1920295429096018e-05,-8.080992028387935e-14,7484.538922892781,-1319.726150268671,0.0,0.0,0.0,0.0,0.0,0.0,0.0,0.0,0.0,0,True,250.0
b712773f15e0f684,20270301_h250_r0_p90_y80_TPMC_N400000_S101,101,sample,2306,triangle_2306,body,0.17650894608965673,-0.03075673546682488,0.007788662940545549,-0.02398624789970424,-0.9691213604304464,0.24541485013978825,1.1891002981386326e-05,-8.080992028387935e-14,7484.538922892781,-1319.726150268671,2.7513025111613984e-09,6.929587076716423e-08,-1.3889805047074089e-08,-1.6720899019787717e-10,2.477444061203525e-09,1.2314788692786428e-08,-1.6720899019787717e-10,2.477444061203525e-09,1.2314788692786428e-08,3,False,250.0
b712773f15e0f684,20270301_h250_r0_p90_y80_TPMC_N400000_S101,101,sample,2307,triangle_2307,body,0.2014027200423597,0.02120638720380268,0.023618566599045047,-0.014902385535512808,0.6766897508271054,0.7361174498888755,9.39818824492137e-06,-8.080992028387935e-14,7484.538922892781,-1319.726150268671,0.0,0.0,0.0,0.0,0.0,0.0,0.0,0.0,0.0,0,True,250.0
b712773f15e0f684,20270301_h250_r0_p90_y80_TPMC_N400000_S101,101,sample,2308,triangle_2308,body,0.18307218326285635,-0.02667857860593365,0.01714778384850105,0.023065259211509644,-0.8441206826188973,0.5356568556384886,1.5032274911025662e-05,-8.080992028387935e-14,7484.538922892781,-1319.726150268671,2.633496112467362e-10,3.475203865691419e-08,-6.804070295852652e-09,-3.647308897898506e-10,1.2548256947554393e-09,6.382160357353437e-09,-3.647308897898506e-10,1.2548256947554393e-09,6.382160357353437e-09,2,False,250.0
b712773f15e0f684,20270301_h250_r0_p90_y80_TPMC_N400000_S101,101,sample,2309,triangle_2309,body,0.193390417388671,-0.02670644014963067,0.01715689704141602,0.014258419458399726,-0.8365918602746215,0.547641083919748,1.2045112552587471e-05,-8.080992028387935e-14,7484.538922892781,-1319.726150268671,2.3945746815341116e-09,3.847267333946046e-08,-1.0082721125529256e-08,-4.3865408480142726e-10,2.0075179081348422e-09,7.55664430661409e-09,-4.3865408480142726e-10,2.0075179081348422e-09,7.55664430661409e-09,2,False,250.0
b712773f15e0f684,20270301_h250_r0_p90_y80_TPMC_N400000_S101,101,sample,2310,triangle_2310,body,0.19417831226472626,0.026962969678452752,0.01664451307396604,0.03438869644603294,0.8516263021228065,0.5230201325851396,1.6114142574588344e-05,-8.080992028387935e-14,7484.538922892781,-1319.726150268671,0.0,0.0,0.0,0.0,0.0,0.0,0.0,0.0,0.0,0,True,250.0
b712773f15e0f684,20270301_h250_r0_p90_y80_TPMC_N400000_S101,101,sample,2311,triangle_2311,body,0.21172756810284288,0.023327639552162927,0.021504889877128553,0.028423013625632446,0.7354266702186747,0.6770079357197446,1.0028360099924986e-05,-8.080992028387935e-14,7484.538922892781,-1319.726150268671,0.0,0.0,0.0,0.0,0.0,0.0,0.0,0.0,0.0,0,True,250.0
b712773f15e0f684,20270301_h250_r0_p90_y80_TPMC_N400000_S101,101,sample,2312,triangle_2312,body,0.18729413905650794,0.026594499736470267,0.01734767909188146,-0.009674469340950738,0.831915843864793,0.55481747752725,1.1202589710379533e-05,-8.080992028387935e-14,7484.538922892781,-1319.726150268671,0.0,0.0,0.0,0.0,0.0,0.0,0.0,0.0,0.0,0,True,250.0
b712773f15e0f684,20270301_h250_r0_p90_y80_TPMC_N400000_S101,101,sample,2313,triangle_2313,body,0.2047752589096594,-0.02863537135580252,0.01372502137030783,-0.0019733532113986756,-0.8934673307108507,0.44912385243886815,1.3306955544454552e-05,-8.080992028387935e-14,7484.538922892781,-1319.726150268671,4.549410907909556e-09,5.747525628498325e-08,-1.6736003400518973e-08,-3.383571831101561e-10,3.5015486214227223e-09,1.192109039586051e-08,-3.383571831101561e-10,3.5015486214227223e-09,1.192109039586051e-08,4,False,250.0
b712773f15e0f684,20270301_h250_r0_p90_y80_TPMC_N400000_S101,101,sample,2314,triangle_2314,body,0.18152734020659436,0.027761215409449928,0.015354843136717344,-0.016634090029481206,0.8791933140639152,0.47617478256854506,1.5447740884065252e-05,-8.080992028387935e-14,7484.538922892781,-1319.726150268671,0.0,0.0,0.0,0.0,0.0,0.0,0.0,0.0,0.0,0,True,250.0
b712773f15e0f684,20270301_h250_r0_p90_y80_TPMC_N400000_S101,101,sample,2315,triangle_2315,body,0.2055957733358674,0.019143096746520618,0.025328251439436688,-0.01570944952772256,0.5971492713798623,0.8019762844910286,9.335305101480692e-06,-8.080992028387935e-14,7484.538922892781,-1319.726150268671,0.0,0.0,0.0,0.0,0.0,0.0,0.0,0.0,0.0,0,True,250.0
b712773f15e0f684,20270301_h250_r0_p90_y80_TPMC_N400000_S101,101,sample,2316,triangle_2316,body,0.20598140904672443,-0.029724412583257528,0.011038845332904878,0.0027441917467877705,-0.9458136839922531,0.32469823618963384,1.947058347916641e-05,-8.080992028387935e-14,7484.538922892781,-1319.726150268671,-1.2713246726707694e-10,6.82477489114848e-08,-1.0443080022533074e-08,-4.253876324514215e-10,2.137432918208513e-09,1.393492960637567e-08,-4.253876324514215e-10,2.137432918208513e-09,1.393492960637567e-08,3,False,250.0
b712773f15e0f684,20270301_h250_r0_p90_y80_TPMC_N400000_S101,101,sample,2317,triangle_2317,body,0.20305123472821865,0.02252369714818535,0.022372786714118464,0.010193803445969818,0.698957475381999,0.7150905774647901,1.0101332662255895e-05,-8.080992028387935e-14,7484.538922892781,-1319.726150268671,0.0,0.0,0.0,0.0,0.0,0.0,0.0,0.0,0.0,0,True,250.0
b712773f15e0f684,20270301_h250_r0_p90_y80_TPMC_N400000_S101,101,sample,2318,triangle_2318,body,0.17651570279394568,0.029055281986686828,0.012744827802528794,-0.023879382681833646,0.9155121971292716,0.4015808660659376,1.194421742881856e-05,-8.080992028387935e-14,7484.538922892781,-1319.726150268671,0.0,0.0,0.0,0.0,0.0,0.0,0.0,0.0,0.0,0,True,250.0
b712773f15e0f684,20270301_h250_r0_p90_y80_TPMC_N400000_S101,101,sample,2319,triangle_2319,body,0.17648871533358357,-0.029038120115018207,0.012783740537169753,-0.024254756214766228,-0.9155039215074645,0.4015772360398638,1.1731653751463192e-05,-8.080992028387935e-14,7484.538922892781,-1319.726150268671,0.0,0.0,0.0,0.0,0.0,0.0,0.0,0.0,0.0,0,True,250.0
b712773f15e0f684,20270301_h250_r0_p90_y80_TPMC_N400000_S101,101,sample,2320,triangle_2320,body,0.18053188219993319,0.007866415153503122,0.030728614137941757,-0.04411447828871682,0.24729867518207874,0.967934542238525,7.571030323015443e-06,-8.080992028387935e-14,7484.538922892781,-1319.726150268671,0.0,0.0,0.0,0.0,0.0,0.0,0.0,0.0,0.0,0,True,250.0
b712773f15e0f684,20270301_h250_r0_p90_y80_TPMC_N400000_S101,101,sample,2321,triangle_2321,body,0.1898813228855809,0.012837640860593654,0.02901351312893601,0.03839352915098377,0.40316213627697445,0.9143228252602681,7.551355507342529e-06,-8.080992028387935e-14,7484.538922892781,-1319.726150268671,0.0,0.0,0.0,0.0,0.0,0.0,0.0,0.0,0.0,0,True,250.0
b712773f15e0f684,20270301_h250_r0_p90_y80_TPMC_N400000_S101,101,sample,2322,triangle_2322,body,0.1758785163692608,0.019487068143115127,0.02503785574509637,-0.04117585600643805,0.6136917956909677,0.7884712605946601,6.9268883450765405e-06,-8.080992028387935e-14,7484.538922892781,-1319.726150268671,0.0,0.0,0.0,0.0,0.0,0.0,0.0,0.0,0.0,0,True,250.0
b712773f15e0f684,20270301_h250_r0_p90_y80_TPMC_N400000_S101,101,sample,2323,triangle_2323,body,0.19204572936676248,0.028366316126422333,0.014195579783361183,-0.017984845921454284,0.8880239497312228,0.45944532865286636,1.6078048847052113e-05,-8.080992028387935e-14,7484.538922892781,-1319.726150268671,0.0,0.0,0.0,0.0,0.0,0.0,0.0,0.0,0.0,0,True,250.0
b712773f15e0f684,20270301_h250_r0_p90_y80_TPMC_N400000_S101,101,sample,2324,triangle_2324,body,0.2023216795998085,-0.028091253790814886,0.014796024517995922,-0.002202211773178056,-0.8933620471611367,0.44933217440482637,7.23122921161732e-06,-8.080992028387935e-14,7484.538922892781,-1319.726150268671,-8.064539037550081e-10,7.311408157848771e-08,-1.8844575153572898e-08,-5.727594581910562e-10,3.812313137369399e-09,1.481494242906595e-08,-5.727594581910562e-10,3.812313137369399e-09,1.481494242906595e-08,4,False,250.0
b712773f15e0f684,20270301_h250_r0_p90_y80_TPMC_N400000_S101,101,sample,2325,triangle_2325,body,0.18653369958778554,-0.026834910576662444,0.01690348940542574,-0.024646181447092654,-0.8441478704600135,0.5355435916318124,1.4455394613796316e-05,-8.080992028387935e-14,7484.538922892781,-1319.726150268671,1.458502718024944e-09,2.7063886339446055e-08,-6.341239664691159e-09,-3.000167540038313e-10,1.2015414553033339e-09,5.0590748534430085e-09,-3.000167540038313e-10,1.2015414553033339e-09,5.0590748534430085e-09,1,False,250.0
b712773f15e0f684,20270301_h250_r0_p90_y80_TPMC_N400000_S101,101,sample,2326,triangle_2326,body,0.20277752161135307,0.01923042095156811,0.025259546324559266,0.014050634472154998,0.5972545152923817,0.80192868986824,9.06732556550885e-06,-8.080992028387935e-14,7484.538922892781,-1319.726150268671,0.0,0.0,0.0,0.0,0.0,0.0,0.0,0.0,0.0,0,True,250.0
b712773f15e0f684,20270301_h250_r0_p90_y80_TPMC_N400000_S101,101,sample,2327,triangle_2327,body,0.17633949338641275,0.030699959117773595,0.008003388820312176,-0.025283155267535516,0.9690903797240417,0.24540700476153948,1.0555996107365295e-05,-8.080992028387935e-14,7484.538922892781,-1319.726150268671,0.0,0.0,0.0,0.0,0.0,0.0,0.0,0.0,0.0,0,True,250.0
b712773f15e0f684,20270301_h250_r0_p90_y80_TPMC_N400000_S101,101,sample,2328,triangle_2328,body,0.20634314797888467,0.029887340956616756,0.010636473363559351,0.014293545381040381,0.945728674718314,0.3246428320107831,1.6663164511082416e-05,-8.080992028387935e-14,7484.538922892781,-1319.726150268671,0.0,0.0,0.0,0.0,0.0,0.0,0.0,0.0,0.0,0,True,250.0
b712773f15e0f684,20270301_h250_r0_p90_y80_TPMC_N400000_S101,101,sample,2329,triangle_2329,body,0.20336780295200665,-0.02661167790757919,0.017258035534921494,0.002840638860258693,-0.8252977373021795,0.5646906901789407,9.150149630066859e-06,-8.080992028387935e-14,7484.538922892781,-1319.726150268671,-1.3755484466465411e-09,1.599423503644561e-08,-3.1338324374149314e-09,-1.7582593512902336e-10,6.086018336915222e-10,3.183315656739447e-09,-1.7582593512902336e-10,6.086018336915222e-10,3.183315656739447e-09,1,False,250.0
b712773f15e0f684,20270301_h250_r0_p90_y80_TPMC_N400000_S101,101,sample,2330,triangle_2330,body,0.18300868230546619,0.029202280041409096,0.012004620517247369,0.058373229904516405,0.9310044241426589,0.36031004462450156,2.4672686549419383e-05,-8.080992028387935e-14,7484.538922892781,-1319.726150268671,0.0,0.0,0.0,0.0,0.0,0.0,0.0,0.0,0.0,0,True,250.0
b712773f15e0f684,20270301_h250_r0_p90_y80_TPMC_N400000_S101,101,sample,2331,triangle_2331,body,0.1915143563594001,-0.02828954480851648,0.014207192066290715,-0.02467356068847212,-0.901566191545631,0.43193705289643625,1.9184951534451575e-05,-8.080992028387935e-14,7484.538922892781,-1319.726150268671,1.1897234649771592e-09,4.21071005053782e-08,-1.0795143656134845e-08,-3.0567645159265777e-10,2.088428286458986e-09,8.082483421980114e-09,-3.0567645159265777e-10,2.088428286458986e-09,8.082483421980114e-09,3,False,250.0
b712773f15e0f684,20270301_h250_r0_p90_y80_TPMC_N400000_S101,101,sample,2332,triangle_2332,body,0.17804599647707406,0.027901319989041256,0.015104127647581565,0.023877420810266465,0.8792246345007971,0.4758086914531816,1.2029842966542524e-05,-8.080992028387935e-14,7484.538922892781,-1319.726150268671,0.0,0.0,0.0,0.0,0.0,0.0,0.0,0.0,0.0,0,True,250.0
b712773f15e0f684,20270301_h250_r0_p90_y80_TPMC_N400000_S101,101,sample,2333,triangle_2333,body,0.17800295079544437,-0.027861805932789776,0.015177080861899686,0.024119922778644783,-0.8774173966753442,0.4791210090745489,1.1842858230737199e-05,-8.080992028387935e-14,7484.538922892781,-1319.726150268671,8.378379845826259e-11,3.442724465482097e-08,-1.0199127713562938e-08,-2.436004042299468e-10,1.8165303027683614e-09,6.152117995166409e-09,-2.436004042299468e-10,1.8165303027683614e-09,6.152117995166409e-09,2,False,250.0
b712773f15e0f684,20270301_h250_r0_p90_y80_TPMC_N400000_S101,101,sample,2334,triangle_2334,body,0.21148429720040804,0.030756735466800883,0.007788662940538681,0.023879382954607783,0.9691238404578503,0.24541547817106876,1.1944217563977918e-05,-8.080992028387935e-14,7484.538922892781,-1319.726150268671,0.0,0.0,0.0,0.0,0.0,0.0,0.0,0.0,0.0,0,True,250.0
b712773f15e0f684,20270301_h250_r0_p90_y80_TPMC_N400000_S101,101,sample,2335,triangle_2335,body,0.21148429720040804,-0.03075673546680105,0.007788662940538017,0.023879382954608504,-0.9691238404578554,0.24541547817104836,1.1944217563977977e-05,-8.080992028387935e-14,7484.538922892781,-1319.726150268671,0.0,0.0,0.0,0.0,0.0,0.0,0.0,0.0,0.0,0,True,250.0
b712773f15e0f684,20270301_h250_r0_p90_y80_TPMC_N400000_S101,101,sample,2336,triangle_2336,body,0.18128411076354442,-0.027961057226189624,0.014989206058899954,-0.01861569210483624,-0.8772222890169113,0.4797233699324938,1.4070946471565192e-05,-8.080992028387935e-14,7484.538922892781,-1319.726150268671,-1.5385426501143819e-09,5.659815426969909e-08,-1.6277443240009386e-08,-3.598551504435824e-10,2.939474543598086e-09,1.0251059502557415e-08,-3.598551504435824e-10,2.939474543598086e-09,1.0251059502557415e-08,3,False,250.0
b712773f15e0f684,20270301_h250_r0_p90_y80_TPMC_N400000_S101,101,sample,2337,triangle_2337,body,0.17799766142321025,-0.029991341097226638,0.010340844426086826,0.025314449261949923,-0.9447677555716109,0.3267614828751164,1.209955060677784e-05,-8.080992028387935e-14,7484.538922892781,-1319.726150268671,-4.737177406511743e-10,6.402815864477277e-08,-1.3804940848160137e-08,-1.7780850555324015e-10,2.4563820327909127e-09,1.138434046994643e-08,-1.7780850555324015e-10,2.4563820327909127e-09,1.138434046994643e-08,3,False,250.0
b712773f15e0f684,20270301_h250_r0_p90_y80_TPMC_N400000_S101,101,sample,2338,triangle_2338,body,0.18804341161889263,-0.028441579683810975,0.013922977710273307,0.03675576332949056,-0.9033628955565228,0.42729906715765426,1.716959961590115e-05,-8.080992028387935e-14,7484.538922892781,-1319.726150268671,1.6813457316280585e-09,3.734802539255323e-08,-3.116126930433928e-09,-4.1201977645093473e-10,6.100160714874556e-10,7.103946733121848e-09,-4.1201977645093473e-10,6.100160714874556e-10,7.103946733121848e-09,2,False,250.0
b712773f15e0f684,20270301_h250_r0_p90_y80_TPMC_N400000_S101,101,sample,2339,triangle_2339,body,0.17785519618032844,0.02995172661986212,0.010516657571159604,0.019102839045131142,0.942925815659017,0.3324544896736896,9.73786807782065e-06,-8.080992028387935e-14,7484.538922892781,-1319.726150268671,0.0,0.0,0.0,0.0,0.0,0.0,0.0,0.0,0.0,0,True,250.0
b712773f15e0f684,20270301_h250_r0_p90_y80_TPMC_N400000_S101,101,sample,2340,triangle_2340,body,0.18086683196232864,0.030238829254175717,0.009525734796742397,0.0197959198261028,0.9429396623901338,0.33237466005972655,1.180770852715792e-05,-8.080992028387935e-14,7484.538922892781,-1319.726150268671,0.0,0.0,0.0,0.0,0.0,0.0,0.0,0.0,0.0,0,True,250.0
b712773f15e0f684,20270301_h250_r0_p90_y80_TPMC_N400000_S101,101,sample,2341,triangle_2341,body,0.18629116251049768,0.029311850606248052,0.011745532526700714,-0.07179965980772025,0.9227956358739837,0.3785406494201457,2.1238967609732023e-05,-8.080992028387935e-14,7484.538922892781,-1319.726150268671,0.0,0.0,0.0,0.0,0.0,0.0,0.0,0.0,0.0,0,True,250.0
b712773f15e0f684,20270301_h250_r0_p90_y80_TPMC_N400000_S101,101,sample,2342,triangle_2342,body,0.20725064507367127,-0.02775870915350076,0.015357779248313627,0.027657577031422326,-0.8787950994219124,0.4763971364993519,9.615519844213956e-06,-8.080992028387935e-14,7484.538922892781,-1319.726150268671,0.0,0.0,0.0,0.0,0.0,0.0,0.0,0.0,0.0,0,True,250.0
b712773f15e0f684,20270301_h250_r0_p90_y80_TPMC_N400000_S101,101,sample,2343,triangle_2343,body,0.20996859435865964,-0.03000850296350463,0.010301931703661374,-0.023879382805506427,-0.9455475427508756,0.3246068691118676,1.1944217776027983e-05,-8.080992028387935e-14,7484.538922892781,-1319.726150268671,1.6431195061982302e-09,1.5805712718080483e-08,-3.6049270603952062e-09,-3.80302006554838e-11,7.70356217141448e-10,3.3602735065810997e-09,-3.80302006554838e-11,7.70356217141448e-10,3.3602735065810997e-09,1,False,250.0
b712773f15e0f684,20270301_h250_r0_p90_y80_TPMC_N400000_S101,101,sample,2344,triangle_2344,body,0.20997163180516032,0.030008502968887473,0.010301931691389854,-0.023903319709297842,0.9455335350110242,0.3246459078387272,1.1932256503280603e-05,-8.080992028387935e-14,7484.538922892781,-1319.726150268671,0.0,0.0,0.0,0.0,0.0,0.0,0.0,0.0,0.0,0,True,250.0
b712773f15e0f684,20270301_h250_r0_p90_y80_TPMC_N400000_S101,101,sample,2345,triangle_2345,body,0.18858136418803814,0.027990746145559884,0.014908020853760902,0.014684395005094919,0.8922054706803321,0.45139092440081385,1.4017443591722594e-05,-8.080992028387935e-14,7484.538922892781,-1319.726150268671,0.0,0.0,0.0,0.0,0.0,0.0,0.0,0.0,0.0,0,True,250.0
b712773f15e0f684,20270301_h250_r0_p90_y80_TPMC_N400000_S101,101,sample,2346,triangle_2346,body,0.20515096386705947,0.03147564284048234,0.0026021460781070894,-7.253635743231824e-16,0.9923205802485661,0.12369262716568423,7.473508533269987e-05,-8.080992028387935e-14,7484.538922892781,-1319.726150268671,0.0,0.0,0.0,0.0,0.0,0.0,0.0,0.0,0.0,0,True,250.0
b712773f15e0f684,20270301_h250_r0_p90_y80_TPMC_N400000_S101,101,sample,2347,triangle_2347,body,0.18284227942297485,-0.03147564284049043,0.0026021460781029647,7.253635743244003e-16,-0.9923205802489249,0.12369262716280557,7.473508533257439e-05,-8.080992028387935e-14,7484.538922892781,-1319.726150268671,-9.367063828057712e-10,2.019112975913049e-07,-2.9090552948011694e-08,4.053052689880798e-10,5.305276048795305e-09,3.7104458470391574e-08,4.053052689880798e-10,5.305276048795305e-09,3.7104458470391574e-08,11,False,250.0
b712773f15e0f684,20270301_h250_r0_p90_y80_TPMC_N400000_S101,101,sample,2348,triangle_2348,body,0.20515096386705947,-0.0314756428404824,0.0026021460781064172,-7.25363574323185e-16,-0.9923205802485688,0.12369262716566308,7.47350853326996e-05,-8.080992028387935e-14,7484.538922892781,-1319.726150268671,-1.2281903979759186e-10,3.554371659172859e-07,-5.223573061473357e-08,7.627733489684087e-10,1.0620408128887582e-08,7.265557324755906e-08,7.627733489684087e-10,1.0620408128887582e-08,7.265557324755906e-08,15,False,250.0
b712773f15e0f684,20270301_h250_r0_p90_y80_TPMC_N400000_S101,101,sample,2349,triangle_2349,body,0.18434496911534362,0.031512765435603184,0.002450891484232995,7.226373650159649e-16,0.9932024968719664,0.11639931360318122,7.03284652795877e-05,-8.080992028387935e-14,7484.538922892781,-1319.726150268671,0.0,0.0,0.0,0.0,0.0,0.0,0.0,0.0,0.0,0,True,250.0
b712773f15e0f684,20270301_h250_r0_p90_y80_TPMC_N400000_S101,101,sample,2350,triangle_2350,body,0.17633949338640265,0.031274296316484006,0.004561574561092882,0.10924665451506409,0.9906196083107656,0.08208507847039893,1.06161629590608e-05,-8.080992028387935e-14,7484.538922892781,-1319.726150268671,0.0,0.0,0.0,0.0,0.0,0.0,0.0,0.0,0.0,0,True,250.0
b712773f15e0f684,20270301_h250_r0_p90_y80_TPMC_N400000_S101,101,sample,2351,triangle_2351,body,0.17935112916840779,0.03113163192705154,0.00526776344263578,-0.023777685485472433,0.9891254703442168,0.14513933164130863,2.3659260852459314e-05,-8.080992028387935e-14,7484.538922892781,-1319.726150268671,0.0,0.0,0.0,0.0,0.0,0.0,0.0,0.0,0.0,0,True,250.0
b712773f15e0f684,20270301_h250_r0_p90_y80_TPMC_N400000_S101,101,sample,2352,triangle_2352,body,0.1765089460896466,-0.03133107266552918,0.004346848681343825,0.07163107565046069,-0.9940244621108478,0.08236721269047477,1.1918197408488858e-05,-8.080992028387935e-14,7484.538922892781,-1319.726150268671,4.0603221449939995e-09,3.9848590862293315e-08,-8.707077566939805e-10,-2.1399771253708331e-10,1.8230091563637085e-10,7.2230771179120115e-09,-2.1399771253708331e-10,1.8230091563637085e-10,7.2230771179120115e-09,3,False,250.0
b712773f15e0f684,20270301_h250_r0_p90_y80_TPMC_N400000_S101,101,sample,2353,triangle_2353,body,0.1952180859273415,-0.02902543663975886,0.012795059813872028,-0.012385424067775408,-0.907413826168435,0.42005565030007935,2.531168460597204e-05,-8.080992028387935e-14,7484.538922892781,-1319.726150268671,-3.727316829938959e-09,5.72258245047303e-08,-1.0309305669231594e-08,-4.3672923954338795e-10,1.9548062132517186e-09,1.1025435205311683e-08,-4.3672923954338795e-10,1.9548062132517186e-09,1.1025435205311683e-08,3,False,250.0
b712773f15e0f684,20270301_h250_r0_p90_y80_TPMC_N400000_S101,101,sample,2354,triangle_2354,body,-0.13042499999995105,-0.05000000000000016,0.016666666667048934,-3.055384550183293e-26,-1.0,-1.0408340855860833e-14,0.0009787500000000007,-8.080992028387935e-14,7484.538922892781,-1319.726150268671,6.44433797891625e-08,2.295494191942502e-06,-3.9319791426050403e-07,-1.9012811005277765e-08,-5.104597638300008e-08,-3.005218903837698e-07,-1.9012811005277765e-08,-5.104597638300008e-08,-3.005218903837698e-07,120,False,250.0
b712773f15e0f684,20270301_h250_r0_p90_y80_TPMC_N400000_S101,101,sample,2355,triangle_2355,body,-0.1304250000000489,-0.049999999999999815,-0.0166666666662844,-3.096123010852409e-26,-1.0,-1.0547118733938995e-14,0.000978749999999999,-8.080992028387935e-14,7484.538922892781,-1319.726150268671,8.471237516224556e-08,2.2780887160246495e-06,-3.82308511142964e-07,5.473599950107863e-08,-5.062919043699479e-08,-2.9278995079881734e-07,5.473599950107863e-08,-5.062919043699479e-08,-2.9278995079881734e-07,118,False,250.0
b712773f15e0f684,20270301_h250_r0_p90_y80_TPMC_N400000_S101,101,sample,2356,triangle_2356,body,-0.11737499999990215,-0.05000000000000034,0.03333333333367731,-3.055292312159153e-26,-1.0,-1.0408340855860832e-14,0.0004893749999999976,-8.080992028387935e-14,7484.538922892781,-1319.726150268671,3.0153887647492605e-08,1.1420799128295635e-06,-2.0875177120642651e-07,-3.0208605797506434e-08,-2.365665019508907e-08,-1.3357025749057372e-07,-3.0208605797506434e-08,-2.365665019508907e-08,-1.3357025749057372e-07,70,False,250.0
b712773f15e0f684,20270301_h250_r0_p90_y80_TPMC_N400000_S101,101,sample,2357,triangle_2357,body,-0.11737500000009783,-0.049999999999999635,-0.033333333332989365,-3.544773386720553e-16,-1.0,-1.0408340855859809e-14,0.0004893749999999971,-8.080992028387935e-14,7484.538922892781,-1319.726150268671,3.175476504675531e-08,7.486224282801675e-07,-1.2638412257024065e-07,2.6768634858961162e-08,-1.5478484295419026e-08,-8.540133782735925e-08,2.6768634858961162e-08,-1.5478484295419026e-08,-8.540133782735925e-08,41,False,250.0
b712773f15e0f684,20270301_h250_r0_p90_y80_TPMC_N400000_S101,101,sample,2358,triangle_2358,body,-0.14347500000009783,-0.049999999999999635,-0.033333333332912746,3.544773386109459e-16,-1.0,-1.040834085586189e-14,0.000489375000000002,-8.080992028387935e-14,7484.538922892781,-1319.726150268671,4.872776806563096e-08,1.3453614991278931e-06,-2.0261908080547901e-07,5.2123008374575895e-08,-3.0667951404759625e-08,-1.912140742918146e-07,5.2123008374575895e-08,-3.0667951404759625e-08,-1.912140742918146e-07,64,False,250.0
b712773f15e0f684,20270301_h250_r0_p90_y80_TPMC_N400000_S101,101,sample,2359,triangle_2359,body,-0.14347499999990213,-0.05000000000000034,0.03333333333375393,-3.055292312159134e-26,-1.0,-1.0408340855860832e-14,0.0004893750000000007,-8.080992028387935e-14,7484.538922892781,-1319.726150268671,2.4104046081737826e-08,1.2208232931501094e-06,-2.131831996437261e-07,-2.8268129938640692e-08,-2.9720489982701507e-08,-1.7419784375195066e-07,-2.8268129938640692e-08,-2.9720489982701507e-08,-1.7419784375195066e-07,62,False,250.0
b712773f15e0f684,20270301_h250_r0_p90_y80_TPMC_N400000_S101,101,sample,2360,triangle_2360,body,0.028206870418384492,-0.049999999999999795,-0.018643137334967537,-1.0485584141928664e-16,-1.0,-1.0415137537006321e-14,0.0012508541906550293,-8.080992028387935e-14,7484.538922892781,-1319.726150268671,8.324178544320274e-09,4.44281250881701e-06,-6.893867967727218e-07,1.1603622557904021e-07,1.905195448387275e-08,1.2677085199031144e-07,1.1603622557904021e-07,1.905195448387275e-08,1.2677085199031144e-07,227,False,250.0
b712773f15e0f684,20270301_h250_r0_p90_y80_TPMC_N400000_S101,101,sample,2361,triangle_2361,body,0.10528983010064434,-0.049999999999999774,-0.020105602275546062,7.600714894352445e-17,-1.0,-1.0233832685050094e-14,0.0009872843270458237,-8.080992028387935e-14,7484.538922892781,-1319.726150268671,-1.5947645404795637e-08,3.537405682491704e-06,-6.151328112169802e-07,1.0372652160495806e-07,6.422078755870321e-08,3.669922369073748e-07,1.0372652160495806e-07,6.422078755870321e-08,3.669922369073748e-07,174,False,250.0
b712773f15e0f684,20270301_h250_r0_p90_y80_TPMC_N400000_S101,101,sample,2362,triangle_2362,body,0.05458187041838244,-0.04999999999999979,-0.01933246272297844,1.0274913339928792e-16,-1.0,-1.0481777638007924e-14,0.0010540625957594857,-8.080992028387935e-14,7484.538922892781,-1319.726150268671,2.440377854950884e-08,3.926219821658508e-06,-6.11559445053462e-07,1.1117618384193913e-07,3.318090659224937e-08,2.1532926681804006e-07,1.1117618384193913e-07,3.318090659224937e-08,2.1532926681804006e-07,193,False,250.0
b712773f15e0f684,20270301_h250_r0_p90_y80_TPMC_N400000_S101,101,sample,2363,triangle_2363,body,0.12704168833553606,-0.049999999999999774,-0.020152333717941964,-1.4002036030165616e-16,-1.0,-1.0308744642492349e-14,0.0008207749408834556,-8.080992028387935e-14,7484.538922892781,-1319.726150268671,5.008915030698405e-09,3.1270632458652718e-06,-4.788919133940966e-07,9.039831493881711e-08,6.075761583057069e-08,3.9601195921102457e-07,9.039831493881711e-08,6.075761583057069e-08,3.9601195921102457e-07,146,False,250.0
b712773f15e0f684,20270301_h250_r0_p90_y80_TPMC_N400000_S101,101,sample,2364,triangle_2364,body,0.0958749999998868,-0.04999999999999959,-0.03859094272651167,2.923178052960558e-16,-0.9999999999999999,-9.933797716812408e-15,0.0008124674911083658,-8.080992028387935e-14,7484.538922892781,-1319.726150268671,1.7588488214016713e-09,3.023019414928359e-06,-5.274311169763015e-07,1.4220632651562349e-07,5.024796780883029e-08,2.895651262693937e-07,1.4220632651562349e-07,5.024796780883029e-08,2.895651262693937e-07,156,False,250.0
b712773f15e0f684,20270301_h250_r0_p90_y80_TPMC_N400000_S101,101,sample,2365,triangle_2365,body,0.0642249999998868,-0.04999999999999959,-0.03859094272641877,-2.9231780535437144e-16,-1.0,-9.933797716810693e-15,0.0008124674911083652,-8.080992028387935e-14,7484.538922892781,-1319.726150268671,-5.447552148870193e-09,2.8219293567792223e-06,-4.547112845451421e-07,1.3251577858750076e-07,2.9627250395883283e-08,1.8156988261997446e-07,1.3251577858750076e-07,2.9627250395883283e-08,1.8156988261997446e-07,145,False,250.0
b712773f15e0f684,20270301_h250_r0_p90_y80_TPMC_N400000_S101,101,sample,2366,triangle_2366,body,0.07982170051920436,-0.05000000000000021,0.021077153787503782,1.8177358235353039e-16,-1.0,-1.0477525749983783e-14,0.0012406206248281192,-8.080992028387935e-14,7484.538922892781,-1319.726150268671,5.0243492128091155e-08,4.5965432227479905e-06,-7.506906763568777e-07,-5.554920714063429e-08,6.036969399532444e-08,3.7128214283648714e-07,-5.554920714063429e-08,6.036969399532444e-08,3.7128214283648714e-07,237,False,250.0
b712773f15e0f684,20270301_h250_r0_p90_y80_TPMC_N400000_S101,101,sample,2367,triangle_2367,body,0.10528983010080654,-0.05000000000000035,0.03515200711735034,-3.1092826270647074e-26,-1.0,-1.0592784923967611e-14,0.0010573626931336428,-8.080992028387935e-14,7484.538922892781,-1319.726150268671,-2.4323659525974463e-08,4.066779475800318e-06,-6.915204814090786e-07,-1.0956299806737105e-07,7.183239016426355e-08,4.27008726137454e-07,-1.0956299806737105e-07,7.183239016426355e-08,4.27008726137454e-07,204,False,250.0
b712773f15e0f684,20270301_h250_r0_p90_y80_TPMC_N400000_S101,101,sample,2368,triangle_2368,body,0.05458187041854464,-0.05000000000000037,0.03592514666991795,-3.0387368654180365e-26,-1.0,-1.0352986888486922e-14,0.001002305492757021,-8.080992028387935e-14,7484.538922892781,-1319.726150268671,1.3138001419724067e-08,4.307549773854824e-06,-7.072738737793072e-07,-1.1874969151912164e-07,3.9735644646764704e-08,2.395425121881136e-07,-1.1874969151912164e-07,3.9735644646764704e-08,2.395425121881136e-07,218,False,250.0
b712773f15e0f684,20270301_h250_r0_p90_y80_TPMC_N400000_S101,101,sample,2369,triangle_2369,body,-0.038442806902583164,-0.05000000000000038,0.03676105114343516,-2.9231780535650383e-16,-1.0,-1.0661553005433461e-14,0.0009427786454561215,-8.080992028387935e-14,7484.538922892781,-1319.726150268671,-8.069998337479757e-10,2.8438797298054932e-06,-4.922633104751572e-07,-7.887488461056378e-08,-1.7767097750080184e-08,-1.0485451632844311e-07,-7.887488461056378e-08,-1.7767097750080184e-08,-1.0485451632844311e-07,156,False,250.0
b712773f15e0f684,20270301_h250_r0_p90_y80_TPMC_N400000_S101,101,sample,2370,triangle_2370,body,0.006199999999888865,-0.04999999999999959,-0.037901617338314965,-3.0301411980840686e-26,-1.0,-1.0323701420495569e-14,0.0008615560752965797,-8.080992028387935e-14,7484.538922892781,-1319.726150268671,-3.834774776974204e-09,3.4047822770027045e-06,-5.56420251710351e-07,1.5548660100398654e-07,2.797303655187592e-09,1.704486452124335e-08,1.5548660100398654e-07,2.797303655187592e-09,1.704486452124335e-08,178,False,250.0
b712773f15e0f684,20270301_h250_r0_p90_y80_TPMC_N400000_S101,101,sample,2371,triangle_2371,body,-0.009734493235342664,-0.050000000000000065,0.006763554514885451,-8.659482331767136e-17,-1.0,-1.05542543158019e-14,0.0008131892687565384,-8.080992028387935e-14,7484.538922892781,-1319.726150268671,1.7876005877983974e-08,2.7246027387668533e-06,-4.2838367830247835e-07,-1.0512415701906732e-10,-3.765013955677135e-09,-2.4025961100626105e-08,-1.0512415701906732e-10,-3.765013955677135e-09,-2.4025961100626105e-08,140,False,250.0
b712773f15e0f684,20270301_h250_r0_p90_y80_TPMC_N400000_S101,101,sample,2372,triangle_2372,body,-0.025255306902719158,-0.049999999999999885,-0.009587808816892135,1.737401392879585e-16,-1.0,-1.0131232663554794e-14,0.0007013062540317519,-8.080992028387935e-14,7484.538922892781,-1319.726150268671,-5.09573541684167e-10,2.2823671199485666e-06,-3.618576275990262e-07,3.7682773849280123e-08,-8.815951579797568e-09,-5.672632269934862e-08,3.7682773849280123e-08,-8.815951579797568e-09,-5.672632269934862e-08,130,False,250.0
b712773f15e0f684,20270301_h250_r0_p90_y80_TPMC_N400000_S101,101,sample,2373,triangle_2373,body,0.019990184085785154,-0.05000000000000005,0.005927650041554047,-4.173178068596898e-17,-0.9999999999999999,-1.0562647208185198e-14,0.0008639095792835091,-8.080992028387935e-14,7484.538922892781,-1319.726150268671,1.547543530029004e-08,3.1720479129016704e-06,-5.083286417198073e-07,4.914846546501028e-09,1.0397479667763747e-08,6.386758287882064e-08,4.914846546501028e-09,1.0397479667763747e-08,6.386758287882064e-08,160,False,250.0
b712773f15e0f684,20270301_h250_r0_p90_y80_TPMC_N400000_S101,101,sample,2374,triangle_2374,body,0.03054018408584747,-0.05000000000000027,0.027162600713152654,4.251049641392937e-17,-1.0,-1.033431568998274e-14,0.0007641791038399344,-8.080992028387935e-14,7484.538922892781,-1319.726150268671,-1.615005640567211e-08,2.413135656595343e-06,-4.2608444374973405e-07,-4.6732198610087314e-08,1.1637621485010003e-08,6.995191984857378e-08,-4.6732198610087314e-08,1.1637621485010003e-08,6.995191984857378e-08,135,False,250.0
b712773f15e0f684,20270301_h250_r0_p90_y80_TPMC_N400000_S101,101,sample,2375,triangle_2375,body,-0.01500949323528035,-0.05000000000000029,0.02799850518653051,-6.607585518139469e-18,-1.0,-1.0828111267023895e-14,0.0007575917093916161,-8.080992028387935e-14,7484.538922892781,-1319.726150268671,-1.8532694687324802e-08,3.0029025169793834e-06,-5.112100667275503e-07,-6.098828162840272e-08,-8.523823987646745e-09,-4.6570255508570736e-08,-6.098828162840272e-08,-8.523823987646745e-09,-4.6570255508570736e-08,153,False,250.0
b712773f15e0f684,20270301_h250_r0_p90_y80_TPMC_N400000_S101,101,sample,2376,triangle_2376,body,-0.01753750000008697,-0.049999999999999684,-0.02968219329357097,2.642408599465448e-16,-1.0,-1.0438912732235707e-14,0.0006258866159087442,-8.080992028387935e-14,7484.538922892781,-1319.726150268671,-1.9279290288618764e-08,2.026982019859757e-06,-3.2264226456009237e-07,7.626781443622156e-08,-4.734330801201912e-09,-3.524742766631521e-08,7.626781443622156e-08,-4.734330801201912e-09,-3.524742766631521e-08,108,False,250.0
b712773f15e0f684,20270301_h250_r0_p90_y80_TPMC_N400000_S101,101,sample,2377,triangle_2377,body,-0.09898012806823038,-0.05000000000000022,0.022035945907960697,-1.783670854393925e-16,-1.0,-1.0408340855860308e-14,0.0008152403948778707,-8.080992028387935e-14,7484.538922892781,-1319.726150268671,-5.079189720823665e-08,1.672100883974673e-06,-2.618102523336508e-07,-2.2802843191424336e-08,-2.6563017222006233e-08,-1.6709414151232278e-07,-2.2802843191424336e-08,-2.6563017222006233e-08,-1.6709414151232278e-07,106,False,250.0
b712773f15e0f684,20270301_h250_r0_p90_y80_TPMC_N400000_S101,101,sample,2378,triangle_2378,body,0.1635694610738195,-0.05000000000000021,0.021659622039050558,-9.476013722782399e-17,-1.0,-1.0408340855860554e-14,0.0008572904194683072,-8.080992028387935e-14,7484.538922892781,-1319.726150268671,3.3574753272125916e-08,3.0308731096854714e-06,-4.938990649998987e-07,-3.757484327886289e-08,8.116150956279482e-08,4.969385734229778e-07,-3.757484327886289e-08,8.116150956279482e-08,4.969385734229778e-07,146,False,250.0
b712773f15e0f684,20270301_h250_r0_p90_y80_TPMC_N400000_S101,101,sample,2379,triangle_2379,body,-0.08315512806818141,-0.0500000000000004,0.03870261257458093,-3.004920599676109e-26,-1.0,-1.0236723533892975e-14,0.0008045152020500008,-8.080992028387935e-14,7484.538922892781,-1319.726150268671,-6.174910422433064e-08,2.1781701060008076e-06,-3.3737626180838994e-07,-6.867195305701664e-08,-2.9663039684618322e-08,-1.7990724058344322e-07,-6.867195305701664e-08,-2.9663039684618322e-08,-1.7990724058344322e-07,129,False,250.0
b712773f15e0f684,20270301_h250_r0_p90_y80_TPMC_N400000_S101,101,sample,2380,triangle_2380,body,0.14774446107386843,-0.050000000000000384,0.03832628870576369,-3.082084086999166e-26,-1.0,-1.0501127066657803e-14,0.0008313141655098836,-8.080992028387935e-14,7484.538922892781,-1319.726150268671,-3.052239226392385e-08,3.112031759254366e-06,-5.510856558193311e-07,-9.231518118411659e-08,8.040356560740185e-08,4.583051336870981e-07,-9.231518118411659e-08,8.040356560740185e-08,4.583051336870981e-07,163,False,250.0
b712773f15e0f684,20270301_h250_r0_p90_y80_TPMC_N400000_S101,101,sample,2381,triangle_2381,body,-0.0514964918827726,-0.04999999999999987,-0.01123869696932118,-3.103873057468437e-16,-1.0,-1.0123295266851639e-14,0.0006995060215622718,-8.080992028387935e-14,7484.538922892781,-1319.726150268671,-1.9984167506886455e-08,2.4430376776114383e-06,-4.282763373518619e-07,4.583680744817513e-08,-2.240062393194158e-08,-1.2667596206323237e-07,4.583680744817513e-08,-2.240062393194158e-08,-1.2667596206323237e-07,124,False,250.0
b712773f15e0f684,20270301_h250_r0_p90_y80_TPMC_N400000_S101,101,sample,2382,triangle_2382,body,0.13143614940935552,-0.05000000000000001,0.0015072883215763472,-1.6815982782782092e-16,-1.0,-1.0357482069142571e-14,0.0005225523553961105,-8.080992028387935e-14,7484.538922892781,-1319.726150268671,-2.645714704216772e-08,2.2226237304021026e-06,-3.823445336491597e-07,1.3029510937633796e-08,5.0035709693271654e-08,2.9034703635317425e-07,1.3029510937633796e-08,5.0035709693271654e-08,2.9034703635317425e-07,113,False,250.0
b712773f15e0f684,20270301_h250_r0_p90_y80_TPMC_N400000_S101,101,sample,2383,triangle_2383,body,-0.06436411995102718,-0.05000000000000002,0.0025778248937129767,1.682925372130856e-16,-0.9999999999999999,-1.0780681383929234e-14,0.0006827999170620638,-8.080992028387935e-14,7484.538922892781,-1319.726150268671,-5.8085285725133804e-08,2.3554328807500153e-06,-3.7038877745527765e-07,1.2650158039690139e-08,-2.3481106078906305e-08,-1.5143509609969425e-07,1.2650158039690139e-08,-2.3481106078906305e-08,-1.5143509609969425e-07,126,False,250.0
b712773f15e0f684,20270301_h250_r0_p90_y80_TPMC_N400000_S101,101,sample,2384,triangle_2384,body,-0.09916618498011576,-0.049999999999999746,-0.022885838823845112,2.1946380983900448e-16,-1.0,-1.0408340855861499e-14,0.0008012861264963575,-8.080992028387935e-14,7484.538922892781,-1319.726150268671,-8.773509097574858e-08,2.015240058059071e-06,-3.4575678749243514e-07,6.420374811271744e-08,-3.1669282597378345e-08,-2.0153482869268318e-07,6.420374811271744e-08,-3.1669282597378345e-08,-2.0153482869268318e-07,118,False,250.0
b712773f15e0f684,20270301_h250_r0_p90_y80_TPMC_N400000_S101,101,sample,2385,triangle_2385,body,0.16510185823482737,-0.04999999999999976,-0.021971007502380274,-3.048691461510191e-17,-0.9999999999999999,-1.0408340855860759e-14,0.0007423606323831124,-8.080992028387935e-14,7484.538922892781,-1319.726150268671,2.695947893912184e-08,2.8527976131234446e-06,-4.4317223639941857e-07,8.598022174634017e-08,7.158718330236581e-08,4.706153747854549e-07,8.598022174634017e-08,7.158718330236581e-08,4.706153747854549e-07,143,False,250.0
b712773f15e0f684,20270301_h250_r0_p90_y80_TPMC_N400000_S101,101,sample,2386,triangle_2386,body,-0.08334118498016463,-0.04999999999999957,-0.039552505490558214,-2.9891574363330256e-26,-0.9999999999999999,-1.0183912812739516e-14,0.000743992202736243,-8.080992028387935e-14,7484.538922892781,-1319.726150268671,-6.631141157751083e-08,2.0645547131483354e-06,-3.444510131660271e-07,1.0061805211509026e-07,-2.611599675870932e-08,-1.7827703452388032e-07,1.0061805211509026e-07,-2.611599675870932e-08,-1.7827703452388032e-07,115,False,250.0
b712773f15e0f684,20270301_h250_r0_p90_y80_TPMC_N400000_S101,101,sample,2387,triangle_2387,body,0.14927685823477846,-0.04999999999999958,-0.038637674169000484,-3.0473474577781564e-26,-1.0,-1.0381782578355403e-14,0.0008091396282712941,-8.080992028387935e-14,7484.538922892781,-1319.726150268671,3.317839376688615e-08,3.0145498393873305e-06,-5.113376255917698e-07,1.4138377576929173e-07,7.559778733010192e-08,4.5455020153921767e-07,1.4138377576929173e-07,7.559778733010192e-08,4.5455020153921767e-07,150,False,250.0
b712773f15e0f684,20270301_h250_r0_p90_y80_TPMC_N400000_S101,101,sample,2388,triangle_2388,body,0.12550929117452816,-0.05000000000000023,0.02347829582348886,-1.134154260176189e-16,-1.0,-1.0543821258942873e-14,0.0006303572977205626,-8.080992028387935e-14,7484.538922892781,-1319.726150268671,9.00504805501729e-10,1.938674935621622e-06,-3.2765863247997336e-07,-2.6478403676735183e-08,4.004746923872816e-08,2.387376731508239e-07,-2.6478403676735183e-08,4.004746923872816e-08,2.387376731508239e-07,100,False,250.0
b712773f15e0f684,20270301_h250_r0_p90_y80_TPMC_N400000_S101,101,sample,2389,triangle_2389,body,-0.05922293497091142,-0.05000000000000026,0.025463663717833526,2.3389684510448043e-16,-1.0,-1.0339312635138481e-14,0.0007073585479322996,-8.080992028387935e-14,7484.538922892781,-1319.726150268671,-5.870314574220571e-08,2.6180940610059173e-06,-4.2520335457787797e-07,-4.5005516018047424e-08,-2.669636040046701e-08,-1.5804157969258934e-07,-4.5005516018047424e-08,-2.669636040046701e-08,-1.5804157969258934e-07,133,False,250.0
b712773f15e0f684,20270301_h250_r0_p90_y80_TPMC_N400000_S101,101,sample,2390,triangle_2390,body,0.07982170051913999,-0.04999999999999998,-0.000847122272059281,1.8573705577911813e-16,-1.0,-1.0379825772657826e-14,0.0006396232365988035,-8.080992028387935e-14,7484.538922892781,-1319.726150268671,2.5343233932388774e-08,2.0311072163100296e-06,-3.1969743338296397e-07,1.8058563694559406e-08,2.6151315946233987e-08,1.6737854349254952e-07,1.8058563694559406e-08,2.6151315946233987e-08,1.6737854349254952e-07,104,False,250.0
b712773f15e0f684,20270301_h250_r0_p90_y80_TPMC_N400000_S101,101,sample,2391,triangle_2391,body,0.008533313667449673,-0.050000000000000426,0.04123745404313856,2.9231780529418875e-16,-1.0,-1.0568561343106954e-14,0.0006240028039511743,-8.080992028387935e-14,7484.538922892781,-1319.726150268671,3.201029584213135e-08,2.5382553890175723e-06,-4.29837438186795e-07,-8.203360024067051e-08,4.668468371587201e-09,2.2056704861000162e-08,-8.203360024067051e-08,4.668468371587201e-09,2.2056704861000162e-08,135,False,250.0
b712773f15e0f684,20270301_h250_r0_p90_y80_TPMC_N400000_S101,101,sample,2392,triangle_2392,body,-0.0386375000001225,-0.04999999999999955,-0.041780575955212805,-3.138802041285601e-26,-1.0,-1.0693286492878681e-14,0.0005853257347813704,-8.080992028387935e-14,7484.538922892781,-1319.726150268671,9.550556909252111e-09,2.070052647008936e-06,-3.728266971167483e-07,1.0520068277272316e-07,-1.5281120183341914e-08,-8.313320648380029e-08,1.0520068277272316e-07,-1.5281120183341914e-08,-8.313320648380029e-08,106,False,250.0
b712773f15e0f684,20270301_h250_r0_p90_y80_TPMC_N400000_S101,101,sample,2393,triangle_2393,body,-0.059603684980140424,-0.04999999999999966,-0.03133308144595356,-3.5014369747279646e-16,-1.0,-1.0356217619078874e-14,0.0005621552088622072,-8.080992028387935e-14,7484.538922892781,-1319.726150268671,-2.939267784779579e-08,1.952693764675297e-06,-3.31093789441036e-07,8.011437778292759e-08,-1.8422014654840522e-08,-1.1698866634843547e-07,8.011437778292759e-08,-1.8422014654840522e-08,-1.1698866634843547e-07,101,False,250.0
b712773f15e0f684,20270301_h250_r0_p90_y80_TPMC_N400000_S101,101,sample,2394,triangle_2394,body,-0.08829631304834612,-0.04999999999999998,-0.0008498929162063044,4.2532012743164406e-18,-0.9999999999999999,-1.0778047671174442e-14,0.0005623469598341937,-8.080992028387935e-14,7484.538922892781,-1319.726150268671,-2.642069070456396e-08,1.3165811072098793e-06,-2.0172640428014736e-07,1.0969655270790057e-08,-1.76145312623686e-08,-1.1682626929452856e-07,1.0969655270790057e-08,-1.76145312623686e-08,-1.1682626929452856e-07,84,False,250.0
b712773f15e0f684,20270301_h250_r0_p90_y80_TPMC_N400000_S101,101,sample,2395,triangle_2395,body,0.15367131930864683,-0.04999999999999999,-0.0003113854628155061,-6.589712212685837e-17,-1.0,-1.0342263794681365e-14,0.0004952360452617745,-8.080992028387935e-14,7484.538922892781,-1319.726150268671,1.5346707899304298e-08,2.1667904493247555e-06,-3.783127567724965e-07,2.1004871850253847e-08,5.832727409899171e-08,3.337068902185361e-07,2.1004871850253847e-08,5.832727409899171e-08,3.337068902185361e-07,104,False,250.0
b712773f15e0f684,20270301_h250_r0_p90_y80_TPMC_N400000_S101,101,sample,2396,triangle_2396,body,-0.13042500000014676,-0.016666666666666118,-0.04999999999961736,-2.9354268412902053e-12,1.013078509969897e-14,-1.0,0.00097875,-8.080992028387935e-14,7484.538922892781,-1319.726150268671,-2.370654071481011e-09,5.959857246756046e-10,7.761404426344773e-09,-1.2953589987974687e-10,1.1209231553468476e-09,-1.1559443528191554e-10,-1.2953589987974687e-10,1.1209231553468476e-09,-1.1559443528191554e-10,4,False,250.0
b712773f15e0f684,20270301_h250_r0_p90_y80_TPMC_N400000_S101,101,sample,2397,triangle_2397,body,-0.13042500000014676,0.016666666666667197,-0.04999999999961702,-2.9354268412902053e-12,1.0685896612022739e-14,-1.0,0.0009787499999999985,-8.080992028387935e-14,7484.538922892781,-1319.726150268671,-8.83227815140212e-10,1.9025574450245493e-09,1.0197752224753317e-08,3.9304775704642253e-10,1.3719669153646694e-09,-2.402000300613395e-10,3.9304775704642253e-10,1.3719669153646694e-09,-2.402000300613395e-10,4,False,250.0
b712773f15e0f684,20270301_h250_r0_p90_y80_TPMC_N400000_S101,101,sample,2398,triangle_2398,body,-0.11737500000014678,0.033333333333333846,-0.04999999999965513,-2.93542684129022e-12,1.0685896612017143e-14,-1.0,0.000489374999999997,-8.080992028387935e-14,7484.538922892781,-1319.726150268671,0.0,0.0,0.0,0.0,0.0,0.0,0.0,0.0,0.0,0,True,250.0
b712773f15e0f684,20270301_h250_r0_p90_y80_TPMC_N400000_S101,101,sample,2399,triangle_2399,body,-0.11737500000014678,-0.03333333333333279,-0.04999999999965584,-2.9361357959675026e-12,1.0408340855860794e-14,-1.0,0.0004893749999999977,-8.080992028387935e-14,7484.538922892781,-1319.726150268671,-7.063243124821718e-10,9.490166359386526e-10,6.093461255954887e-09,-1.0201059961439923e-10,7.181652717085943e-10,-1.4384629383882346e-10,-1.0201059961439923e-10,7.181652717085943e-10,-1.4384629383882346e-10,3,False,250.0
b712773f15e0f684,20270301_h250_r0_p90_y80_TPMC_N400000_S101,101,sample,2400,triangle_2400,body,-0.14347500000014676,-0.03333333333333279,-0.04999999999957922,-2.934717886612908e-12,1.040834085586084e-14,-1.0,0.0004893750000000025,-8.080992028387935e-14,7484.538922892781,-1319.726150268671,-2.6539279334933767e-09,1.8472735446144963e-08,9.040155029759849e-09,5.98866888603164e-10,1.437479461718413e-09,-2.6567451360547677e-09,5.98866888603164e-10,1.437479461718413e-09,-2.6567451360547677e-09,4,False,250.0
b712773f15e0f684,20270301_h250_r0_p90_y80_TPMC_N400000_S101,101,sample,2401,triangle_2401,body,-0.14347500000014676,0.033333333333333846,-0.04999999999957853,-2.9347178866129084e-12,1.0408340855860855e-14,-1.0,0.0004893750000000017,-8.080992028387935e-14,7484.538922892781,-1319.726150268671,0.0,0.0,0.0,0.0,0.0,0.0,0.0,0.0,0.0,0,True,250.0
b712773f15e0f684,20270301_h250_r0_p90_y80_TPMC_N400000_S101,101,sample,2402,triangle_2402,body,-0.03809579701085312,0.03711133785081051,-0.0499999999998878,-2.935163083270457e-12,1.0332494947144397e-14,-1.0,0.0009178338532991929,-8.080992028387935e-14,7484.538922892781,-1319.726150268671,9.08797517670981e-09,-1.5041269728780842e-09,1.292307879357298e-08,3.9234313744893186e-10,9.235576282697982e-11,-2.7786348907538836e-10,3.9234313744893186e-10,9.235576282697982e-11,-2.7786348907538836e-10,6,False,250.0
b712773f15e0f684,20270301_h250_r0_p90_y80_TPMC_N400000_S101,101,sample,2403,triangle_2403,body,0.10324579701055976,-0.037111337850809493,-0.05000000000030345,-2.935163083270458e-12,1.051195225682327e-14,-1.0,0.0009178338532991913,-8.080992028387935e-14,7484.538922892781,-1319.726150268671,2.4531972288914142e-09,-1.4984167116108533e-09,5.2661456324640025e-09,-2.813872235879166e-10,-6.614550931303659e-10,-6.746451965500154e-12,-2.813872235879166e-10,-6.614550931303659e-10,-6.746451965500154e-12,3,False,250.0
b712773f15e0f684,20270301_h250_r0_p90_y80_TPMC_N400000_S101,101,sample,2404,triangle_2404,body,0.008837499999853341,-0.036295147985110736,-0.05000000000002633,-2.9351630832704566e-12,1.0632495106384415e-14,-1.0,0.0009759567741102641,-8.080992028387935e-14,7484.538922892781,-1319.726150268671,4.285253223388258e-09,-1.5418961673171306e-09,1.0116700130866808e-08,-3.794590087393248e-10,-3.0868821153743975e-10,1.3021614965841319e-10,-3.794590087393248e-10,-3.0868821153743975e-10,1.3021614965841319e-10,4,False,250.0
b712773f15e0f684,20270301_h250_r0_p90_y80_TPMC_N400000_S101,101,sample,2405,triangle_2405,body,0.056312499999853334,0.03629514798511178,-0.05000000000016491,-2.935016924367797e-12,1.0210570697403704e-14,-1.0,0.0009759567741102627,-8.080992028387935e-14,7484.538922892781,-1319.726150268671,3.814783230405505e-09,-6.637793796903757e-09,9.537748806583746e-09,-4.635797710647407e-11,-7.428362398509202e-10,-5.668278272480954e-10,-4.635797710647407e-11,-7.428362398509202e-10,-5.668278272480954e-10,5,False,250.0
b712773f15e0f684,20270301_h250_r0_p90_y80_TPMC_N400000_S101,101,sample,2406,triangle_2406,body,0.024662499999853326,0.008447242621992866,-0.05000000000007231,-2.9350111079677808e-12,1.0136528282460763e-14,-1.0,0.0008124674911083661,-8.080992028387935e-14,7484.538922892781,-1319.726150268671,4.342952108288956e-09,1.2473468057116377e-08,9.296708175967842e-09,6.84100363671062e-10,-4.408896747283449e-10,6.384633851988579e-11,6.84100363671062e-10,-4.408896747283449e-10,6.384633851988579e-11,5,False,250.0
b712773f15e0f684,20270301_h250_r0_p90_y80_TPMC_N400000_S101,101,sample,2407,triangle_2407,body,0.04048749999985333,-0.008447242621991815,-0.05000000000011893,-2.935162880570549e-12,1.0541989413759801e-14,-1.0,0.0008124674911083651,-8.080992028387935e-14,7484.538922892781,-1319.726150268671,3.1967076682390106e-09,-2.9148808580717374e-11,4.869151868220946e-09,-5.143122188389979e-11,-3.8491684600345503e-10,7.006533954812366e-11,-5.143122188389979e-11,-3.8491684600345503e-10,7.006533954812366e-11,2,False,250.0
b712773f15e0f684,20270301_h250_r0_p90_y80_TPMC_N400000_S101,101,sample,2408,triangle_2408,body,0.08694873787787942,0.007124459056014558,-0.050000000000255146,-2.9354232849514443e-12,1.0537084041662985e-14,-1.0,0.0008080607163442123,-8.080992028387935e-14,7484.538922892781,-1319.726150268671,2.133749686381827e-09,-1.1218480414875468e-09,9.271148475352923e-09,3.5384600140795476e-11,-8.824948182377973e-10,-8.662658445291947e-11,3.5384600140795476e-11,-8.824948182377973e-10,-8.662658445291947e-11,4,False,250.0
b712773f15e0f684,20270301_h250_r0_p90_y80_TPMC_N400000_S101,101,sample,2409,triangle_2409,body,0.07159579701055978,-0.009263432487690565,-0.050000000000210244,-2.9354211217191996e-12,1.0541989413759803e-14,-1.0,0.0007846560491723635,-8.080992028387935e-14,7484.538922892781,-1319.726150268671,3.6679552489185337e-09,-6.238541019740883e-09,8.629053593778225e-09,-4.073557651097935e-10,-7.649707986881097e-10,-3.7115667758394143e-10,-4.073557651097935e-10,-7.649707986881097e-10,-3.7115667758394143e-10,4,False,250.0
b712773f15e0f684,20270301_h250_r0_p90_y80_TPMC_N400000_S101,101,sample,2410,triangle_2410,body,-0.0064457970108531245,0.009263432487691597,-0.04999999999998098,-2.9352972482799283e-12,1.0136528282460765e-14,-1.0,0.0007846560491723639,-8.080992028387935e-14,7484.538922892781,-1319.726150268671,3.674480887598997e-09,1.5998436309344754e-09,1.149139178772817e-08,1.0977371863222362e-10,-9.704802667796257e-11,1.1551852037242936e-11,1.0977371863222362e-10,-9.704802667796257e-11,1.1551852037242936e-11,6,False,250.0
b712773f15e0f684,20270301_h250_r0_p90_y80_TPMC_N400000_S101,101,sample,2411,triangle_2411,body,-0.021798737878172755,-0.0071244590560135546,-0.049999999999936096,-2.9351213973905228e-12,1.0535289926488022e-14,-1.0,0.000808060716344212,-8.080992028387935e-14,7484.538922892781,-1319.726150268671,3.1721411092046033e-09,5.907887759682011e-09,1.1052634519579622e-08,2.2134351062435536e-10,1.548014677778663e-10,-1.4640987946194985e-10,2.2134351062435536e-10,1.548014677778663e-10,-1.4640987946194985e-10,5,False,250.0
b712773f15e0f684,20270301_h250_r0_p90_y80_TPMC_N400000_S101,101,sample,2412,triangle_2412,body,0.03257499999985334,0.028075723940437457,-0.05000000000009533,-2.9349775659076742e-12,1.0233294314950696e-14,-1.0,0.000780641254445817,-8.080992028387935e-14,7484.538922892781,-1319.726150268671,1.0414982244774963e-08,5.548079801488077e-09,1.3978554996024096e-08,7.037203522236002e-10,-9.095310566460863e-10,-2.8540512873527297e-10,7.037203522236002e-10,-9.095310566460863e-10,-2.8540512873527297e-10,9,False,250.0
b712773f15e0f684,20270301_h250_r0_p90_y80_TPMC_N400000_S101,101,sample,2413,triangle_2413,body,0.03257499999985333,-0.02807572394043641,-0.05000000000009591,-2.9351236085738666e-12,1.0655285833086474e-14,-1.0,0.0007806412544458168,-8.080992028387935e-14,7484.538922892781,-1319.726150268671,4.853009428751532e-09,-2.896315445082485e-10,2.4716415938336373e-08,-7.55976029643322e-10,-9.212934096433887e-10,2.1040676788592173e-10,-7.55976029643322e-10,-9.212934096433887e-10,2.1040676788592173e-10,11,False,250.0
b712773f15e0f684,20270301_h250_r0_p90_y80_TPMC_N400000_S101,101,sample,2414,triangle_2414,body,0.07950829701055978,-0.02889191380613516,-0.05000000000023369,-2.935464630464032e-12,1.0684401742057424e-14,-0.9999999999999999,0.0007315436044515606,-8.080992028387935e-14,7484.538922892781,-1319.726150268671,1.0332882021751569e-08,1.558901900937753e-09,6.697262309407738e-09,-1.6218625835218611e-10,-1.0489787433281393e-09,4.688903589141462e-10,-1.6218625835218611e-10,-1.0489787433281393e-09,4.688903589141462e-10,4,False,250.0
b712773f15e0f684,20270301_h250_r0_p90_y80_TPMC_N400000_S101,101,sample,2415,triangle_2415,body,0.07957794086717294,0.027569130240157905,-0.050000000000233295,-2.9353866168483077e-12,1.0424012750543815e-14,-1.0,0.0007695664038859199,-8.080992028387935e-14,7484.538922892781,-1319.726150268671,1.0553806032654693e-09,-1.367496263163876e-09,5.626167259183326e-09,2.541875512628543e-11,-4.724479477518007e-10,-1.6691183788910138e-10,2.541875512628543e-11,-4.724479477518007e-10,-1.6691183788910138e-10,3,False,250.0
b712773f15e0f684,20270301_h250_r0_p90_y80_TPMC_N400000_S101,101,sample,2416,triangle_2416,body,-0.014358297010853121,0.02889191380613619,-0.04999999999995756,-2.935398196937129e-12,1.04669522780466e-14,-1.0,0.0007315436044515598,-8.080992028387935e-14,7484.538922892781,-1319.726150268671,8.624568949752706e-09,1.3373856380823545e-08,2.4337299905327774e-08,1.43836200326845e-09,-1.2995379262050625e-10,-3.300846750473529e-10,1.43836200326845e-09,-1.2995379262050625e-10,-3.300846750473529e-10,11,False,250.0
b712773f15e0f684,20270301_h250_r0_p90_y80_TPMC_N400000_S101,101,sample,2417,triangle_2417,body,-0.014427940867466302,-0.027569130240156878,-0.049999999999957946,-2.9351505790832862e-12,1.0625275810555497e-14,-1.0,0.00076956640388592,-8.080992028387935e-14,7484.538922892781,-1319.726150268671,7.2624783026071056e-09,2.3835712991233266e-09,1.1825703412442905e-08,-1.6700895084483616e-10,-2.925578606412367e-10,1.2375719041481576e-10,-1.6700895084483616e-10,-2.925578606412367e-10,1.2375719041481576e-10,6,False,250.0
b712773f15e0f684,20270301_h250_r0_p90_y80_TPMC_N400000_S101,101,sample,2418,triangle_2418,body,-0.09946879554148758,0.022447257779297514,-0.04999999999970781,-2.9352109863728458e-12,1.0408340855860805e-14,-0.9999999999999999,0.000778590334399442,-8.080992028387935e-14,7484.538922892781,-1319.726150268671,2.9338682376951435e-09,-1.3922460593877166e-09,7.894600664379178e-09,1.5032563157056169e-10,6.48441782700242e-10,1.0845326016933097e-10,1.5032563157056169e-10,6.48441782700242e-10,1.0845326016933097e-10,5,False,250.0
b712773f15e0f684,20270301_h250_r0_p90_y80_TPMC_N400000_S101,101,sample,2419,triangle_2419,body,0.16461879554119407,-0.022447257779296473,-0.05000000000048344,-2.935433789482432e-12,1.0408340855860792e-14,-1.0,0.0007785903343994429,-8.080992028387935e-14,7484.538922892781,-1319.726150268671,1.3348132049121807e-09,-4.330165949596268e-09,5.422216097220763e-09,-2.948393089894712e-10,-9.908965825218156e-10,-6.782179613374458e-10,-2.948393089894712e-10,-9.908965825218156e-10,-6.782179613374458e-10,4,False,250.0
b712773f15e0f684,20270301_h250_r0_p90_y80_TPMC_N400000_S101,101,sample,2420,triangle_2420,body,-0.08364379554148753,0.03911392444596416,-0.049999999999754095,-2.9351630832704494e-12,1.045402232276959e-14,-1.0,0.0007752246553918149,-8.080992028387935e-14,7484.538922892781,-1319.726150268671,2.695105151603678e-09,1.5460547810524335e-08,1.0177409492420636e-08,1.1592050911240597e-09,6.90677176823457e-10,-1.3167548657232318e-09,1.1592050911240597e-09,6.90677176823457e-10,-1.3167548657232318e-09,5,False,250.0
b712773f15e0f684,20270301_h250_r0_p90_y80_TPMC_N400000_S101,101,sample,2421,triangle_2421,body,0.14879379554119407,-0.03911392444596315,-0.05000000000043716,-2.935309242173121e-12,1.0527111948006892e-14,-1.0,0.0007752246553918113,-8.080992028387935e-14,7484.538922892781,-1319.726150268671,4.832274557060043e-09,1.279433911136555e-09,2.309422278231456e-09,-3.350155257080529e-11,-6.128519466942918e-10,3.712580301124256e-10,-3.350155257080529e-11,-6.128519466942918e-10,3.712580301124256e-10,2,False,250.0
b712773f15e0f684,20270301_h250_r0_p90_y80_TPMC_N400000_S101,101,sample,2422,triangle_2422,body,-0.05068602693870377,-0.010335558144605949,-0.04999999999985135,-2.934957480378644e-12,1.0534315769096053e-14,-1.0,0.0007142735155367871,-8.080992028387935e-14,7484.538922892781,-1319.726150268671,-2.0861345939108637e-10,4.488714071986491e-09,1.23888654222999e-08,9.319916498536763e-11,7.038017625613325e-10,-3.2015576158510387e-10,9.319916498536763e-11,7.038017625613325e-10,-3.2015576158510387e-10,5,False,250.0
b712773f15e0f684,20270301_h250_r0_p90_y80_TPMC_N400000_S101,101,sample,2423,triangle_2423,body,0.11583602693841037,0.010335558144606924,-0.05000000000033991,-2.9352990070815587e-12,1.0536345459350996e-14,-1.0,0.000714273515536785,-8.080992028387935e-14,7484.538922892781,-1319.726150268671,7.226306026893977e-09,-5.27912484166771e-09,1.4918680905368398e-08,-1.9843152157343673e-10,-2.0242779395406905e-09,-5.918952815119554e-10,-1.9843152157343673e-10,-2.0242779395406905e-09,-5.918952815119554e-10,7,False,250.0
b712773f15e0f684,20270301_h250_r0_p90_y80_TPMC_N400000_S101,101,sample,2424,triangle_2424,body,-0.06451438161272495,0.0033856818897371774,-0.04999999999981061,-2.9350254273368955e-12,1.0627206681865065e-14,-0.9999999999999999,0.0007449345875050908,-8.080992028387935e-14,7484.538922892781,-1319.726150268671,2.4107600007653047e-09,-1.6505990515543381e-09,1.03455611913713e-08,-4.0526118293224356e-11,4.984858888961363e-10,2.1264942502704046e-11,-4.0526118293224356e-11,4.984858888961363e-10,2.1264942502704046e-11,5,False,250.0
b712773f15e0f684,20270301_h250_r0_p90_y80_TPMC_N400000_S101,101,sample,2425,triangle_2425,body,0.12966438161243152,-0.0033856818897362076,-0.05000000000038065,-2.935220423997345e-12,1.042891380076508e-14,-1.0,0.0007449345875050867,-8.080992028387935e-14,7484.538922892781,-1319.726150268671,9.40753142139346e-09,1.8695217525323282e-08,1.5736211018958275e-08,8.87919753093389e-10,-2.54482867518128e-09,2.3897055025220603e-09,8.87919753093389e-10,-2.54482867518128e-09,2.3897055025220603e-09,7,False,250.0
b712773f15e0f684,20270301_h250_r0_p90_y80_TPMC_N400000_S101,101,sample,2426,triangle_2426,body,0.16432478906038428,0.022839580407037485,-0.0500000000004821,-2.935290453693732e-12,1.0685896612017127e-14,-0.9999999999999999,0.0008006408204601764,-8.080992028387935e-14,7484.538922892781,-1319.726150268671,8.755180594383195e-09,-4.091156121871347e-09,1.0052634238010815e-08,7.108490340029464e-11,-2.1320124971526743e-09,-9.280439719192033e-10,7.108490340029464e-11,-2.1320124971526743e-09,-9.280439719192033e-10,4,False,250.0
b712773f15e0f684,20270301_h250_r0_p90_y80_TPMC_N400000_S101,101,sample,2427,triangle_2427,body,-0.09917478906067778,-0.022839580407036462,-0.04999999999970916,-2.935450949608109e-12,1.0408340855860857e-14,-1.0,0.0008006408204601777,-8.080992028387935e-14,7484.538922892781,-1319.726150268671,9.309427595683965e-09,4.398822826622442e-09,2.050703812638022e-08,-2.2164487299377281e-10,1.6072935550057826e-09,-2.1224243401809024e-10,-2.2164487299377281e-10,1.6072935550057826e-09,-2.1224243401809024e-10,7,False,250.0
b712773f15e0f684,20270301_h250_r0_p90_y80_TPMC_N400000_S101,101,sample,2428,triangle_2428,body,-0.08334978906067773,-0.03950624707370313,-0.049999999999755775,-2.9351630832704486e-12,1.0115496732458869e-14,-1.0,0.0007472863802638798,-8.080992028387935e-14,7484.538922892781,-1319.726150268671,5.448612106295746e-09,1.4236423677925334e-09,9.772967040555337e-09,-2.26571322299203e-10,5.057138953587559e-10,6.497546491100672e-11,-2.26571322299203e-10,5.057138953587559e-10,6.497546491100672e-11,5,False,250.0
b712773f15e0f684,20270301_h250_r0_p90_y80_TPMC_N400000_S101,101,sample,2429,triangle_2429,body,0.14849978906038427,0.03950624707370414,-0.050000000000435474,-2.935163083270458e-12,1.055632369892709e-14,-1.0,0.0007472863802638796,-8.080992028387935e-14,7484.538922892781,-1319.726150268671,-2.1710748268521677e-09,-3.840121633293994e-09,5.543112790459497e-09,4.304678928333865e-11,-7.209351665812466e-10,-4.800873917879003e-10,4.304678928333865e-11,-7.209351665812466e-10,-4.800873917879003e-10,3,False,250.0
b712773f15e0f684,20270301_h250_r0_p90_y80_TPMC_N400000_S101,101,sample,2430,triangle_2430,body,-0.05936459255219393,0.02622526229677417,-0.04999999999982549,-2.935057956755044e-12,1.040145174735906e-14,-1.0,0.0007298835031449809,-8.080992028387935e-14,7484.538922892781,-1319.726150268671,-5.245912912861833e-09,-1.1953930915340408e-09,1.4013531169657417e-08,2.9092081916673857e-10,1.1965693693203934e-09,2.2046703555978165e-10,2.9092081916673857e-10,1.1965693693203934e-09,2.2046703555978165e-10,6,False,250.0
b712773f15e0f684,20270301_h250_r0_p90_y80_TPMC_N400000_S101,101,sample,2431,triangle_2431,body,0.12451459255190052,-0.026225262296773164,-0.05000000000036576,-2.9352131952067563e-12,1.0479081779131309e-14,-1.0,0.0007298835031449766,-8.080992028387935e-14,7484.538922892781,-1319.726150268671,8.855074595969188e-09,-1.7592953154001753e-09,1.3269744291168062e-08,-4.098595223399683e-10,-2.0794158685296255e-09,-1.0057780717296337e-11,-4.098595223399683e-10,-2.0794158685296255e-09,-1.0057780717296337e-11,5,False,250.0
b712773f15e0f684,20270301_h250_r0_p90_y80_TPMC_N400000_S101,101,sample,2432,triangle_2432,body,0.10331544086717294,0.04127398225504663,-0.05000000000030283,-2.935309242173121e-12,1.0489988057056222e-14,-1.0,0.0006214015386625274,-8.080992028387935e-14,7484.538922892781,-1319.726150268671,4.585611699605948e-09,1.5463760025076432e-08,9.08062688424398e-09,1.145157845263191e-09,-1.1781207036203912e-09,1.2358102452890242e-09,1.145157845263191e-09,-1.1781207036203912e-09,1.2358102452890242e-09,5,False,250.0
b712773f15e0f684,20270301_h250_r0_p90_y80_TPMC_N400000_S101,101,sample,2433,triangle_2433,body,0.008837499999853341,0.041780575955326194,-0.05000000000002552,-2.9353092421731184e-12,1.0552585354817577e-14,-1.0,0.0005853257347813699,-8.080992028387935e-14,7484.538922892781,-1319.726150268671,-1.2592007428044948e-09,4.3217781695787415e-10,8.024623963509902e-09,3.3267282600974446e-10,2.8794431979669546e-11,3.2601215558777157e-11,3.3267282600974446e-10,2.8794431979669546e-11,3.2601215558777157e-11,4,False,250.0
b712773f15e0f684,20270301_h250_r0_p90_y80_TPMC_N400000_S101,101,sample,2434,triangle_2434,body,-0.038165440867466295,-0.04127398225504561,-0.04999999999988842,-2.93530924217312e-12,1.0489988057053852e-14,-1.0,0.0006214015386625267,-8.080992028387935e-14,7484.538922892781,-1319.726150268671,-1.286251883537047e-09,-5.820015906312745e-09,8.895110599046296e-09,-6.772197664958617e-10,4.658374419452239e-10,2.2008437169098191e-10,-6.772197664958617e-10,4.658374419452239e-10,2.2008437169098191e-10,3,False,250.0
b712773f15e0f684,20270301_h250_r0_p90_y80_TPMC_N400000_S101,101,sample,2435,triangle_2435,body,0.056312499999853334,-0.041780575955325146,-0.05000000000016574,-2.9353092421731224e-12,1.0833987630940345e-14,-0.9999999999999999,0.0005853257347813703,-8.080992028387935e-14,7484.538922892781,-1319.726150268671,1.1135890376730038e-09,-2.3671534111955615e-09,1.7094327703575611e-09,-1.986794958487271e-10,-1.2524376617333731e-10,-4.4005181745122734e-11,-1.986794958487271e-10,-1.2524376617333731e-10,-4.4005181745122734e-11,1,False,250.0
b712773f15e0f684,20270301_h250_r0_p90_y80_TPMC_N400000_S101,101,sample,2436,triangle_2436,body,-0.05914022992799731,-0.03078022932874928,-0.049999999999826746,-2.9350018480532653e-12,1.0194622605104868e-14,-1.0,0.0005981518919665447,-8.080992028387935e-14,7484.538922892781,-1319.726150268671,-8.143309817346619e-10,-6.509203042090011e-09,1.0522659277658484e-08,-6.220565753342192e-10,7.290459556792445e-10,3.188505567378873e-10,-6.220565753342192e-10,7.290459556792445e-10,3.188505567378873e-10,5,False,250.0
b712773f15e0f684,20270301_h250_r0_p90_y80_TPMC_N400000_S101,101,sample,2437,triangle_2437,body,0.1242902299277039,0.03078022932875027,-0.05000000000036451,-2.9353055279988647e-12,1.048641922249913e-14,-1.0,0.0005981518919665444,-8.080992028387935e-14,7484.538922892781,-1319.726150268671,-7.30902212926144e-10,-1.132799897706915e-08,1.3258742073262193e-08,-1.159533388680569e-10,-1.6360502741036907e-09,-1.396693889659198e-09,-1.159533388680569e-10,-1.6360502741036907e-09,-1.396693889659198e-09,6,False,250.0
b712773f15e0f684,20270301_h250_r0_p90_y80_TPMC_N400000_S101,101,sample,2438,triangle_2438,body,-0.08879358460201854,-0.0003923226277394755,-0.04999999999973939,-2.9353287043492493e-12,1.0619747329297836e-14,-1.0,0.0005660608910697001,-8.080992028387935e-14,7484.538922892781,-1319.726150268671,2.2170113666006765e-09,1.733850495387102e-09,1.4192551190672588e-08,1.2222467906144725e-10,1.0875071911516133e-09,-1.4670839568261957e-10,1.2222467906144725e-10,1.0875071911516133e-09,-1.4670839568261957e-10,5,False,250.0
b712773f15e0f684,20270301_h250_r0_p90_y80_TPMC_N400000_S101,101,sample,2439,triangle_2439,body,0.15394358460172505,0.00039232262774048624,-0.05000000000045187,-2.93544220766894e-12,1.0423458845286452e-14,-1.0,0.0005660608910696993,-8.080992028387935e-14,7484.538922892781,-1319.726150268671,1.4289673883427226e-09,-5.808398572700444e-10,2.690100352097061e-09,-1.064224410938801e-11,-4.70900160925059e-10,-9.23832608406815e-11,-1.064224410938801e-11,-4.70900160925059e-10,-9.23832608406815e-11,2,False,250.0
b712773f15e0f684,20270301_h250_r0_p90_y80_TPMC_N400000_S101,101,sample,2440,triangle_2440,body,-0.1304250000000489,0.050000000000000155,-0.0166666666662833,1.77238669350282e-16,1.0,1.0061396160664954e-14,0.0009787500000000005,-8.080992028387935e-14,7484.538922892781,-1319.726150268671,0.0,0.0,0.0,0.0,0.0,0.0,0.0,0.0,0.0,0,True,250.0
b712773f15e0f684,20270301_h250_r0_p90_y80_TPMC_N400000_S101,101,sample,2441,triangle_2441,body,-0.13042499999995105,0.04999999999999982,0.016666666667050037,1.7723866935027958e-16,1.0,1.0061396160664967e-14,0.0009787499999999992,-8.080992028387935e-14,7484.538922892781,-1319.726150268671,-8.928218942568487e-11,-2.1521304555828597e-09,-3.5731916014252016e-10,2.4608087318976936e-11,-5.20030591600559e-11,3.0706526748986483e-10,2.4608087318976936e-11,-5.20030591600559e-11,3.0706526748986483e-10,1,False,250.0
b712773f15e0f684,20270301_h250_r0_p90_y80_TPMC_N400000_S101,101,sample,2442,triangle_2442,body,-0.11737499999990215,0.049999999999999635,0.03333333333367838,1.7723866932388477e-15,1.0,1.068589661201194e-14,0.0004893749999999968,-8.080992028387935e-14,7484.538922892781,-1319.726150268671,0.0,0.0,0.0,0.0,0.0,0.0,0.0,0.0,0.0,0,True,250.0
b712773f15e0f684,20270301_h250_r0_p90_y80_TPMC_N400000_S101,101,sample,2443,triangle_2443,body,-0.11737500000009783,0.05000000000000032,-0.03333333333298829,-7.089546772524371e-16,1.0,1.0408340855862916e-14,0.0004893749999999978,-8.080992028387935e-14,7484.538922892781,-1319.726150268671,0.0,0.0,0.0,0.0,0.0,0.0,0.0,0.0,0.0,0,True,250.0
b712773f15e0f684,20270301_h250_r0_p90_y80_TPMC_N400000_S101,101,sample,2444,triangle_2444,body,-0.14347500000009783,0.05000000000000032,-0.03333333333291167,7.089546773131213e-16,1.0,1.0269562977780608e-14,0.0004893750000000028,-8.080992028387935e-14,7484.538922892781,-1319.726150268671,0.0,0.0,0.0,0.0,0.0,0.0,0.0,0.0,0.0,0,True,250.0
b712773f15e0f684,20270301_h250_r0_p90_y80_TPMC_N400000_S101,101,sample,2445,triangle_2445,body,-0.14347499999990213,0.049999999999999656,0.033333333333754996,2.973458737127512e-26,1.0,1.0130785099704561e-14,0.0004893749999999999,-8.080992028387935e-14,7484.538922892781,-1319.726150268671,0.0,0.0,0.0,0.0,0.0,0.0,0.0,0.0,0.0,0,True,250.0
b712773f15e0f684,20270301_h250_r0_p90_y80_TPMC_N400000_S101,101,sample,2446,triangle_2446,body,-0.09661666666679496,0.050000000000000454,-0.04369999333304923,-6.5838342733514775e-15,1.0,2.1906531661920527e-14,6.287487500000037e-06,-8.080992028387935e-14,7484.538922892781,-1319.726150268671,0.0,0.0,0.0,0.0,0.0,0.0,0.0,0.0,0.0,0,True,250.0
b712773f15e0f684,20270301_h250_r0_p90_y80_TPMC_N400000_S101,101,sample,2447,triangle_2447,body,-0.09661666666679619,0.05000000000000046,-0.04412232666638257,-1.5440849190669248e-15,0.9999999999999999,1.0953265830955253e-14,6.287487499999967e-06,-8.080992028387935e-14,7484.538922892781,-1319.726150268671,0.0,0.0,0.0,0.0,0.0,0.0,0.0,0.0,0.0,0,True,250.0
b712773f15e0f684,20270301_h250_r0_p90_y80_TPMC_N400000_S101,101,sample,2448,triangle_2448,body,-0.02078844886510998,0.050000000000000065,-0.0060841959024536775,-2.575686324743175e-16,1.0,1.0552920303180048e-14,0.0011535251282957827,-8.080992028387935e-14,7484.538922892781,-1319.726150268671,-3.2398574278614363e-11,-2.4930623662672777e-09,-2.671210762643066e-09,-1.307564367322944e-10,-1.5992612073521978e-11,1.651195107609006e-11,-1.307564367322944e-10,-1.5992612073521978e-11,1.651195107609006e-11,1,False,250.0
b712773f15e0f684,20270301_h250_r0_p90_y80_TPMC_N400000_S101,101,sample,2449,triangle_2449,body,-0.004054166666736584,0.050000000000000246,-0.023860345348209657,3.026931356260047e-26,1.0,1.0312557548281431e-14,0.0013016451248163497,-8.080992028387935e-14,7484.538922892781,-1319.726150268671,6.887036375984089e-09,-6.466277913192699e-09,-4.412282722391256e-09,-4.026731540427414e-10,-2.1817586344514364e-10,-3.473825710276266e-10,-4.026731540427414e-10,-2.1817586344514364e-10,-3.473825710276266e-10,4,False,250.0
b712773f15e0f684,20270301_h250_r0_p90_y80_TPMC_N400000_S101,101,sample,2450,triangle_2450,body,-0.08847557765883678,0.050000000000000135,-0.014469800756316762,-3.2927226301551263e-16,1.0,1.070294765036851e-14,0.0008591050783455572,-8.080992028387935e-14,7484.538922892781,-1319.726150268671,0.0,0.0,0.0,0.0,0.0,0.0,0.0,0.0,0.0,0,True,250.0
b712773f15e0f684,20270301_h250_r0_p90_y80_TPMC_N400000_S101,101,sample,2451,triangle_2451,body,-0.06419224432554277,0.05000000000000029,-0.02788088075638805,3.077996774678974e-26,1.0,1.0485933657456357e-14,0.0009820125598521314,-8.080992028387935e-14,7484.538922892781,-1319.726150268671,3.086916902248062e-09,-2.219209847834627e-09,4.188948498592239e-10,-4.1840256606673493e-11,-5.689571634275738e-11,6.908323907673713e-12,-4.1840256606673493e-11,-5.689571634275738e-11,6.908323907673713e-12,1,False,250.0
b712773f15e0f684,20270301_h250_r0_p90_y80_TPMC_N400000_S101,101,sample,2452,triangle_2452,body,0.04710416666659684,0.050000000000000246,-0.023860345348359804,3.0270497252322155e-26,1.0,1.0312557548281425e-14,0.0013016451248163492,-8.080992028387935e-14,7484.538922892781,-1319.726150268671,4.357274553404321e-09,-3.281574182496219e-09,4.109789706824543e-10,-4.132993414102333e-11,-9.66814902186618e-11,-3.337922903268406e-10,-4.132993414102333e-11,-9.66814902186618e-11,-3.337922903268406e-10,1,False,250.0
b712773f15e0f684,20270301_h250_r0_p90_y80_TPMC_N400000_S101,101,sample,2453,triangle_2453,body,0.027049999999978137,0.05000000000000008,-0.007487450696523005,3.0262255485390664e-26,1.0,1.031255754828143e-14,0.0011659547603897374,-8.080992028387935e-14,7484.538922892781,-1319.726150268671,2.588902061728178e-09,-6.8898887614137095e-09,1.210005200365086e-09,9.328724195783154e-11,-2.710866473426702e-11,-3.282694178843173e-10,9.328724195783154e-11,-2.710866473426702e-11,-3.282694178843173e-10,2,False,250.0
b712773f15e0f684,20270301_h250_r0_p90_y80_TPMC_N400000_S101,101,sample,2454,triangle_2454,body,0.09908648512524598,0.050000000000000266,-0.025574366266708348,3.149098640196977e-26,1.0,1.0729446068896443e-14,0.001165380461819771,-8.080992028387935e-14,7484.538922892781,-1319.726150268671,0.0,0.0,0.0,0.0,0.0,0.0,0.0,0.0,0.0,0,True,250.0
b712773f15e0f684,20270301_h250_r0_p90_y80_TPMC_N400000_S101,101,sample,2455,triangle_2455,body,0.07719065179196057,0.0500000000000001,-0.009201471614866133,3.770839491547158e-16,1.0,1.0409959437322446e-14,0.001194044397222108,-8.080992028387935e-14,7484.538922892781,-1319.726150268671,9.215686201035697e-09,-9.792556485015732e-09,4.2964748035202044e-09,7.579558590291744e-11,-4.1904894356758164e-10,-1.168222549690757e-09,7.579558590291744e-11,-4.1904894356758164e-10,-1.168222549690757e-09,5,False,250.0
b712773f15e0f684,20270301_h250_r0_p90_y80_TPMC_N400000_S101,101,sample,2456,triangle_2456,body,-0.07162155540675667,0.049999999999999746,0.023676599054489517,-3.986001833700071e-16,1.0,1.0332615335670371e-14,0.0006111237448364782,-8.080992028387935e-14,7484.538922892781,-1319.726150268671,9.932594834594758e-10,-3.027626518901857e-09,8.929597299752996e-10,1.8508494205082965e-10,1.0464080556490569e-10,1.489159023483687e-10,1.8508494205082965e-10,1.0464080556490569e-10,1.489159023483687e-10,1,False,250.0
b712773f15e0f684,20270301_h250_r0_p90_y80_TPMC_N400000_S101,101,sample,2457,triangle_2457,body,-0.054051526523827796,0.04999999999999979,0.019973015355955713,1.887545707366043e-16,0.9999999999999999,1.0297250747387157e-14,0.0008081231446954557,-8.080992028387935e-14,7484.538922892781,-1319.726150268671,0.0,0.0,0.0,0.0,0.0,0.0,0.0,0.0,0.0,0,True,250.0
b712773f15e0f684,20270301_h250_r0_p90_y80_TPMC_N400000_S101,101,sample,2458,triangle_2458,body,0.1046114851254223,0.049999999999999635,0.03458112706660878,2.9499611807866995e-26,1.0,1.005058094668349e-14,0.0010980164887472925,-8.080992028387935e-14,7484.538922892781,-1319.726150268671,4.133137931463267e-09,-1.0031708217440693e-08,-4.24711054155814e-09,1.3689885919823472e-10,5.537509930727827e-10,-1.2190358651110445e-09,1.3689885919823472e-10,5.537509930727827e-10,-1.2190358651110445e-09,3,False,250.0
b712773f15e0f684,20270301_h250_r0_p90_y80_TPMC_N400000_S101,101,sample,2459,triangle_2459,body,0.05631250000010662,0.04999999999999963,0.03629514798494651,3.071362835897111e-26,1.0,1.0463725342792795e-14,0.0009759567741102631,-8.080992028387935e-14,7484.538922892781,-1319.726150268671,-3.15414432872964e-10,-1.208961859443347e-09,-4.1937140105375536e-10,1.803587749011869e-11,1.673542893500155e-11,-6.180982129115404e-11,1.803587749011869e-11,1.673542893500155e-11,-6.180982129115404e-11,1,False,250.0
b712773f15e0f684,20270301_h250_r0_p90_y80_TPMC_N400000_S101,101,sample,2460,triangle_2460,body,0.008837500000106602,0.04999999999999963,0.03629514798508585,1.4615890269307027e-16,1.0,1.037934046099564e-14,0.0009759567741102642,-8.080992028387935e-14,7484.538922892781,-1319.726150268671,1.259393744723283e-09,-3.885253153010324e-09,1.3477472747829718e-09,2.1532110750259063e-10,1.108936793218051e-11,-1.0172442309913045e-10,2.1532110750259063e-10,1.108936793218051e-11,-1.0172442309913045e-10,2,False,250.0
b712773f15e0f684,20270301_h250_r0_p90_y80_TPMC_N400000_S101,101,sample,2461,triangle_2461,body,0.1638725351684606,0.049999999999999746,0.023684615446290854,-2.5737783994094237e-16,1.0,1.0304537253939199e-14,0.0007530504035565991,-8.080992028387935e-14,7484.538922892781,-1319.726150268671,0.0,0.0,0.0,0.0,0.0,0.0,0.0,0.0,0.0,0,True,250.0
b712773f15e0f684,20270301_h250_r0_p90_y80_TPMC_N400000_S101,101,sample,2462,triangle_2462,body,0.14804753516850475,0.0499999999999996,0.03872348877967064,2.950333415801473e-26,0.9999999999999999,1.0050561285053495e-14,0.0008030285552467961,-8.080992028387935e-14,7484.538922892781,-1319.726150268671,0.0,0.0,0.0,0.0,0.0,0.0,0.0,0.0,0.0,0,True,250.0
b712773f15e0f684,20270301_h250_r0_p90_y80_TPMC_N400000_S101,101,sample,2463,triangle_2463,body,0.08087398512538209,0.04999999999999979,0.02087627505178973,3.6115279967484376e-16,1.0,1.0255213676698256e-14,0.0010878033053512348,-8.080992028387935e-14,7484.538922892781,-1319.726150268671,5.601002552750267e-09,-6.268839945963502e-09,-2.460729743125426e-09,-9.633530122205624e-12,2.6989845650131354e-10,-7.491919747843341e-10,-9.633530122205624e-12,2.6989845650131354e-10,-7.491919747843341e-10,3,False,250.0
b712773f15e0f684,20270301_h250_r0_p90_y80_TPMC_N400000_S101,101,sample,2464,triangle_2464,body,0.03257500000006638,0.04999999999999977,0.02259029597012745,3.0705858189884486e-26,1.0,1.0463725342792792e-14,0.0009759567741102647,-8.080992028387935e-14,7484.538922892781,-1319.726150268671,-4.600761959785634e-10,-2.1884901984344385e-09,6.402082269344593e-10,8.440475902859238e-11,-2.6511087087051597e-11,-2.9969364616516176e-11,8.440475902859238e-11,-2.6511087087051597e-11,-2.9969364616516176e-11,1,False,250.0
b712773f15e0f684,20270301_h250_r0_p90_y80_TPMC_N400000_S101,101,sample,2465,triangle_2465,body,0.124561870842178,0.05000000000000016,-0.016497529717208834,-2.2148912016349935e-17,1.0,1.072151831253544e-14,0.0007294131457336033,-8.080992028387935e-14,7484.538922892781,-1319.726150268671,3.2395946298756985e-09,-1.7600654154502384e-09,4.3143152799128775e-10,-4.985211113024568e-12,-1.0177600820820434e-10,-3.7777111417453065e-10,-4.985211113024568e-12,-1.0177600820820434e-10,-3.7777111417453065e-10,1,False,250.0
b712773f15e0f684,20270301_h250_r0_p90_y80_TPMC_N400000_S101,101,sample,2466,triangle_2466,body,0.1474753857168142,0.05000000000000032,-0.031156403450858072,3.1415561222744254e-26,1.0,1.0702463807091184e-14,0.0007216085056911487,-8.080992028387935e-14,7484.538922892781,-1319.726150268671,4.4868582919511176e-10,-3.1420861936771425e-09,-7.131809496496252e-10,-1.4655680560730426e-10,9.506476051743545e-11,-5.110338877590762e-10,-1.4655680560730426e-10,9.506476051743545e-11,-5.110338877590762e-10,1,False,250.0
b712773f15e0f684,20270301_h250_r0_p90_y80_TPMC_N400000_S101,101,sample,2467,triangle_2467,body,-0.037159282198314776,0.04999999999999961,0.037698402779149785,-1.4615890263313025e-16,1.0,1.0041586555181086e-14,0.0008760274920976001,-8.080992028387935e-14,7484.538922892781,-1319.726150268671,1.1619220670205614e-09,-2.8765585231964226e-09,-1.4918314365777782e-11,1.31169436606746e-10,5.274528439183794e-11,4.583396753192552e-11,1.31169436606746e-10,5.274528439183794e-11,4.583396753192552e-11,1,False,250.0
b712773f15e0f684,20270301_h250_r0_p90_y80_TPMC_N400000_S101,101,sample,2468,triangle_2468,body,-0.04559319319058275,0.0500000000000001,-0.010104731310735785,6.493008275826188e-17,1.0,1.0536004784212015e-14,0.0008138035796585264,-8.080992028387935e-14,7484.538922892781,-1319.726150268671,0.0,0.0,0.0,0.0,0.0,0.0,0.0,0.0,0.0,0,True,250.0
b712773f15e0f684,20270301_h250_r0_p90_y80_TPMC_N400000_S101,101,sample,2469,triangle_2469,body,0.13110107267729074,0.04999999999999997,0.002303705729543308,-1.39404442223555e-16,1.0,1.0447274804198475e-14,0.000539419731963943,-8.080992028387935e-14,7484.538922892781,-1319.726150268671,0.0,0.0,0.0,0.0,0.0,0.0,0.0,0.0,0.0,0,True,250.0
b712773f15e0f684,20270301_h250_r0_p90_y80_TPMC_N400000_S101,101,sample,2470,triangle_2470,body,-0.10220431108129263,0.04999999999999972,0.024735319811156276,-6.888890119114545e-16,1.0,1.068589661201916e-14,0.0005734266688976059,-8.080992028387935e-14,7484.538922892781,-1319.726150268671,0.0,0.0,0.0,0.0,0.0,0.0,0.0,0.0,0.0,0,True,250.0
b712773f15e0f684,20270301_h250_r0_p90_y80_TPMC_N400000_S101,101,sample,2471,triangle_2471,body,-0.08744655540680564,0.04999999999999991,0.007009932387869305,-3.53308061894422e-16,1.0,1.03679070411435e-14,0.000572264375764648,-8.080992028387935e-14,7484.538922892781,-1319.726150268671,1.2103508800626553e-09,-4.163895280534799e-09,-6.851094821267577e-10,9.967111216809217e-12,-6.849266369153629e-11,3.037250978283867e-10,9.967111216809217e-12,-6.849266369153629e-11,3.037250978283867e-10,2,False,250.0
b712773f15e0f684,20270301_h250_r0_p90_y80_TPMC_N400000_S101,101,sample,2472,triangle_2472,body,-0.08637931108124368,0.049999999999999566,0.04140198647777648,-7.307945132817751e-16,1.0,1.0648632606023194e-14,0.0006122860379694358,-8.080992028387935e-14,7484.538922892781,-1319.726150268671,-1.5267563941609615e-09,-2.2370266254903517e-09,-1.3870328888293357e-09,8.228363800109459e-12,-1.7162309994127814e-10,2.677389556248832e-10,8.228363800109459e-12,-1.7162309994127814e-10,2.677389556248832e-10,1,False,250.0
b712773f15e0f684,20270301_h250_r0_p90_y80_TPMC_N400000_S101,101,sample,2473,triangle_2473,body,-0.013421782198355029,0.049999999999999746,0.02399355076419137,-2.997257443329797e-16,1.0,1.0121908840009375e-14,0.0008348277301303456,-8.080992028387935e-14,7484.538922892781,-1319.726150268671,0.0,0.0,0.0,0.0,0.0,0.0,0.0,0.0,0.0,0,True,250.0
b712773f15e0f684,20270301_h250_r0_p90_y80_TPMC_N400000_S101,101,sample,2474,triangle_2474,body,0.12513402029378023,0.049999999999999746,0.023304615846653207,2.2436955480360368e-20,0.9999999999999999,1.0050570631760714e-14,0.0006856398691957501,-8.080992028387935e-14,7484.538922892781,-1319.726150268671,3.466416047031064e-09,-5.154396904503331e-09,-1.7680475301142798e-09,7.963040079610059e-11,3.392373907431337e-10,-8.224079693088574e-10,7.963040079610059e-11,3.392373907431337e-10,-8.224079693088574e-10,3,False,250.0
b712773f15e0f684,20270301_h250_r0_p90_y80_TPMC_N400000_S101,101,sample,2475,triangle_2475,body,0.16514205238352486,0.05000000000000016,-0.016117530117576596,-2.2478363720624285e-16,1.0,1.0458336317430723e-14,0.0006671359148854219,-8.080992028387935e-14,7484.538922892781,-1319.726150268671,0.0,0.0,0.0,0.0,0.0,0.0,0.0,0.0,0.0,0,True,250.0
b712773f15e0f684,20270301_h250_r0_p90_y80_TPMC_N400000_S101,101,sample,2476,triangle_2476,body,0.1540145875519711,0.04999999999999997,0.002683705329227405,-2.123353710543069e-16,1.0,1.0437753694395549e-14,0.00046544185468954167,-8.080992028387935e-14,7484.538922892781,-1319.726150268671,1.1833930237863889e-09,-1.9186978604072938e-09,3.1772450981718843e-10,2.6781474892522512e-11,-3.87628607738564e-11,-3.3383395144936813e-10,2.6781474892522512e-11,-3.87628607738564e-11,-3.3383395144936813e-10,1,False,250.0
b712773f15e0f684,20270301_h250_r0_p90_y80_TPMC_N400000_S101,101,sample,2477,triangle_2477,body,-0.08740833333347175,0.05000000000000049,-0.0471667466664096,2.1565678959352618e-26,1.0,7.347271585923016e-15,0.00020176305300000072,-8.080992028387935e-14,7484.538922892781,-1319.726150268671,-1.0077485901805105e-09,-4.699909119142942e-09,3.5732191093113777e-09,-4.40047418101328e-11,3.924123177736257e-10,4.612795919049864e-10,-4.40047418101328e-11,3.924123177736257e-10,4.612795919049864e-10,2,False,250.0
b712773f15e0f684,20270301_h250_r0_p90_y80_TPMC_N400000_S101,101,sample,2478,triangle_2478,body,0.14150833333320337,0.05000000000000046,-0.044333493333748177,2.1565359781576968e-26,1.0,7.347271585923025e-15,0.00022524363999999817,-8.080992028387935e-14,7484.538922892781,-1319.726150268671,2.070491678859195e-09,-3.3081250989457156e-09,2.517354647645641e-09,-3.266356318637575e-11,-4.4537534679588295e-10,-5.584146551311468e-10,-3.266356318637575e-11,-4.4537534679588295e-10,-5.584146551311468e-10,1,False,250.0
b712773f15e0f684,20270301_h250_r0_p90_y80_TPMC_N400000_S101,101,sample,2479,triangle_2479,body,-0.06312500000013006,0.05000000000000047,-0.04433349333314754,-1.309225264684981e-16,1.0,6.9217613604283835e-15,0.0002252436400000004,-8.080992028387935e-14,7484.538922892781,-1319.726150268671,0.0,0.0,0.0,0.0,0.0,0.0,0.0,0.0,0.0,0,True,250.0
b712773f15e0f684,20270301_h250_r0_p90_y80_TPMC_N400000_S101,101,sample,2480,triangle_2480,body,-0.011966666666796659,0.05000000000000046,-0.0443334933332977,1.3092252650898457e-16,1.0,6.871316256771651e-15,0.0002252436400000005,-8.080992028387935e-14,7484.538922892781,-1319.726150268671,4.6733729716227436e-11,-1.315549417973464e-09,1.8822532234515245e-09,3.0248676624382316e-11,2.8538939308960845e-11,1.9195478626192677e-11,3.0248676624382316e-11,2.8538939308960845e-11,1.9195478626192677e-11,1,False,250.0
b712773f15e0f684,20270301_h250_r0_p90_y80_TPMC_N400000_S101,101,sample,2481,triangle_2481,body,-0.03809166666680502,0.05000000000000049,-0.04716674666655435,1.9169280286011763e-26,1.0,6.530908076376018e-15,0.00020176305300000002,-8.080992028387935e-14,7484.538922892781,-1319.726150268671,9.269396916708987e-10,-5.456957963823886e-09,8.610727991425731e-11,-2.6291577244998447e-10,-4.258650639523314e-11,2.1593244246767e-10,-2.6291577244998447e-10,-4.258650639523314e-11,2.1593244246767e-10,2,False,250.0
b712773f15e0f684,20270301_h250_r0_p90_y80_TPMC_N400000_S101,101,sample,2482,triangle_2482,body,0.03919166666653676,0.05000000000000046,-0.04433349333344786,2.1565359781576747e-26,0.9999999999999999,7.34727158592302e-15,0.00022524364000000048,-8.080992028387935e-14,7484.538922892781,-1319.726150268671,-2.170902902480803e-09,-1.6984182827755628e-09,-3.054217079898841e-10,-9.098194406945833e-11,1.1069362756469656e-10,3.1133627251598234e-11,-9.098194406945833e-11,1.1069362756469656e-10,3.1133627251598234e-11,1,False,250.0
b712773f15e0f684,20270301_h250_r0_p90_y80_TPMC_N400000_S101,101,sample,2483,triangle_2483,body,0.011224999999861702,0.05000000000000048,-0.0471667466666991,2.1566514190915795e-26,1.0,7.347271585923022e-15,0.00020176305300000002,-8.080992028387935e-14,7484.538922892781,-1319.726150268671,-7.493961697733543e-09,-1.3339269123925527e-08,-1.0400482754337394e-10,-6.415664560551554e-10,3.350026200195137e-10,3.2410471734430654e-10,-6.415664560551554e-10,3.350026200195137e-10,3.2410471734430654e-10,4,False,250.0
b712773f15e0f684,20270301_h250_r0_p90_y80_TPMC_N400000_S101,101,sample,2484,triangle_2484,body,0.09034999999987015,0.05000000000000046,-0.04433349333359802,2.156632170493561e-26,1.0,7.347271585923027e-15,0.00022524364000000012,-8.080992028387935e-14,7484.538922892781,-1319.726150268671,0.0,0.0,0.0,0.0,0.0,0.0,0.0,0.0,0.0,0,True,250.0
b712773f15e0f684,20270301_h250_r0_p90_y80_TPMC_N400000_S101,101,sample,2485,triangle_2485,body,0.0605416666665284,0.05000000000000049,-0.04716674666684386,2.1564366452610703e-26,0.9999999999999999,7.347271585923024e-15,0.00020176305299999972,-8.080992028387935e-14,7484.538922892781,-1319.726150268671,3.4474344901783665e-09,-6.460589465792507e-09,8.91747330819606e-10,-2.446280119105487e-10,-2.356046421644853e-10,-5.51208448325502e-10,-2.446280119105487e-10,-2.356046421644853e-10,-5.51208448325502e-10,3,False,250.0
b712773f15e0f684,20270301_h250_r0_p90_y80_TPMC_N400000_S101,101,sample,2486,triangle_2486,body,0.10985833333319507,0.05000000000000048,-0.04716674666698861,2.156651419091582e-26,1.0,7.347271585923027e-15,0.0002017630529999998,-8.080992028387935e-14,7484.538922892781,-1319.726150268671,0.0,0.0,0.0,0.0,0.0,0.0,0.0,0.0,0.0,0,True,250.0
b712773f15e0f684,20270301_h250_r0_p90_y80_TPMC_N400000_S101,101,sample,2487,triangle_2487,body,-0.10323333333342162,0.0500000000000003,-0.03007774666636313,-9.26400014604241e-16,1.0,1.0408340855863555e-14,0.0004962500000000016,-8.080992028387935e-14,7484.538922892781,-1319.726150268671,0.0,0.0,0.0,0.0,0.0,0.0,0.0,0.0,0.0,0,True,250.0
b712773f15e0f684,20270301_h250_r0_p90_y80_TPMC_N400000_S101,101,sample,2488,triangle_2488,body,0.15917499999986576,0.05000000000000046,-0.04575012000046671,1.0231123186430336e-15,0.9999999999999999,1.6327270190910216e-15,0.00010088152649999991,-8.080992028387935e-14,7484.538922892781,-1319.726150268671,-4.5166996584808755e-10,-1.5447549761229655e-09,1.4850491859484465e-09,5.488256123193146e-12,-2.1974960815121135e-10,-2.2691532605481365e-10,5.488256123193146e-12,-2.1974960815121135e-10,-2.2691532605481365e-10,1,False,250.0
b712773f15e0f684,20270301_h250_r0_p90_y80_TPMC_N400000_S101,101,sample,2489,triangle_2489,body,0.15917499999985749,0.05000000000000049,-0.04858337333380003,3.8338560572023496e-26,1.0,1.3061816152752023e-14,0.00010088152650000009,-8.080992028387935e-14,7484.538922892781,-1319.726150268671,6.425456700965577e-10,-3.462289059803981e-09,-6.893018497105807e-11,-1.7449017657831258e-10,-2.0177563572751666e-11,-6.130456467088232e-10,-1.7449017657831258e-10,-2.0177563572751666e-11,-6.130456467088232e-10,1,False,250.0
b712773f15e0f684,20270301_h250_r0_p90_y80_TPMC_N400000_S101,101,sample,2490,triangle_2490,body,-0.13042499999985321,0.016666666666666115,0.050000000000382995,2.935426841290212e-12,-1.0547118733942758e-14,1.0,0.0009787499999999985,-8.080992028387935e-14,7484.538922892781,-1319.726150268671,1.2653721062611159e-08,5.278398870240838e-07,-1.6431935949688108e-07,-2.8813267008042337e-08,-2.0832868278208626e-08,-6.905985989068409e-08,-2.8813267008042337e-08,-2.0832868278208626e-08,-6.905985989068409e-08,34,False,250.0
b712773f15e0f684,20270301_h250_r0_p90_y80_TPMC_N400000_S101,101,sample,2491,triangle_2491,body,-0.13042499999985321,-0.016666666666667215,0.05000000000038265,2.935426841290213e-12,-1.040834085585716e-14,1.0,0.0009787499999999961,-8.080992028387935e-14,7484.538922892781,-1319.726150268671,8.983552889831107e-09,3.565636868344692e-07,-1.1295990307772707e-07,-1.637517673342974e-08,-1.4277985456819707e-08,-4.647640908363792e-08,-1.637517673342974e-08,-1.4277985456819707e-08,-4.647640908363792e-08,21,False,250.0
b712773f15e0f684,20270301_h250_r0_p90_y80_TPMC_N400000_S101,101,sample,2492,triangle_2492,body,-0.11737499999985328,0.033333333333332785,0.05000000000034486,2.9357813186288637e-12,-1.0408340855860838e-14,1.0,0.0004893749999999973,-8.080992028387935e-14,7484.538922892781,-1319.726150268671,1.4087109364693014e-08,1.9947652445690005e-07,-5.8196921566289865e-08,-1.2305422581437308e-08,-6.160444034226968e-09,-2.4199492034868358e-08,-1.2305422581437308e-08,-6.160444034226968e-09,-2.4199492034868358e-08,12,False,250.0
b712773f15e0f684,20270301_h250_r0_p90_y80_TPMC_N400000_S101,101,sample,2493,triangle_2493,body,-0.11737499999985325,-0.03333333333333386,0.050000000000344165,2.9354268412902223e-12,-1.0408340855860857e-14,1.0,0.0004893749999999964,-8.080992028387935e-14,7484.538922892781,-1319.726150268671,7.928633405676705e-10,2.537820437295529e-07,-7.625582574542199e-08,-9.991140101056189e-09,-8.783299895996474e-09,-2.9370004636537334e-08,-9.991140101056189e-09,-8.783299895996474e-09,-2.9370004636537334e-08,21,False,250.0
b712773f15e0f684,20270301_h250_r0_p90_y80_TPMC_N400000_S101,101,sample,2494,triangle_2494,body,-0.1434749999998532,-0.03333333333333386,0.050000000000420784,2.9354268412902033e-12,-1.0408340855860854e-14,1.0,0.0004893749999999997,-8.080992028387935e-14,7484.538922892781,-1319.726150268671,7.213856497768362e-09,1.7100215680619227e-07,-4.553933138571552e-08,-6.9198831324416084e-09,-6.203853768311404e-09,-2.4447917840723966e-08,-6.9198831324416084e-09,-6.203853768311404e-09,-2.4447917840723966e-08,10,False,250.0
b712773f15e0f684,20270301_h250_r0_p90_y80_TPMC_N400000_S101,101,sample,2495,triangle_2495,body,-0.1434749999998532,0.0333333333333328,0.05000000000042148,2.9350723639515615e-12,-1.0408340855860832e-14,1.0,0.0004893750000000007,-8.080992028387935e-14,7484.538922892781,-1319.726150268671,1.4299636161637557e-08,2.0083081648448646e-07,-6.112394283504821e-08,-1.1685150397813396e-08,-8.17032660670277e-09,-2.9624227385896148e-08,-1.1685150397813396e-08,-8.17032660670277e-09,-2.9624227385896148e-08,13,False,250.0
b712773f15e0f684,20270301_h250_r0_p90_y80_TPMC_N400000_S101,101,sample,2496,triangle_2496,body,-0.09661666666651991,-0.04370007333333386,0.050000000000283144,2.9351075889747554e-12,-1.0957417022877038e-14,1.0,6.285105500000088e-06,-8.080992028387935e-14,7484.538922892781,-1319.726150268671,0.0,0.0,0.0,0.0,0.0,0.0,0.0,0.0,0.0,0,True,250.0
b712773f15e0f684,20270301_h250_r0_p90_y80_TPMC_N400000_S101,101,sample,2497,triangle_2497,body,-0.09661666666651991,-0.04412224666666719,0.05000000000028313,2.9351075889747554e-12,-1.09574170228774e-14,1.0,6.285105499999882e-06,-8.080992028387935e-14,7484.538922892781,-1319.726150268671,2.7712269087563123e-10,1.4716828787831963e-08,-5.558915826430097e-09,-4.979100589675264e-10,-5.088141638180364e-10,-1.3718705854171023e-09,-4.979100589675264e-10,-5.088141638180364e-10,-1.3718705854171023e-09,1,False,250.0
b712773f15e0f684,20270301_h250_r0_p90_y80_TPMC_N400000_S101,101,sample,2498,triangle_2498,body,-0.020788449102611604,-0.0060843041524632074,0.05000000000006095,2.935261432192239e-12,-1.0310330836974226e-14,1.0,0.0011535283682877877,-8.080992028387935e-14,7484.538922892781,-1319.726150268671,-9.650782800159041e-10,-1.7165497701603771e-09,-1.1588031177659922e-09,8.296867080349407e-11,-5.1487778622027676e-11,7.1712548215168775e-12,8.296867080349407e-11,-5.1487778622027676e-11,7.1712548215168775e-12,1,False,250.0
b712773f15e0f684,20270301_h250_r0_p90_y80_TPMC_N400000_S101,101,sample,2499,triangle_2499,body,-0.004054166666519795,-0.02386050534822259,0.050000000000011646,2.935283043879238e-12,-1.0330498740157675e-14,1.0,0.0013016514848163494,-8.080992028387935e-14,7484.538922892781,-1319.726150268671,3.049067539592402e-09,2.557804384737235e-09,-5.652070985303993e-09,4.2792960683436505e-11,9.62918464072982e-11,9.03805972941688e-11,4.2792960683436505e-11,9.62918464072982e-11,9.03805972941688e-11,2,False,250.0
b712773f15e0f684,20270301_h250_r0_p90_y80_TPMC_N400000_S101,101,sample,2500,triangle_2500,body,-0.08847557884697876,-0.014469942006314915,0.05000000000025955,2.9351059946520367e-12,-1.0275841353935423e-14,0.9999999999999999,0.0008591084957106154,-8.080992028387935e-14,7484.538922892781,-1319.726150268671,-4.463244815130752e-09,8.389531651619522e-08,-3.404150127860798e-08,-3.695537285670189e-09,-3.5170597314340604e-09,-8.520592387491813e-09,-3.695537285670189e-09,-3.5170597314340604e-09,-8.520592387491813e-09,9,False,250.0
b712773f15e0f684,20270301_h250_r0_p90_y80_TPMC_N400000_S101,101,sample,2501,triangle_2501,body,-0.06419224551364543,-0.027881102006314898,0.05000000000018814,2.935283043879241e-12,-1.0392529274899979e-14,1.0,0.000982014050498009,-8.080992028387935e-14,7484.538922892781,-1319.726150268671,9.638123778668154e-10,-8.963882536502127e-10,-5.487304378149946e-09,1.981768888571916e-10,-3.5515533171563083e-10,9.85602123296492e-11,1.981768888571916e-10,-3.5515533171563083e-10,9.85602123296492e-11,2,False,250.0
b712773f15e0f684,20270301_h250_r0_p90_y80_TPMC_N400000_S101,101,sample,2502,triangle_2502,body,0.047104166666813656,-0.02386050534822259,0.04999999999986149,2.9352830438792396e-12,-1.044644447844908e-14,1.0,0.0013016514848163488,-8.080992028387935e-14,7484.538922892781,-1319.726150268671,1.809058448960648e-09,1.9188021063415307e-10,-9.809413317880799e-09,2.3297385973509066e-10,5.436717329063365e-10,4.9130429697191e-11,2.3297385973509066e-10,5.436717329063365e-10,4.9130429697191e-11,4,False,250.0
b712773f15e0f684,20270301_h250_r0_p90_y80_TPMC_N400000_S101,101,sample,2503,triangle_2503,body,0.027050000000146873,-0.0074875306964446555,0.049999999999920525,2.9351630832704534e-12,-1.0347991343643715e-14,1.0,0.0011659604573897376,-8.080992028387935e-14,7484.538922892781,-1319.726150268671,9.922893745071754e-10,2.3110517689259676e-09,-5.448719286252412e-09,-1.4216990393014988e-11,1.432346527315401e-10,5.3223684885876785e-11,-1.4216990393014988e-11,1.432346527315401e-10,5.3223684885876785e-11,3,False,250.0
b712773f15e0f684,20270301_h250_r0_p90_y80_TPMC_N400000_S101,101,sample,2504,triangle_2504,body,0.0990864803590325,-0.025574558169572225,0.049999999999708895,2.9352830438792364e-12,-1.0957660738125396e-14,1.0,0.0011653842855190535,-8.080992028387935e-14,7484.538922892781,-1319.726150268671,1.0251284270160909e-09,-1.4455698525027708e-09,-1.7369324256788626e-09,1.0229915361902733e-10,2.2938910320777417e-10,-1.3053369164125058e-10,1.0229915361902733e-10,2.2938910320777417e-10,-1.3053369164125058e-10,1,False,250.0
b712773f15e0f684,20270301_h250_r0_p90_y80_TPMC_N400000_S101,101,sample,2505,triangle_2505,body,0.07719064702569901,-0.009201583517794295,0.04999999999977334,2.934820636789556e-12,-1.056588500112193e-14,0.9999999999999999,0.0011940494325165974,-8.080992028387935e-14,7484.538922892781,-1319.726150268671,4.646898460475696e-10,-3.213930932715514e-10,-2.338172303555527e-09,3.999353717389105e-12,2.0892558052184351e-10,-4.7219466689807246e-11,3.999353717389105e-12,2.0892558052184351e-10,-4.7219466689807246e-11,2,False,250.0
b712773f15e0f684,20270301_h250_r0_p90_y80_TPMC_N400000_S101,101,sample,2506,triangle_2506,body,-0.07162155689209349,0.0236765224921065,0.05000000000021048,2.935279366905649e-12,-1.0490385601042331e-14,1.0,0.0006111259034287302,-8.080992028387935e-14,7484.538922892781,-1319.726150268671,2.3327433699485993e-09,1.1261018010617068e-09,-4.915697662529487e-09,-1.9357036606671773e-10,-2.4023598806036896e-10,-1.4807952728053775e-10,-1.9357036606671773e-10,-2.4023598806036896e-10,-1.4807952728053775e-10,2,False,250.0
b712773f15e0f684,20270301_h250_r0_p90_y80_TPMC_N400000_S101,101,sample,2507,triangle_2507,body,-0.054051527949737145,0.01997292585611115,0.05000000000015886,2.9354777832615292e-12,-1.0502332207843831e-14,1.0,0.0008081259154996281,-8.080992028387935e-14,7484.538922892781,-1319.726150268671,4.410109859670194e-09,-1.841201390926483e-09,-9.494997881227726e-09,-1.0511685325790602e-10,-2.8772825621659996e-10,7.295419906138584e-12,-1.0511685325790602e-10,-2.8772825621659996e-10,7.295419906138584e-12,4,False,250.0
b712773f15e0f684,20270301_h250_r0_p90_y80_TPMC_N400000_S101,101,sample,2508,triangle_2508,body,0.10461148035903224,0.034581095163761115,0.04999999999969331,2.9351630832704595e-12,-1.0105316120956192e-14,1.0,0.0010980187606506242,-8.080992028387935e-14,7484.538922892781,-1319.726150268671,2.562715070942107e-09,-2.7016303632433564e-09,-6.456327514737646e-09,-7.083924172390791e-11,7.753985307264713e-10,-3.5751074011228535e-10,-7.083924172390791e-11,7.753985307264713e-10,-3.5751074011228535e-10,3,False,250.0
b712773f15e0f684,20270301_h250_r0_p90_y80_TPMC_N400000_S101,101,sample,2509,triangle_2509,body,0.05631250000014684,0.03629514798511075,0.04999999999983509,2.935309242173121e-12,-1.0548110224589486e-14,1.0,0.0009759567741102638,-8.080992028387935e-14,7484.538922892781,-1319.726150268671,1.0998045014520416e-09,-8.700979272175231e-10,-3.1307004183518755e-09,-7.691635902721108e-11,1.7804346659662272e-10,-7.65030750722097e-11,-7.691635902721108e-11,1.7804346659662272e-10,-7.65030750722097e-11,1,False,250.0
b712773f15e0f684,20270301_h250_r0_p90_y80_TPMC_N400000_S101,101,sample,2510,triangle_2510,body,0.008837500000146823,0.03629514798511075,0.04999999999997443,2.9351630832704566e-12,-1.0632495106390475e-14,1.0,0.0009759567741102642,-8.080992028387935e-14,7484.538922892781,-1319.726150268671,0.0,0.0,0.0,0.0,0.0,0.0,0.0,0.0,0.0,0,True,250.0
b712773f15e0f684,20270301_h250_r0_p90_y80_TPMC_N400000_S101,101,sample,2511,triangle_2511,body,0.163872537139977,0.023684566122363988,0.04999999999951924,2.934889787816445e-12,-1.0150711191851923e-14,1.0,0.0007530522730829037,-8.080992028387935e-14,7484.538922892781,-1319.726150268671,-1.9266790402151808e-09,5.5537955270976904e-08,-1.2643180397455876e-08,-3.2391302162114837e-09,2.0869098485314837e-09,9.609372027958271e-09,-3.2391302162114837e-09,2.0869098485314837e-09,9.609372027958271e-09,3,False,250.0
b712773f15e0f684,20270301_h250_r0_p90_y80_TPMC_N400000_S101,101,sample,2512,triangle_2512,body,0.148047537139977,0.03872347945569729,0.04999999999956586,2.9353092421731204e-12,-1.0564621028410252e-14,1.0,0.0008030292192611198,-8.080992028387935e-14,7484.538922892781,-1319.726150268671,2.0988435247741917e-09,1.2637995890678999e-08,-7.050112305088933e-09,-8.248822354167711e-10,1.1647628222182823e-09,2.1262661080541848e-09,-8.248822354167711e-10,1.1647628222182823e-09,2.1262661080541848e-09,2,False,250.0
b712773f15e0f684,20270301_h250_r0_p90_y80_TPMC_N400000_S101,101,sample,2513,triangle_2513,body,0.08087398035903226,0.020876243148872375,0.04999999999976284,2.9348497771655294e-12,-1.028283797877361e-14,1.0,0.0010878041473480929,-8.080992028387935e-14,7484.538922892781,-1319.726150268671,2.7697682018459634e-09,4.371978742749736e-09,-6.134963506359536e-09,-3.340427933554981e-10,6.071000124178066e-10,3.266224161519227e-10,-3.340427933554981e-10,6.071000124178066e-10,3.266224161519227e-10,3,False,250.0
b712773f15e0f684,20270301_h250_r0_p90_y80_TPMC_N400000_S101,101,sample,2514,triangle_2514,body,0.03257500000014683,0.022590295970222014,0.04999999999990462,2.9351630832704542e-12,-1.0632495106388648e-14,1.0,0.0009759567741102652,-8.080992028387935e-14,7484.538922892781,-1319.726150268671,2.7746459606696204e-09,1.803485791668747e-08,-2.023775042582991e-08,-1.550280275900838e-09,8.518764737324704e-10,6.151608428954359e-10,-1.550280275900838e-09,8.518764737324704e-10,6.151608428954359e-10,6,False,250.0
b712773f15e0f684,20270301_h250_r0_p90_y80_TPMC_N400000_S101,101,sample,2515,triangle_2515,body,0.12456185449978079,-0.01649769322393516,0.04999999999963422,2.9353478513030445e-12,-1.0934464282867342e-14,1.0,0.0007294149373406496,-8.080992028387935e-14,7484.538922892781,-1319.726150268671,0.0,0.0,0.0,0.0,0.0,0.0,0.0,0.0,0.0,0,True,250.0
b712773f15e0f684,20270301_h250_r0_p90_y80_TPMC_N400000_S101,101,sample,2516,triangle_2516,body,0.14747537414089537,-0.031156615054363457,0.0499999999995668,2.935021198826297e-12,-1.0653449455404505e-14,1.0,0.00072161076317814,-8.080992028387935e-14,7484.538922892781,-1319.726150268671,0.0,0.0,0.0,0.0,0.0,0.0,0.0,0.0,0.0,0,True,250.0
b712773f15e0f684,20270301_h250_r0_p90_y80_TPMC_N400000_S101,101,sample,2517,triangle_2517,body,-0.037159282435944914,0.0376983745290922,0.050000000000109464,2.935309242173122e-12,-1.0630991770996413e-14,1.0,0.0008760295038469847,-8.080992028387935e-14,7484.538922892781,-1319.726150268671,1.111070780647441e-09,8.798728359073159e-10,-1.8482503654563168e-09,-1.210847564060957e-10,-3.6834674222331673e-11,-9.032518927766268e-11,-1.210847564060957e-10,-3.6834674222331673e-11,-9.032518927766268e-11,1,False,250.0
b712773f15e0f684,20270301_h250_r0_p90_y80_TPMC_N400000_S101,101,sample,2518,triangle_2518,body,-0.04559319461640382,-0.010104900810555517,0.05000000000013372,2.9353814708025625e-12,-1.0316627013873467e-14,1.0,0.0008138059584479405,-8.080992028387935e-14,7484.538922892781,-1319.726150268671,7.519563347656362e-09,-6.737047724576818e-10,-8.053307873431736e-09,7.812734441381549e-11,-6.063297708012084e-11,6.283630579492436e-11,7.812734441381549e-11,-6.063297708012084e-11,6.283630579492436e-11,3,False,250.0
b712773f15e0f684,20270301_h250_r0_p90_y80_TPMC_N400000_S101,101,sample,2519,triangle_2519,body,0.13110105830627752,0.002303612898429314,0.04999999999961522,2.935679543742281e-12,-1.0158687399873919e-14,1.0,0.0005394221456536147,-8.080992028387935e-14,7484.538922892781,-1319.726150268671,1.2290980597956484e-09,4.5651764039174227e-10,-1.318899366718851e-09,-1.100831637479397e-11,2.456565238211016e-10,7.477161547897927e-11,-1.100831637479397e-11,2.456565238211016e-10,7.477161547897927e-11,1,False,250.0
b712773f15e0f684,20270301_h250_r0_p90_y80_TPMC_N400000_S101,101,sample,2520,triangle_2520,body,-0.10220431137830129,0.024735304498420846,0.05000000000030025,2.9348284290964543e-12,-1.0408340855860814e-14,1.0,0.0005734266466163941,-8.080992028387935e-14,7484.538922892781,-1319.726150268671,-3.929516825690494e-09,2.821691877561219e-07,-9.530027517326539e-08,-1.6769285136484382e-08,-9.875609609678379e-09,-2.8426149252166334e-08,-1.6769285136484382e-08,-9.875609609678379e-09,-2.8426149252166334e-08,21,False,250.0
b712773f15e0f684,20270301_h250_r0_p90_y80_TPMC_N400000_S101,101,sample,2521,triangle_2521,body,-0.0874465568920935,0.0070098558254398135,0.05000000000025675,2.9350794250437522e-12,-1.0646179868879365e-14,1.0,0.0005722654216389572,-8.080992028387935e-14,7484.538922892781,-1319.726150268671,3.0346113771434725e-09,1.1538435391656762e-07,-4.2718449806295096e-08,-6.059006220957492e-09,-4.018745212362045e-09,-1.1358007102453957e-08,-6.059006220957492e-09,-4.018745212362045e-09,-1.1358007102453957e-08,9,False,250.0
b712773f15e0f684,20270301_h250_r0_p90_y80_TPMC_N400000_S101,101,sample,2522,triangle_2522,body,-0.08637931137830125,0.04140197116508754,0.05000000000025398,2.9350169243677905e-12,-1.0240723814915482e-14,1.0,0.0006122871284061669,-8.080992028387935e-14,7484.538922892781,-1319.726150268671,2.551296345716266e-09,5.210228848376865e-08,-2.0338097346444053e-08,-3.409920762585921e-09,-1.808557731455745e-09,-5.103633118895764e-09,-3.409920762585921e-09,-1.808557731455745e-09,-5.103633118895764e-09,5,False,250.0
b712773f15e0f684,20270301_h250_r0_p90_y80_TPMC_N400000_S101,101,sample,2523,triangle_2523,body,-0.01342178243594494,0.02399352251420346,0.050000000000039645,2.9352339222595555e-12,-1.059159619696513e-14,0.9999999999999999,0.0008348287506623508,-8.080992028387935e-14,7484.538922892781,-1319.726150268671,-7.980093150197799e-10,2.9595461007860135e-10,-1.1628129341138387e-09,-4.402818024067254e-11,-4.072792164770436e-11,1.9849522745856118e-11,-4.402818024067254e-11,-4.072792164770436e-11,1.9849522745856118e-11,1,False,250.0
b712773f15e0f684,20270301_h250_r0_p90_y80_TPMC_N400000_S101,101,sample,2524,triangle_2524,body,0.12513401749886244,0.023304574619458913,0.04999999999963295,2.9357567016500033e-12,-1.0378219779641146e-14,1.0,0.000685641219684549,-8.080992028387935e-14,7484.538922892781,-1319.726150268671,2.06894367663578e-09,8.163705652966051e-10,-1.4974543513125083e-09,-7.539444350704707e-11,2.7969805074160307e-10,4.831559545403694e-11,-7.539444350704707e-11,2.7969805074160307e-10,4.831559545403694e-11,1,False,250.0
b712773f15e0f684,20270301_h250_r0_p90_y80_TPMC_N400000_S101,101,sample,2525,triangle_2525,body,0.16514204080756187,-0.016117701721030088,0.049999999999515106,2.935059265374241e-12,-1.0612107155118127e-14,0.9999999999999999,0.0006671384727336977,-8.080992028387935e-14,7484.538922892781,-1319.726150268671,-9.474550014000499e-11,1.5921932971554963e-08,-1.028825219380054e-08,-5.903711810294519e-10,1.790356969749426e-09,2.794157802692386e-09,-5.903711810294519e-10,1.790356969749426e-09,2.794157802692386e-09,2,False,250.0
b712773f15e0f684,20270301_h250_r0_p90_y80_TPMC_N400000_S101,101,sample,2526,triangle_2526,body,0.15401457794739207,0.0026836044013343855,0.04999999999954796,2.9348504963492283e-12,-1.0266917650533554e-14,1.0,0.0004654439396341659,-8.080992028387935e-14,7484.538922892781,-1319.726150268671,0.0,0.0,0.0,0.0,0.0,0.0,0.0,0.0,0.0,0,True,250.0
b712773f15e0f684,20270301_h250_r0_p90_y80_TPMC_N400000_S101,101,sample,2527,triangle_2527,body,-0.08740833333318654,-0.04716666666666718,0.05000000000025607,2.9353092421731156e-12,-1.1428336550812017e-14,1.0,0.00020176875,-8.080992028387935e-14,7484.538922892781,-1319.726150268671,-1.542049091344096e-09,7.679702079092328e-08,-6.991963980106784e-08,-5.337118163395052e-10,-5.861568959439959e-09,-7.1571543480908154e-09,-5.337118163395052e-10,-5.861568959439959e-09,-7.1571543480908154e-09,24,False,250.0
b712773f15e0f684,20270301_h250_r0_p90_y80_TPMC_N400000_S101,101,sample,2528,triangle_2528,body,0.1415083333334803,-0.044333333333333856,0.049999999999584176,2.935283043879275e-12,-1.128244125345425e-14,1.0,0.00022524999999999748,-8.080992028387935e-14,7484.538922892781,-1319.726150268671,9.893831177865272e-09,7.515596762954865e-08,-1.5712638314712066e-07,3.150923049237873e-09,2.251019332304167e-08,1.1359805241064481e-08,3.150923049237873e-09,2.251019332304167e-08,1.1359805241064481e-08,52,False,250.0
b712773f15e0f684,20270301_h250_r0_p90_y80_TPMC_N400000_S101,101,sample,2529,triangle_2529,body,-0.06312499999985317,-0.044333333333333856,0.05000000000018482,2.9352830438792412e-12,-1.1513481005904592e-14,1.0,0.00022525000000000005,-8.080992028387935e-14,7484.538922892781,-1319.726150268671,8.20710689136388e-10,1.1669139534266644e-07,-1.45013924026583e-07,4.87134051734026e-10,-9.43043335979875e-09,-7.3160850714716026e-09,4.87134051734026e-10,-9.43043335979875e-09,-7.3160850714716026e-09,52,False,250.0
b712773f15e0f684,20270301_h250_r0_p90_y80_TPMC_N400000_S101,101,sample,2530,triangle_2530,body,-0.011966666666519776,-0.044333333333333856,0.05000000000003466,2.9352830438792384e-12,-1.0027125264046908e-14,0.9999999999999999,0.00022525000000000062,-8.080992028387935e-14,7484.538922892781,-1319.726150268671,-8.401022027248994e-09,1.604022485345721e-07,-1.4774422859624278e-07,-1.4374552938268233e-09,-1.8149903462199733e-09,-1.7688802387815469e-09,-1.4374552938268233e-09,-1.8149903462199733e-09,-1.7688802387815469e-09,53,False,250.0
b712773f15e0f684,20270301_h250_r0_p90_y80_TPMC_N400000_S101,101,sample,2531,triangle_2531,body,-0.038091666666519815,-0.04716666666666719,0.050000000000111317,2.9350169243677965e-12,-1.0719035993796528e-14,1.0,0.00020176874999999972,-8.080992028387935e-14,7484.538922892781,-1319.726150268671,-7.271085750393319e-09,1.1185586805461981e-07,-1.0871383008771625e-07,-4.672311943263878e-10,-4.356156411571255e-09,-4.474346713690141e-09,-4.672311943263878e-10,-4.356156411571255e-09,-4.474346713690141e-09,34,False,250.0
b712773f15e0f684,20270301_h250_r0_p90_y80_TPMC_N400000_S101,101,sample,2532,triangle_2532,body,0.03919166666681365,-0.04433333333333384,0.0499999999998845,2.9352830438792392e-12,-1.098979090003612e-14,0.9999999999999999,0.0002252500000000003,-8.080992028387935e-14,7484.538922892781,-1319.726150268671,2.3871383444650107e-08,1.246096103875516e-07,-2.0486514512674146e-07,2.700423850479337e-09,8.30631929898964e-09,5.724114646519209e-09,2.700423850479337e-09,8.30631929898964e-09,5.724114646519209e-09,72,False,250.0
b712773f15e0f684,20270301_h250_r0_p90_y80_TPMC_N400000_S101,101,sample,2533,triangle_2533,body,0.011225000000146895,-0.04716666666666718,0.04999999999996655,2.9354554010757818e-12,-1.0653694366777372e-14,1.0,0.00020176874999999983,-8.080992028387935e-14,7484.538922892781,-1319.726150268671,-9.994017298065485e-09,1.9312646638620282e-07,-1.5783287904062544e-07,-2.2561667905289787e-09,1.5258942111053316e-09,1.446132973880792e-09,-2.2561667905289787e-09,1.5258942111053316e-09,1.446132973880792e-09,49,False,250.0
b712773f15e0f684,20270301_h250_r0_p90_y80_TPMC_N400000_S101,101,sample,2534,triangle_2534,body,0.09035000000014709,-0.04433333333333384,0.04999999999973434,2.9351521213527483e-12,-1.0489974901900747e-14,1.0,0.00022525000000000068,-8.080992028387935e-14,7484.538922892781,-1319.726150268671,-5.26263558734019e-09,1.021891044740742e-07,-2.001133078963738e-07,3.6787283292909437e-09,1.8036214171422242e-08,8.357553435395291e-09,3.6787283292909437e-09,1.8036214171422242e-08,8.357553435395291e-09,72,False,250.0
b712773f15e0f684,20270301_h250_r0_p90_y80_TPMC_N400000_S101,101,sample,2535,triangle_2535,body,0.0605416666668136,-0.04716666666666718,0.0499999999998218,2.9351630832704575e-12,-1.0475724408877951e-14,0.9999999999999999,0.00020176874999999997,-8.080992028387935e-14,7484.538922892781,-1319.726150268671,-5.9405122582727765e-09,1.2675740199102754e-07,-1.0967060786590464e-07,-1.2227424744102142e-09,6.702269205264803e-09,7.613345689651856e-09,-1.2227424744102142e-09,6.702269205264803e-09,7.613345689651856e-09,38,False,250.0
b712773f15e0f684,20270301_h250_r0_p90_y80_TPMC_N400000_S101,101,sample,2536,triangle_2536,body,0.10985833333348032,-0.04716666666666718,0.049999999999677046,2.9353092421731224e-12,-1.1265412362453316e-14,1.0,0.0002017687499999995,-8.080992028387935e-14,7484.538922892781,-1319.726150268671,-8.889867688797944e-09,6.223130148619013e-08,-1.1895026351940982e-07,2.423519409241131e-09,1.2848949576917573e-08,6.514795396255569e-09,2.423519409241131e-09,1.2848949576917573e-08,6.514795396255569e-09,41,False,250.0
b712773f15e0f684,20270301_h250_r0_p90_y80_TPMC_N400000_S101,101,sample,2537,triangle_2537,body,-0.10323333333318656,-0.030077826666667206,0.0500000000003027,2.934837434648978e-12,-1.0408340855860955e-14,1.0,0.0004962499999999981,-8.080992028387935e-14,7484.538922892781,-1319.726150268671,-3.217680218088788e-09,7.151676075415424e-08,-3.521292269885145e-08,-2.4654082214466487e-09,-3.8003018303060145e-09,-7.390531523786834e-09,-2.4654082214466487e-09,-3.8003018303060145e-09,-7.390531523786834e-09,10,False,250.0
b712773f15e0f684,20270301_h250_r0_p90_y80_TPMC_N400000_S101,101,sample,2538,triangle_2538,body,0.1591750000001468,-0.04575000000000051,0.04999999999953231,2.9350169243677953e-12,-9.796085511398464e-15,1.0,0.00010088437499999974,-8.080992028387935e-14,7484.538922892781,-1319.726150268671,-4.2424771421942555e-10,1.2794504845884867e-07,-7.474623781016479e-08,-2.979220927362921e-09,1.177631411218243e-08,2.0312536532692415e-08,-2.979220927362921e-09,1.177631411218243e-08,2.0312536532692415e-08,21,False,250.0
b712773f15e0f684,20270301_h250_r0_p90_y80_TPMC_N400000_S101,101,sample,2539,triangle_2539,body,0.1591750000001468,-0.048583333333333846,0.04999999999953228,2.9350169243677953e-12,-9.796085511398448e-15,1.0,0.0001008843749999999,-8.080992028387935e-14,7484.538922892781,-1319.726150268671,5.976322198319929e-10,3.680392792537565e-08,-4.8253788250487854e-08,4.914486912123657e-10,7.753512668221118e-09,5.944810124194245e-09,4.914486912123657e-10,7.753512668221118e-09,5.944810124194245e-09,17,False,250.0
b712773f15e0f684,20270301_h250_r0_p90_y80_TPMC_N400000_S101,101,sample,2540,triangle_2540,body,0.1750000000000921,0.03743795243457396,0.03136201838460437,1.0,4.117490616312869e-15,-2.9369843293862992e-12,0.00020087143705750313,-8.080992028387935e-14,7484.538922892781,-1319.726150268671,-3.180206435632197e-09,1.2692651491173662e-08,-3.8287843843744315e-09,-6.389253971312115e-10,5.479167064829209e-10,2.34707143554473e-09,-6.389253971312115e-10,5.479167064829209e-10,2.34707143554473e-09,1,False,250.0
b712773f15e0f684,20270301_h250_r0_p90_y80_TPMC_N400000_S101,101,sample,2541,triangle_2541,body,0.17499999999990865,-0.03740565574144624,-0.031134321103897897,1.0,-5.060399886651761e-16,-2.9327856675819565e-12,0.00020878307710978032,-8.080992028387935e-14,7484.538922892781,-1319.726150268671,-2.1334544932655053e-08,1.2282288381346054e-08,-5.781975119243884e-09,5.645370139436123e-10,1.5914734190347708e-09,1.4106926111467456e-09,5.645370139436123e-10,1.5914734190347708e-09,1.4106926111467456e-09,9,False,250.0
b712773f15e0f684,20270301_h250_r0_p90_y80_TPMC_N400000_S101,101,sample,2542,triangle_2542,body,0.17499999999997953,0.04216486165752436,-0.006989942803166479,1.0,2.0542491037170333e-15,-2.9374336804313487e-12,0.00010734208946999373,-8.080992028387935e-14,7484.538922892781,-1319.726150268671,0.0,0.0,0.0,0.0,0.0,0.0,0.0,0.0,0.0,0,True,250.0
b712773f15e0f684,20270301_h250_r0_p90_y80_TPMC_N400000_S101,101,sample,2543,triangle_2543,body,0.1749999999998891,-0.03211851326931093,-0.03781269200837214,1.0,-3.2614177161982723e-15,-2.9300454321344633e-12,0.00019502242989023787,-8.080992028387935e-14,7484.538922892781,-1319.726150268671,-9.636685023312202e-09,1.8939239967816578e-08,-2.0155039422997462e-09,1.0365529454182776e-09,7.326821136176631e-10,2.953947006557165e-09,1.0365529454182776e-09,7.326821136176631e-10,2.953947006557165e-09,5,False,250.0
b712773f15e0f684,20270301_h250_r0_p90_y80_TPMC_N400000_S101,101,sample,2544,triangle_2544,body,0.1750000000001111,0.03242210218465753,0.0378369151224214,1.0,-2.0709953856027615e-15,-2.9308366255926956e-12,0.00018541269685489758,-8.080992028387935e-14,7484.538922892781,-1319.726150268671,0.0,0.0,0.0,0.0,0.0,0.0,0.0,0.0,0.0,0,True,250.0
b712773f15e0f684,20270301_h250_r0_p90_y80_TPMC_N400000_S101,101,sample,2545,triangle_2545,body,0.1750000000000194,-0.038184574937410724,0.006597155348799483,1.0,-1.263076078068024e-15,-2.9385731498035077e-12,9.162941170824871e-05,-8.080992028387935e-14,7484.538922892781,-1319.726150268671,-8.365188985022824e-09,1.6366943934930174e-08,-5.9881349454700384e-09,5.0108724175764845e-11,9.888322023859e-10,2.566937777969627e-09,5.0108724175764845e-11,9.888322023859e-10,2.566937777969627e-09,3,False,250.0
b712773f15e0f684,20270301_h250_r0_p90_y80_TPMC_N400000_S101,101,sample,2546,triangle_2546,body,0.17500000000000218,-0.03916076817552903,0.0007471498573463248,1.0,-3.702221611079615e-16,-2.9417517586580884e-12,6.42173006597602e-05,-8.080992028387935e-14,7484.538922892781,-1319.726150268671,-1.9326357778031673e-08,-7.178854750554332e-09,-3.2484337785698407e-09,1.367109019943323e-10,5.40295266569292e-10,-1.986391068993778e-09,1.367109019943323e-10,5.40295266569292e-10,-1.986391068993778e-09,7,False,250.0
b712773f15e0f684,20270301_h250_r0_p90_y80_TPMC_N400000_S101,101,sample,2547,triangle_2547,body,0.1749999999999763,-0.03404758939023842,-0.008065748800179974,1.0,-1.8284732279569928e-14,-2.9363373737689982e-12,2.9189274276785658e-05,-8.080992028387935e-14,7484.538922892781,-1319.726150268671,0.0,0.0,0.0,0.0,0.0,0.0,0.0,0.0,0.0,0,True,250.0
b712773f15e0f684,20270301_h250_r0_p90_y80_TPMC_N400000_S101,101,sample,2548,triangle_2548,body,0.17500000000012786,-0.032118727115493274,0.043550620822090526,1.0,1.0142977115099878e-15,-2.932347349389024e-12,6.856779108977966e-05,-8.080992028387935e-14,7484.538922892781,-1319.726150268671,-2.443148821822804e-09,-1.1364382255787982e-09,1.3303273782385135e-09,1.1407956643059286e-11,-3.349362420281274e-10,-2.6517007656241245e-10,1.1407956643059286e-11,-3.349362420281274e-10,-2.6517007656241245e-10,1,False,250.0
b712773f15e0f684,20270301_h250_r0_p90_y80_TPMC_N400000_S101,101,sample,2549,triangle_2549,body,0.175000000000025,0.040495916344665754,0.00848602247600889,1.0,1.9311301405141017e-15,-2.9302160167003364e-12,8.386705576571355e-05,-8.080992028387935e-14,7484.538922892781,-1319.726150268671,0.0,0.0,0.0,0.0,0.0,0.0,0.0,0.0,0.0,0,True,250.0
b712773f15e0f684,20270301_h250_r0_p90_y80_TPMC_N400000_S101,101,sample,2550,triangle_2550,body,0.17500000000013818,-0.0453254105709661,0.04707565648377023,1.0,2.879180408056014e-26,-2.9391131842467905e-12,1.864268991268713e-05,-8.080992028387935e-14,7484.538922892781,-1319.726150268671,-4.212667471565826e-09,-2.854629245375873e-09,-1.2634393322607098e-10,1.2956387236070286e-10,-1.6121045220573735e-10,-6.7762208181442e-10,1.2956387236070286e-10,-1.6121045220573735e-10,-6.7762208181442e-10,1,False,250.0
b712773f15e0f684,20270301_h250_r0_p90_y80_TPMC_N400000_S101,101,sample,2551,triangle_2551,body,0.1750000000000886,-0.03043610478256845,0.030172426318801182,1.0,1.5996867389291584e-15,-2.919731516157646e-12,1.3804001698173573e-05,-8.080992028387935e-14,7484.538922892781,-1319.726150268671,0.0,0.0,0.0,0.0,0.0,0.0,0.0,0.0,0.0,0,True,250.0
b712773f15e0f684,20270301_h250_r0_p90_y80_TPMC_N400000_S101,101,sample,2552,triangle_2552,body,0.17499999999989332,0.03771163851904905,-0.03636774580075378,0.9999999999999999,-5.189984961426422e-15,-2.9307508208672145e-12,3.0067518451768525e-05,-8.080992028387935e-14,7484.538922892781,-1319.726150268671,0.0,0.0,0.0,0.0,0.0,0.0,0.0,0.0,0.0,0,True,250.0
b712773f15e0f684,20270301_h250_r0_p90_y80_TPMC_N400000_S101,101,sample,2553,triangle_2553,body,0.17500000000006163,-0.03558350190204183,0.020971754345421225,1.0,7.101003412342576e-15,-2.9296622186395558e-12,2.8336359626547408e-05,-8.080992028387935e-14,7484.538922892781,-1319.726150268671,-2.838310669210724e-09,-1.2701802346038086e-09,1.6327187573167797e-09,-3.075749299674024e-11,-3.544601467592342e-10,-3.292224031176947e-10,-3.075749299674024e-11,-3.544601467592342e-10,-3.292224031176947e-10,1,False,250.0
b712773f15e0f684,20270301_h250_r0_p90_y80_TPMC_N400000_S101,101,sample,2554,triangle_2554,body,0.17499999999991886,0.02682189381966951,-0.027653455745147246,1.0,-2.210428207088189e-16,-2.9250778828763963e-12,1.644221458383733e-05,-8.080992028387935e-14,7484.538922892781,-1319.726150268671,0.0,0.0,0.0,0.0,0.0,0.0,0.0,0.0,0.0,0,True,250.0
b712773f15e0f684,20270301_h250_r0_p90_y80_TPMC_N400000_S101,101,sample,2555,triangle_2555,body,0.17500000000006644,-0.026772891094962493,0.022627857544802506,1.0,-1.4352461568043695e-14,-2.9573595992552644e-12,1.0180819295418317e-05,-8.080992028387935e-14,7484.538922892781,-1319.726150268671,0.0,0.0,0.0,0.0,0.0,0.0,0.0,0.0,0.0,0,True,250.0
b712773f15e0f684,20270301_h250_r0_p90_y80_TPMC_N400000_S101,101,sample,2556,triangle_2556,body,0.1749999999998887,0.04363174880364027,-0.03793306515621111,1.0,1.5080289192296305e-14,-2.918618482985112e-12,3.016795379947025e-05,-8.080992028387935e-14,7484.538922892781,-1319.726150268671,0.0,0.0,0.0,0.0,0.0,0.0,0.0,0.0,0.0,0,True,250.0
b712773f15e0f684,20270301_h250_r0_p90_y80_TPMC_N400000_S101,101,sample,2557,triangle_2557,body,0.17499999999986646,0.047619741869501055,-0.04552077212277835,0.9999999999999999,5.685161400199578e-16,-2.938908634369205e-12,1.5173717135470118e-05,-8.080992028387935e-14,7484.538922892781,-1319.726150268671,0.0,0.0,0.0,0.0,0.0,0.0,0.0,0.0,0.0,0,True,250.0
b712773f15e0f684,20270301_h250_r0_p90_y80_TPMC_N400000_S101,101,sample,2558,triangle_2558,body,0.17499999999990776,0.02257997846028224,-0.0314253390927004,1.0,4.497043979122353e-16,-2.9450972504970076e-12,1.4700723197302948e-05,-8.080992028387935e-14,7484.538922892781,-1319.726150268671,0.0,0.0,0.0,0.0,0.0,0.0,0.0,0.0,0.0,0,True,250.0
b712773f15e0f684,20270301_h250_r0_p90_y80_TPMC_N400000_S101,101,sample,2559,triangle_2559,body,0.17499999999990049,0.005475358066773752,-0.03391951703872447,0.9999999999999999,-8.63364709171138e-15,-2.9342580389261185e-12,2.1008651446511585e-05,-8.080992028387935e-14,7484.538922892781,-1319.726150268671,0.0,0.0,0.0,0.0,0.0,0.0,0.0,0.0,0.0,0,True,250.0
b712773f15e0f684,20270301_h250_r0_p90_y80_TPMC_N400000_S101,101,sample,2560,triangle_2560,body,0.1750000000000963,-0.029458560141712737,0.03279831413611128,1.0,-6.5242005524098286e-15,-2.941796477901312e-12,1.3214965251963666e-05,-8.080992028387935e-14,7484.538922892781,-1319.726150268671,0.0,0.0,0.0,0.0,0.0,0.0,0.0,0.0,0.0,0,True,250.0
b712773f15e0f684,20270301_h250_r0_p90_y80_TPMC_N400000_S101,101,sample,2561,triangle_2561,body,0.1750000000000669,-0.02424746610187289,0.022792529189126224,1.0,2.4516455352259597e-15,-2.9544758994574077e-12,1.248685026228284e-05,-8.080992028387935e-14,7484.538922892781,-1319.726150268671,-2.6744855959474414e-09,1.1741260901992305e-09,1.330957650438768e-09,-5.842499987120315e-11,-2.9580941796631126e-10,1.4355132539276913e-10,-5.842499987120315e-11,-2.9580941796631126e-10,1.4355132539276913e-10,1,False,250.0
b712773f15e0f684,20270301_h250_r0_p90_y80_TPMC_N400000_S101,101,sample,2562,triangle_2562,body,0.17500000000006033,-0.02806043368428704,0.020556397649246896,1.0,1.2915970192921972e-14,-2.9248388755148323e-12,8.81608303825226e-06,-8.080992028387935e-14,7484.538922892781,-1319.726150268671,-6.9297701645556145e-09,-1.3509971361339099e-09,1.7092337973625394e-09,-2.131234715064734e-11,-4.3909027119838794e-10,-4.392078016340649e-10,-2.131234715064734e-11,-4.3909027119838794e-10,-4.392078016340649e-10,3,False,250.0
b712773f15e0f684,20270301_h250_r0_p90_y80_TPMC_N400000_S101,101,sample,2563,triangle_2563,body,0.17500000000012017,0.0011399034880904852,0.040932012986406294,1.0,-1.822338282178433e-15,-2.9325440804091984e-12,9.475141728177562e-05,-8.080992028387935e-14,7484.538922892781,-1319.726150268671,-5.815621582620815e-09,6.689516810216678e-10,9.952284393098546e-10,-2.6923957452484942e-11,-4.21305836169982e-10,1.2764797996044682e-10,-2.6923957452484942e-11,-4.21305836169982e-10,1.2764797996044682e-10,2,False,250.0
b712773f15e0f684,20270301_h250_r0_p90_y80_TPMC_N400000_S101,101,sample,2564,triangle_2564,body,0.17500000000012758,-0.03804916557595254,0.043463818024606415,1.0,-1.0199579141642741e-14,-2.939121611149846e-12,2.867352156485024e-05,-8.080992028387935e-14,7484.538922892781,-1319.726150268671,-4.42414709941842e-09,-2.596611891106223e-09,1.761420860799528e-09,4.754881585433381e-11,-4.985034892547346e-10,-6.231471323742336e-10,4.754881585433381e-11,-4.985034892547346e-10,-6.231471323742336e-10,2,False,250.0
b712773f15e0f684,20270301_h250_r0_p90_y80_TPMC_N400000_S101,101,sample,2565,triangle_2565,body,0.1749999999999253,0.024045024887300526,-0.025462475516482178,0.9999999999999999,1.2827839933347856e-14,-2.9393629198270744e-12,1.4051682655758587e-05,-8.080992028387935e-14,7484.538922892781,-1319.726150268671,0.0,0.0,0.0,0.0,0.0,0.0,0.0,0.0,0.0,0,True,250.0
b712773f15e0f684,20270301_h250_r0_p90_y80_TPMC_N400000_S101,101,sample,2566,triangle_2566,body,0.17499999999990998,0.026159972904088846,-0.030684199980013704,1.0,-5.295849530574865e-15,-2.947672205048368e-12,1.5603827165138982e-05,-8.080992028387935e-14,7484.538922892781,-1319.726150268671,0.0,0.0,0.0,0.0,0.0,0.0,0.0,0.0,0.0,0,True,250.0
b712773f15e0f684,20270301_h250_r0_p90_y80_TPMC_N400000_S101,101,sample,2567,triangle_2567,body,0.17499999999989568,0.0008849221032535731,-0.03555904997829592,1.0,-2.5829311038039876e-15,-2.9315587723735273e-12,3.9252025946219026e-05,-8.080992028387935e-14,7484.538922892781,-1319.726150268671,0.0,0.0,0.0,0.0,0.0,0.0,0.0,0.0,0.0,0,True,250.0
b712773f15e0f684,20270301_h250_r0_p90_y80_TPMC_N400000_S101,101,sample,2568,triangle_2568,body,0.1749999999999099,0.042740310648346054,-0.03070357990975529,1.0,4.752310644673589e-15,-2.935138843442448e-12,8.957092086358494e-05,-8.080992028387935e-14,7484.538922892781,-1319.726150268671,0.0,0.0,0.0,0.0,0.0,0.0,0.0,0.0,0.0,0,True,250.0
b712773f15e0f684,20270301_h250_r0_p90_y80_TPMC_N400000_S101,101,sample,2569,triangle_2569,body,0.1750000000000825,-0.025139059990780796,0.028083986006794997,0.9999999999999999,-3.646591527660002e-15,-2.9241220924641325e-12,1.137034390055188e-05,-8.080992028387935e-14,7484.538922892781,-1319.726150268671,-3.505671111618822e-09,1.617874179323687e-08,-5.8151768879991764e-09,-3.112385632248559e-10,9.169512495601774e-10,2.738733120295308e-09,-3.112385632248559e-10,9.169512495601774e-10,2.738733120295308e-09,1,False,250.0
b712773f15e0f684,20270301_h250_r0_p90_y80_TPMC_N400000_S101,101,sample,2570,triangle_2570,body,0.17499999999993401,0.024693688651974317,-0.022486553801450333,1.0,1.3491779283267659e-14,-2.9359070000347877e-12,1.3440609762653705e-05,-8.080992028387935e-14,7484.538922892781,-1319.726150268671,0.0,0.0,0.0,0.0,0.0,0.0,0.0,0.0,0.0,0,True,250.0
b712773f15e0f684,20270301_h250_r0_p90_y80_TPMC_N400000_S101,101,sample,2571,triangle_2571,body,0.17500000000008153,-0.02808435906075572,0.027754710368320473,1.0,3.916947234192813e-15,-2.922585232541627e-12,1.1365786269753089e-05,-8.080992028387935e-14,7484.538922892781,-1319.726150268671,0.0,0.0,0.0,0.0,0.0,0.0,0.0,0.0,0.0,0,True,250.0
b712773f15e0f684,20270301_h250_r0_p90_y80_TPMC_N400000_S101,101,sample,2572,triangle_2572,body,0.17500000000007557,-0.02327402978769673,0.025722124964522128,1.0,8.565450660592294e-15,-2.940862558879897e-12,1.0605599534269746e-05,-8.080992028387935e-14,7484.538922892781,-1319.726150268671,0.0,0.0,0.0,0.0,0.0,0.0,0.0,0.0,0.0,0,True,250.0
b712773f15e0f684,20270301_h250_r0_p90_y80_TPMC_N400000_S101,101,sample,2573,triangle_2573,body,0.17500000000007673,-0.0203682880647886,0.026112888698005588,1.0,-4.345190877389334e-16,-2.9420263246287236e-12,1.1232654306039432e-05,-8.080992028387935e-14,7484.538922892781,-1319.726150268671,0.0,0.0,0.0,0.0,0.0,0.0,0.0,0.0,0.0,0,True,250.0
b712773f15e0f684,20270301_h250_r0_p90_y80_TPMC_N400000_S101,101,sample,2574,triangle_2574,body,0.17500000000005275,-0.027678245947502716,0.017967437977464397,1.0,1.4117637143618224e-14,-2.9445931657223874e-12,1.0297975643071852e-05,-8.080992028387935e-14,7484.538922892781,-1319.726150268671,-6.668735025869574e-09,-6.072294632893503e-09,-8.079238692270116e-12,1.0947173161205412e-10,-1.1951007545407985e-10,-1.2495881402965947e-09,1.0947173161205412e-10,-1.1951007545407985e-10,-1.2495881402965947e-09,2,False,250.0
b712773f15e0f684,20270301_h250_r0_p90_y80_TPMC_N400000_S101,101,sample,2575,triangle_2575,body,0.17499999999994179,0.03550404420814476,-0.01984132209551515,1.0,-4.729103151741827e-15,-2.9345673717185626e-12,3.119733684968944e-05,-8.080992028387935e-14,7484.538922892781,-1319.726150268671,0.0,0.0,0.0,0.0,0.0,0.0,0.0,0.0,0.0,0,True,250.0
b712773f15e0f684,20270301_h250_r0_p90_y80_TPMC_N400000_S101,101,sample,2576,triangle_2576,body,0.17500000000008717,-0.0332868540573054,0.029683625368959493,1.0,-6.974598988605023e-15,-2.923172767926784e-12,1.0738206923181224e-05,-8.080992028387935e-14,7484.538922892781,-1319.726150268671,0.0,0.0,0.0,0.0,0.0,0.0,0.0,0.0,0.0,0,True,250.0
b712773f15e0f684,20270301_h250_r0_p90_y80_TPMC_N400000_S101,101,sample,2577,triangle_2577,body,0.17500000000010477,-0.031643607008305215,0.0356926077954979,0.9999999999999999,-6.020053245868568e-15,-2.942819270108555e-12,1.7092984129454766e-05,-8.080992028387935e-14,7484.538922892781,-1319.726150268671,0.0,0.0,0.0,0.0,0.0,0.0,0.0,0.0,0.0,0,True,250.0
b712773f15e0f684,20270301_h250_r0_p90_y80_TPMC_N400000_S101,101,sample,2578,triangle_2578,body,0.1749999999999233,0.02069306061424236,-0.0261592146387149,1.0,5.363586857332292e-16,-2.943273708470134e-12,1.3092171188765496e-05,-8.080992028387935e-14,7484.538922892781,-1319.726150268671,0.0,0.0,0.0,0.0,0.0,0.0,0.0,0.0,0.0,0,True,250.0
b712773f15e0f684,20270301_h250_r0_p90_y80_TPMC_N400000_S101,101,sample,2579,triangle_2579,body,0.17499999999994667,0.027511004198071867,-0.018181946706241642,0.9999999999999999,-4.072160521738915e-15,-2.932709178264972e-12,1.0119269214006078e-05,-8.080992028387935e-14,7484.538922892781,-1319.726150268671,0.0,0.0,0.0,0.0,0.0,0.0,0.0,0.0,0.0,0,True,250.0
b712773f15e0f684,20270301_h250_r0_p90_y80_TPMC_N400000_S101,101,sample,2580,triangle_2580,body,0.1749999999999039,0.03338128351721078,-0.032753334079678904,1.0,-2.685407805464268e-16,-2.940999136701784e-12,1.943854663270714e-05,-8.080992028387935e-14,7484.538922892781,-1319.726150268671,0.0,0.0,0.0,0.0,0.0,0.0,0.0,0.0,0.0,0,True,250.0
b712773f15e0f684,20270301_h250_r0_p90_y80_TPMC_N400000_S101,101,sample,2581,triangle_2581,body,0.17499999999991464,0.019889935102804734,-0.029091333980066667,1.0,8.092565954378529e-17,-2.944700032681572e-12,1.4436561802425258e-05,-8.080992028387935e-14,7484.538922892781,-1319.726150268671,0.0,0.0,0.0,0.0,0.0,0.0,0.0,0.0,0.0,0,True,250.0
b712773f15e0f684,20270301_h250_r0_p90_y80_TPMC_N400000_S101,101,sample,2582,triangle_2582,body,0.17500000000013818,-0.04044215057096611,0.04707565648377029,1.0,6.441017767445619e-26,-2.939113184246788e-12,2.777804662143168e-06,-8.080992028387935e-14,7484.538922892781,-1319.726150268671,0.0,0.0,0.0,0.0,0.0,0.0,0.0,0.0,0.0,0,True,250.0
b712773f15e0f684,20270301_h250_r0_p90_y80_TPMC_N400000_S101,101,sample,2583,triangle_2583,body,0.17499999999993746,0.027338196877312648,-0.02131413020210543,1.0,-5.016103228123285e-15,-2.944621658997836e-12,1.0532199995477897e-05,-8.080992028387935e-14,7484.538922892781,-1319.726150268671,0.0,0.0,0.0,0.0,0.0,0.0,0.0,0.0,0.0,0,True,250.0
b712773f15e0f684,20270301_h250_r0_p90_y80_TPMC_N400000_S101,101,sample,2584,triangle_2584,body,0.17499999999989746,0.009092343114950956,-0.03495633892177962,0.9999999999999999,2.183430237375509e-15,-2.936588801429647e-12,2.7456909867354944e-05,-8.080992028387935e-14,7484.538922892781,-1319.726150268671,0.0,0.0,0.0,0.0,0.0,0.0,0.0,0.0,0.0,0,True,250.0
b712773f15e0f684,20270301_h250_r0_p90_y80_TPMC_N400000_S101,101,sample,2585,triangle_2585,body,0.17499999999991403,0.01643168029406465,-0.029311955164743015,1.0,1.1339585178525822e-14,-2.941192918453705e-12,1.5033910011945085e-05,-8.080992028387935e-14,7484.538922892781,-1319.726150268671,0.0,0.0,0.0,0.0,0.0,0.0,0.0,0.0,0.0,0,True,250.0
b712773f15e0f684,20270301_h250_r0_p90_y80_TPMC_N400000_S101,101,sample,2586,triangle_2586,body,0.174999999999903,0.029190303538333327,-0.03304338430007183,1.0,-8.074274762368464e-15,-2.944323543775576e-12,1.6598319274194125e-05,-8.080992028387935e-14,7484.538922892781,-1319.726150268671,0.0,0.0,0.0,0.0,0.0,0.0,0.0,0.0,0.0,0,True,250.0
b712773f15e0f684,20270301_h250_r0_p90_y80_TPMC_N400000_S101,101,sample,2587,triangle_2587,body,0.1750000000000479,-0.030375834880687496,0.016309236114123115,1.0,1.7347427332207925e-14,-2.9430133329748987e-12,1.1280969321611662e-05,-8.080992028387935e-14,7484.538922892781,-1319.726150268671,0.0,0.0,0.0,0.0,0.0,0.0,0.0,0.0,0.0,0,True,250.0
b712773f15e0f684,20270301_h250_r0_p90_y80_TPMC_N400000_S101,101,sample,2588,triangle_2588,body,0.17499999999993246,0.03006405449233554,-0.02301237614161727,1.0,-4.1994849341404946e-16,-2.946619219607682e-12,1.3644004359927014e-05,-8.080992028387935e-14,7484.538922892781,-1319.726150268671,0.0,0.0,0.0,0.0,0.0,0.0,0.0,0.0,0.0,0,True,250.0
b712773f15e0f684,20270301_h250_r0_p90_y80_TPMC_N400000_S101,101,sample,2589,triangle_2589,body,0.17499999999995972,0.030366411359297796,-0.013744697786382805,1.0,6.0710911141293875e-15,-2.9515261447662447e-12,1.2908569870393725e-05,-8.080992028387935e-14,7484.538922892781,-1319.726150268671,0.0,0.0,0.0,0.0,0.0,0.0,0.0,0.0,0.0,0,True,250.0
b712773f15e0f684,20270301_h250_r0_p90_y80_TPMC_N400000_S101,101,sample,2590,triangle_2590,body,0.1750000000000741,-0.02874475385076126,0.02522817768172389,1.0,-1.0977678685035455e-14,-2.9613385149130893e-12,9.07013843509468e-06,-8.080992028387935e-14,7484.538922892781,-1319.726150268671,0.0,0.0,0.0,0.0,0.0,0.0,0.0,0.0,0.0,0,True,250.0
b712773f15e0f684,20270301_h250_r0_p90_y80_TPMC_N400000_S101,101,sample,2591,triangle_2591,body,0.17499999999992258,0.03019641519936619,-0.02637577996962724,1.0,-6.732686958728541e-17,-2.925009487037184e-12,1.5716786884937658e-05,-8.080992028387935e-14,7484.538922892781,-1319.726150268671,0.0,0.0,0.0,0.0,0.0,0.0,0.0,0.0,0.0,0,True,250.0
b712773f15e0f684,20270301_h250_r0_p90_y80_TPMC_N400000_S101,101,sample,2592,triangle_2592,body,0.17500000000007765,-0.033358795978533064,0.026436146042752597,1.0,-1.440557634234161e-14,-2.943821638013746e-12,1.2214505284329975e-05,-8.080992028387935e-14,7484.538922892781,-1319.726150268671,-4.3978178793947975e-09,-2.1051653290487933e-09,2.4921004849434677e-09,-2.3663512486773832e-11,-5.546044650363094e-10,-5.115666147990023e-10,-2.3663512486773832e-11,-5.546044650363094e-10,-5.115666147990023e-10,2,False,250.0
b712773f15e0f684,20270301_h250_r0_p90_y80_TPMC_N400000_S101,101,sample,2593,triangle_2593,body,0.17500000000009117,-0.014225603461441846,0.031058474023163668,1.0,1.1990171306542103e-14,-2.9716602279441115e-12,9.098486464688829e-06,-8.080992028387935e-14,7484.538922892781,-1319.726150268671,0.0,0.0,0.0,0.0,0.0,0.0,0.0,0.0,0.0,0,True,250.0
b712773f15e0f684,20270301_h250_r0_p90_y80_TPMC_N400000_S101,101,sample,2594,triangle_2594,body,0.17499999999990737,0.011352442103463256,-0.031583458057040104,1.0,-1.4290393747453336e-15,-2.9417422733363512e-12,1.4707760174884727e-05,-8.080992028387935e-14,7484.538922892781,-1319.726150268671,0.0,0.0,0.0,0.0,0.0,0.0,0.0,0.0,0.0,0,True,250.0
b712773f15e0f684,20270301_h250_r0_p90_y80_TPMC_N400000_S101,101,sample,2595,triangle_2595,body,0.17500000000008517,-0.01589173678347566,0.02900117923813575,1.0,3.012983249976692e-14,-2.9314999733323705e-12,1.0856137654056416e-05,-8.080992028387935e-14,7484.538922892781,-1319.726150268671,0.0,0.0,0.0,0.0,0.0,0.0,0.0,0.0,0.0,0,True,250.0
b712773f15e0f684,20270301_h250_r0_p90_y80_TPMC_N400000_S101,101,sample,2596,triangle_2596,body,0.17500000000008442,-0.019025219042713745,0.02873423211381007,1.0,3.0663042003508236e-15,-2.9321733058439413e-12,1.0990440187003663e-05,-8.080992028387935e-14,7484.538922892781,-1319.726150268671,-4.72571792664423e-09,-4.4306718521337685e-10,1.3539372810896281e-09,-1.1782806021098755e-11,-3.7220968771964655e-10,-1.6292934640933984e-10,-1.1782806021098755e-11,-3.7220968771964655e-10,-1.6292934640933984e-10,1,False,250.0
b712773f15e0f684,20270301_h250_r0_p90_y80_TPMC_N400000_S101,101,sample,2597,triangle_2597,body,0.17499999999991456,0.03372547426266298,-0.029116473984100777,1.0,4.24599371760156e-15,-2.927757929255558e-12,2.6557253101661245e-05,-8.080992028387935e-14,7484.538922892781,-1319.726150268671,0.0,0.0,0.0,0.0,0.0,0.0,0.0,0.0,0.0,0,True,250.0
b712773f15e0f684,20270301_h250_r0_p90_y80_TPMC_N400000_S101,101,sample,2598,triangle_2598,body,0.17500000000003915,-0.030410563105283017,0.01333930919449749,0.9999999999999999,1.6899189768604144e-14,-2.938963481069651e-12,1.1944217428818539e-05,-8.080992028387935e-14,7484.538922892781,-1319.726150268671,-2.9669878166875355e-09,-1.2858769764956325e-09,-6.593778824395042e-10,3.8009349077244826e-11,7.642715041156034e-11,-3.200731998243302e-10,3.8009349077244826e-11,7.642715041156034e-11,-3.200731998243302e-10,1,False,250.0
b712773f15e0f684,20270301_h250_r0_p90_y80_TPMC_N400000_S101,101,sample,2599,triangle_2599,body,0.17500000000009153,-0.020803952778099922,0.031158170756554224,1.0,-2.2583556208419302e-15,-2.923720635320822e-12,1.3817100177643592e-05,-8.080992028387935e-14,7484.538922892781,-1319.726150268671,-1.2342853060685424e-09,-9.839031039697963e-10,2.2919221972273447e-09,-9.751046030733012e-12,-4.395904545500882e-10,-1.9396382044715652e-10,-9.751046030733012e-12,-4.395904545500882e-10,-1.9396382044715652e-10,1,False,250.0
b712773f15e0f684,20270301_h250_r0_p90_y80_TPMC_N400000_S101,101,sample,2600,triangle_2600,body,0.17499999999988078,0.04761974186950102,-0.040637392122778344,1.0,5.790228494971112e-15,-2.804036052723415e-12,2.261840288507016e-06,-8.080992028387935e-14,7484.538922892781,-1319.726150268671,0.0,0.0,0.0,0.0,0.0,0.0,0.0,0.0,0.0,0,True,250.0
b712773f15e0f684,20270301_h250_r0_p90_y80_TPMC_N400000_S101,101,sample,2601,triangle_2601,body,0.17500000000009075,-0.024012052003258844,0.030898688383022607,1.0,-3.5266590970623287e-15,-2.923846895914222e-12,1.3216747221277862e-05,-8.080992028387935e-14,7484.538922892781,-1319.726150268671,0.0,0.0,0.0,0.0,0.0,0.0,0.0,0.0,0.0,0,True,250.0
b712773f15e0f684,20270301_h250_r0_p90_y80_TPMC_N400000_S101,101,sample,2602,triangle_2602,body,0.1749999999999503,0.030164441385310742,-0.016929133433683685,1.0,8.950226207542529e-15,-2.928580850060073e-12,1.1587085043863246e-05,-8.080992028387935e-14,7484.538922892781,-1319.726150268671,0.0,0.0,0.0,0.0,0.0,0.0,0.0,0.0,0.0,0,True,250.0
b712773f15e0f684,20270301_h250_r0_p90_y80_TPMC_N400000_S101,101,sample,2603,triangle_2603,body,0.17500000000009744,-0.00595362650992004,0.03318960903593329,1.0,8.310330190048641e-15,-2.9394752883046945e-12,1.5956977275696468e-05,-8.080992028387935e-14,7484.538922892781,-1319.726150268671,-4.943095475282883e-09,1.9078867641015224e-08,-4.491711211996786e-09,-6.295982754687559e-10,6.163430244451608e-10,3.3108298084365778e-09,-6.295982754687559e-10,6.163430244451608e-10,3.3108298084365778e-09,1,False,250.0
b712773f15e0f684,20270301_h250_r0_p90_y80_TPMC_N400000_S101,101,sample,2604,triangle_2604,body,0.17500000000009744,-0.025979806432378048,0.03319530056185818,0.9999999999999999,8.115092918627465e-15,-2.938871152510313e-12,1.2024206374662956e-05,-8.080992028387935e-14,7484.538922892781,-1319.726150268671,0.0,0.0,0.0,0.0,0.0,0.0,0.0,0.0,0.0,0,True,250.0
b712773f15e0f684,20270301_h250_r0_p90_y80_TPMC_N400000_S101,101,sample,2605,triangle_2605,body,0.17500000000007165,-0.031168441493801647,0.024398414305997696,1.0,5.1608576810091294e-15,-2.95443124015837e-12,9.398985523505279e-06,-8.080992028387935e-14,7484.538922892781,-1319.726150268671,-2.331228472157599e-09,-2.0034230870916983e-09,7.02233217956984e-10,2.7524321863770364e-11,-1.8079417202678655e-10,-4.244198762222293e-10,2.7524321863770364e-11,-1.8079417202678655e-10,-4.244198762222293e-10,1,False,250.0
b712773f15e0f684,20270301_h250_r0_p90_y80_TPMC_N400000_S101,101,sample,2606,triangle_2606,body,0.1750000000000637,-0.030822623802182546,0.02169918073845251,1.0,5.588644386725658e-15,-2.9231223869976432e-12,7.848873730116937e-06,-8.080992028387935e-14,7484.538922892781,-1319.726150268671,0.0,0.0,0.0,0.0,0.0,0.0,0.0,0.0,0.0,0,True,250.0
b712773f15e0f684,20270301_h250_r0_p90_y80_TPMC_N400000_S101,101,sample,2607,triangle_2607,body,0.17500000000006896,0.024761872000994552,0.023477712215535185,0.9999999999999999,-5.952571415274999e-15,-2.93614968493693e-12,1.9124302551166996e-05,-8.080992028387935e-14,7484.538922892781,-1319.726150268671,0.0,0.0,0.0,0.0,0.0,0.0,0.0,0.0,0.0,0,True,250.0
b712773f15e0f684,20270301_h250_r0_p90_y80_TPMC_N400000_S101,101,sample,2608,triangle_2608,body,0.17499999999993113,-0.024729575307862784,-0.02345348910149415,1.0,1.2368182192954976e-14,-2.9408332871126254e-12,1.8807861572247555e-05,-8.080992028387935e-14,7484.538922892781,-1319.726150268671,0.0,0.0,0.0,0.0,0.0,0.0,0.0,0.0,0.0,0,True,250.0
b712773f15e0f684,20270301_h250_r0_p90_y80_TPMC_N400000_S101,101,sample,2609,triangle_2609,body,0.1749999999998931,0.027309646533720755,-0.03643769915759606,1.0,-2.5447412087959787e-15,-2.9247396004001907e-12,2.3302087318223657e-05,-8.080992028387935e-14,7484.538922892781,-1319.726150268671,0.0,0.0,0.0,0.0,0.0,0.0,0.0,0.0,0.0,0,True,250.0
b712773f15e0f684,20270301_h250_r0_p90_y80_TPMC_N400000_S101,101,sample,2610,triangle_2610,body,0.174999999999906,0.015126355778930643,-0.032038607895712695,1.0,1.1869559492398899e-14,-2.9400962621159412e-12,1.696745717696125e-05,-8.080992028387935e-14,7484.538922892781,-1319.726150268671,0.0,0.0,0.0,0.0,0.0,0.0,0.0,0.0,0.0,0,True,250.0
b712773f15e0f684,20270301_h250_r0_p90_y80_TPMC_N400000_S101,101,sample,2611,triangle_2611,body,0.17500000000000906,0.03333119162164997,0.003075964128192077,0.9999999999999999,-1.304324210602147e-14,-2.9441505635912807e-12,1.4022750062971908e-05,-8.080992028387935e-14,7484.538922892781,-1319.726150268671,0.0,0.0,0.0,0.0,0.0,0.0,0.0,0.0,0.0,0,True,250.0
b712773f15e0f684,20270301_h250_r0_p90_y80_TPMC_N400000_S101,101,sample,2612,triangle_2612,body,0.17500000000009616,0.005465776664640358,0.03275461461191143,1.0,-9.961007391894714e-15,-2.9493672577509744e-12,1.1944211867342671e-05,-8.080992028387935e-14,7484.538922892781,-1319.726150268671,0.0,0.0,0.0,0.0,0.0,0.0,0.0,0.0,0.0,0,True,250.0
b712773f15e0f684,20270301_h250_r0_p90_y80_TPMC_N400000_S101,101,sample,2613,triangle_2613,body,0.17500000000009072,-0.01099163329660841,0.030914100110050236,1.0,-8.652678561079526e-15,-2.969527680172893e-12,8.797279661757054e-06,-8.080992028387935e-14,7484.538922892781,-1319.726150268671,0.0,0.0,0.0,0.0,0.0,0.0,0.0,0.0,0.0,0,True,250.0
b712773f15e0f684,20270301_h250_r0_p90_y80_TPMC_N400000_S101,101,sample,2614,triangle_2614,body,0.17499999999991034,-0.016321966612788185,-0.030583026673055434,0.9999999999999999,-5.50158936859687e-15,-2.9304052460112413e-12,2.3429224741168823e-05,-8.080992028387935e-14,7484.538922892781,-1319.726150268671,0.0,0.0,0.0,0.0,0.0,0.0,0.0,0.0,0.0,0,True,250.0
b712773f15e0f684,20270301_h250_r0_p90_y80_TPMC_N400000_S101,101,sample,2615,triangle_2615,body,0.17499999999987778,9.581402113872697e-06,-0.04166192098918962,1.0,-3.2248222869165417e-15,-2.933755250383993e-12,7.480822335202843e-05,-8.080992028387935e-14,7484.538922892781,-1319.726150268671,-3.809886625706805e-09,1.8061584133751296e-08,-5.469536505361815e-09,7.607716778792104e-10,1.1149406232834307e-09,3.1518465986839364e-09,7.607716778792104e-10,1.1149406232834307e-09,3.1518465986839364e-09,1,False,250.0
b712773f15e0f684,20270301_h250_r0_p90_y80_TPMC_N400000_S101,101,sample,2616,triangle_2616,body,0.17499999999997826,0.03258431723630316,-0.007429672789826029,1.0,1.4572290713839152e-15,-2.9278417166945105e-12,1.3548197418845047e-05,-8.080992028387935e-14,7484.538922892781,-1319.726150268671,0.0,0.0,0.0,0.0,0.0,0.0,0.0,0.0,0.0,0,True,250.0
b712773f15e0f684,20270301_h250_r0_p90_y80_TPMC_N400000_S101,101,sample,2617,triangle_2617,body,0.17499999999996793,0.03314721411101382,-0.010942811523464657,1.0,1.2952019632367293e-14,-2.9477649402049977e-12,2.2332480089777722e-05,-8.080992028387935e-14,7484.538922892781,-1319.726150268671,0.0,0.0,0.0,0.0,0.0,0.0,0.0,0.0,0.0,0,True,250.0
b712773f15e0f684,20270301_h250_r0_p90_y80_TPMC_N400000_S101,101,sample,2618,triangle_2618,body,0.17500000000004112,0.03090157254094743,0.014013824066146196,1.0,-8.699922016873528e-15,-2.935366948928358e-12,1.762117675009409e-05,-8.080992028387935e-14,7484.538922892781,-1319.726150268671,0.0,0.0,0.0,0.0,0.0,0.0,0.0,0.0,0.0,0,True,250.0
b712773f15e0f684,20270301_h250_r0_p90_y80_TPMC_N400000_S101,101,sample,2619,triangle_2619,body,0.17500000000008983,0.016593258835009148,0.03058302667202852,1.0,-5.272666821214209e-15,-2.9299822341483745e-12,2.4446447721451126e-05,-8.080992028387935e-14,7484.538922892781,-1319.726150268671,0.0,0.0,0.0,0.0,0.0,0.0,0.0,0.0,0.0,0,True,250.0
b712773f15e0f684,20270301_h250_r0_p90_y80_TPMC_N400000_S101,101,sample,2620,triangle_2620,body,0.17499999999999194,-0.03309410150885669,-0.002742255349150501,1.0,-1.1918004169481301e-14,-2.922846010100882e-12,1.194421773106839e-05,-8.080992028387935e-14,7484.538922892781,-1319.726150268671,-1.5941026486607687e-09,8.533037620528055e-11,-1.8401746307369216e-09,5.992736889852142e-11,3.275964122130309e-10,-3.6722847528717445e-11,5.992736889852142e-11,3.275964122130309e-10,-3.6722847528717445e-11,1,False,250.0
b712773f15e0f684,20270301_h250_r0_p90_y80_TPMC_N400000_S101,101,sample,2621,triangle_2621,body,0.1749999999999039,-0.005465776664659686,-0.032754614612933323,1.0,7.183515361659448e-15,-2.9429482048203254e-12,1.1944211867302735e-05,-8.080992028387935e-14,7484.538922892781,-1319.726150268671,0.0,0.0,0.0,0.0,0.0,0.0,0.0,0.0,0.0,0,True,250.0
b712773f15e0f684,20270301_h250_r0_p90_y80_TPMC_N400000_S101,101,sample,2622,triangle_2622,body,0.17500000000007576,-0.036415987536134266,0.0257910351976044,1.0,4.620697386474088e-15,-2.9365828680550542e-12,1.7781089686186837e-05,-8.080992028387935e-14,7484.538922892781,-1319.726150268671,-3.8857998008869096e-09,-2.966237607783388e-09,2.3615973030977374e-10,7.080599132717506e-11,-1.451812212013357e-10,-6.584699731262695e-10,7.080599132717506e-11,-1.451812212013357e-10,-6.584699731262695e-10,1,False,250.0
b712773f15e0f684,20270301_h250_r0_p90_y80_TPMC_N400000_S101,101,sample,2623,triangle_2623,body,0.1750000000000983,-0.018912192051701558,0.03348361562886404,0.9999999999999999,-1.223938731071683e-15,-2.92167007071255e-12,1.1867322713253523e-05,-8.080992028387935e-14,7484.538922892781,-1319.726150268671,0.0,0.0,0.0,0.0,0.0,0.0,0.0,0.0,0.0,0,True,250.0
b712773f15e0f684,20270301_h250_r0_p90_y80_TPMC_N400000_S101,101,sample,2624,triangle_2624,body,0.1749999999999595,-0.030901572540935587,-0.013810349900536792,1.0,-6.957847119612091e-15,-2.9346028040677496e-12,1.6977265608266447e-05,-8.080992028387935e-14,7484.538922892781,-1319.726150268671,0.0,0.0,0.0,0.0,0.0,0.0,0.0,0.0,0.0,0,True,250.0
b712773f15e0f684,20270301_h250_r0_p90_y80_TPMC_N400000_S101,101,sample,2625,triangle_2625,body,0.17500000000009722,-0.015467324994281573,0.03311697177114781,1.0,-3.1470572389571606e-15,-2.9211892860492868e-12,9.548314239480283e-06,-8.080992028387935e-14,7484.538922892781,-1319.726150268671,0.0,0.0,0.0,0.0,0.0,0.0,0.0,0.0,0.0,0,True,250.0
b712773f15e0f684,20270301_h250_r0_p90_y80_TPMC_N400000_S101,101,sample,2626,triangle_2626,body,0.1749999999999252,0.037164391109207044,-0.02550140045871983,1.0,-5.569652384643241e-15,-2.9335114966644695e-12,4.119727837445503e-05,-8.080992028387935e-14,7484.538922892781,-1319.726150268671,0.0,0.0,0.0,0.0,0.0,0.0,0.0,0.0,0.0,0,True,250.0
b712773f15e0f684,20270301_h250_r0_p90_y80_TPMC_N400000_S101,101,sample,2627,triangle_2627,body,0.17500000000010826,-0.02441389707115708,0.036863891962177146,1.0,8.081041842498216e-15,-2.93900945027259e-12,2.0500990883332658e-05,-8.080992028387935e-14,7484.538922892781,-1319.726150268671,-3.110232456083464e-09,-3.404043794551404e-09,1.3764785609973891e-09,9.523067802144897e-11,-3.6205228310599525e-10,-6.702171026978364e-10,9.523067802144897e-11,-3.6205228310599525e-10,-6.702171026978364e-10,2,False,250.0
b712773f15e0f684,20270301_h250_r0_p90_y80_TPMC_N400000_S101,101,sample,2628,triangle_2628,body,0.17500000000009855,-0.009209802751203106,0.03355707297303686,0.9999999999999999,4.333830409015669e-15,-2.9392337591021068e-12,1.4649003289613637e-05,-8.080992028387935e-14,7484.538922892781,-1319.726150268671,0.0,0.0,0.0,0.0,0.0,0.0,0.0,0.0,0.0,0,True,250.0
b712773f15e0f684,20270301_h250_r0_p90_y80_TPMC_N400000_S101,101,sample,2629,triangle_2629,body,0.1750000000001083,-0.02055438191563951,0.03689272465565138,1.0,2.6343590892320623e-15,-2.9387984049061866e-12,2.3448095872285286e-05,-8.080992028387935e-14,7484.538922892781,-1319.726150268671,0.0,0.0,0.0,0.0,0.0,0.0,0.0,0.0,0.0,0,True,250.0
b712773f15e0f684,20270301_h250_r0_p90_y80_TPMC_N400000_S101,101,sample,2630,triangle_2630,body,0.17499999999994673,0.046728303714206644,-0.018157866876322527,1.0,8.636534683138739e-16,-2.9369469164359485e-12,0.0002214118171223378,-8.080992028387935e-14,7484.538922892781,-1319.726150268671,0.0,0.0,0.0,0.0,0.0,0.0,0.0,0.0,0.0,0,True,250.0
b712773f15e0f684,20270301_h250_r0_p90_y80_TPMC_N400000_S101,101,sample,2631,triangle_2631,body,0.1750000000001141,-0.04346935439688641,0.03887485371830937,0.9999999999999999,6.651859728998085e-15,-2.931702548284694e-12,7.716157281545567e-05,-8.080992028387935e-14,7484.538922892781,-1319.726150268671,-2.929367186417733e-09,-1.990085991213279e-09,5.061143747738227e-09,-1.4713786847691187e-10,-1.0217176734654023e-09,-4.871098074583451e-10,-1.4713786847691187e-10,-1.0217176734654023e-09,-4.871098074583451e-10,2,False,250.0
b712773f15e0f684,20270301_h250_r0_p90_y80_TPMC_N400000_S101,101,sample,2632,triangle_2632,body,0.17499999999987192,0.0390284717325508,-0.04365470071482625,1.0,-2.949599768791921e-15,-2.9416429191875247e-12,8.324084494778056e-05,-8.080992028387935e-14,7484.538922892781,-1319.726150268671,-3.1426770803042515e-09,2.0287764416178452e-08,-1.4144907407092703e-09,8.608451593657027e-10,3.9001750251113804e-10,3.6813424840743285e-09,8.608451593657027e-10,3.9001750251113804e-10,3.6813424840743285e-09,1,False,250.0
b712773f15e0f684,20270301_h250_r0_p90_y80_TPMC_N400000_S101,101,sample,2633,triangle_2633,body,0.17499999999987348,0.010073268480295468,-0.04313071363312831,1.0,8.556153289617532e-16,-2.936028215997383e-12,0.00010082120511342603,-8.080992028387935e-14,7484.538922892781,-1319.726150268671,-2.655017234947409e-09,1.920866563538066e-08,1.1983536509320099e-09,8.666020756123368e-10,-9.13884470322148e-11,3.3848885639191008e-09,8.666020756123368e-10,-9.13884470322148e-11,3.3848885639191008e-09,1,False,250.0
b712773f15e0f684,20270301_h250_r0_p90_y80_TPMC_N400000_S101,101,sample,2634,triangle_2634,body,0.1750000000001258,-0.008326692504207608,0.04284596298672868,1.0,-8.476183283316531e-17,-2.9341960751299525e-12,0.00012447586537041847,-8.080992028387935e-14,7484.538922892781,-1319.726150268671,-8.462037587058017e-09,1.9812573657862253e-08,-4.546316928783965e-10,-7.907699816613955e-10,-2.6603767595040145e-10,3.3391700620424963e-09,-7.907699816613955e-10,-2.6603767595040145e-10,3.3391700620424963e-09,3,False,250.0
b712773f15e0f684,20270301_h250_r0_p90_y80_TPMC_N400000_S101,101,sample,2635,triangle_2635,body,0.17499999999990304,-0.0019882905484648493,-0.03304276726016866,1.0,2.716242930670353e-26,-2.93703211120084e-12,1.0646263553399325e-05,-8.080992028387935e-14,7484.538922892781,-1319.726150268671,0.0,0.0,0.0,0.0,0.0,0.0,0.0,0.0,0.0,0,True,250.0
b712773f15e0f684,20270301_h250_r0_p90_y80_TPMC_N400000_S101,101,sample,2636,triangle_2636,body,0.17500000000013846,-0.019261712110506805,0.04716245928125456,1.0,3.1140889788034505e-26,-2.934468087519824e-12,0.00019203088023580212,-8.080992028387935e-14,7484.538922892781,-1319.726150268671,-3.892650739184846e-09,1.9140654031776002e-08,-4.695179268761131e-10,-9.092578255628742e-10,-9.821705699817612e-11,3.2694100636249263e-09,-9.092578255628742e-10,-9.821705699817612e-11,3.2694100636249263e-09,2,False,250.0
b712773f15e0f684,20270301_h250_r0_p90_y80_TPMC_N400000_S101,101,sample,2637,triangle_2637,body,0.17500000000013818,-0.04086432390429944,0.047075656483770274,1.0,3.220508883722918e-26,-2.9391131842467905e-12,2.7778046621430745e-06,-8.080992028387935e-14,7484.538922892781,-1319.726150268671,0.0,0.0,0.0,0.0,0.0,0.0,0.0,0.0,0.0,0,True,250.0
b712773f15e0f684,20270301_h250_r0_p90_y80_TPMC_N400000_S101,101,sample,2638,triangle_2638,body,0.17500000000013818,-0.042492077237632764,0.04707565648377026,1.0,2.879180408056019e-26,-2.9391131842467905e-12,1.8642689912687098e-05,-8.080992028387935e-14,7484.538922892781,-1319.726150268671,-2.0568362780454372e-09,2.0823175839791835e-08,-7.240019930132307e-09,-6.879208086492778e-10,1.1670922715940934e-09,3.552132220145437e-09,-6.879208086492778e-10,1.1670922715940934e-09,3.552132220145437e-09,1,False,250.0
b712773f15e0f684,20270301_h250_r0_p90_y80_TPMC_N400000_S101,101,sample,2639,triangle_2639,body,0.17499999999987956,0.04761974186950103,-0.04105972545611169,1.0,4.1169340282411854e-15,-3.023101369342299e-12,2.2618402885071154e-06,-8.080992028387935e-14,7484.538922892781,-1319.726150268671,0.0,0.0,0.0,0.0,0.0,0.0,0.0,0.0,0.0,0,True,250.0
b712773f15e0f684,20270301_h250_r0_p90_y80_TPMC_N400000_S101,101,sample,2640,triangle_2640,body,0.17499999999987473,0.04761974186950104,-0.04268751878944502,1.0,1.4117099347607106e-14,-2.9193159101400866e-12,1.5173717135470189e-05,-8.080992028387935e-14,7484.538922892781,-1319.726150268671,0.0,0.0,0.0,0.0,0.0,0.0,0.0,0.0,0.0,0,True,250.0
b712773f15e0f684,20270301_h250_r0_p90_y80_TPMC_N400000_S101,101,sample,2641,triangle_2641,body,0.1749999999999883,0.03315865443501762,-0.003987858530631867,1.0,3.18725804793902e-15,-2.922122559873841e-12,1.3261380007994014e-05,-8.080992028387935e-14,7484.538922892781,-1319.726150268671,0.0,0.0,0.0,0.0,0.0,0.0,0.0,0.0,0.0,0,True,250.0
b712773f15e0f684,20270301_h250_r0_p90_y80_TPMC_N400000_S101,101,sample,2642,triangle_2642,body,0.17499999999999738,0.034978986406598835,-0.0009118944018924163,1.0,-1.882437881277035e-14,-2.9368733999021093e-12,2.5920810420673213e-05,-8.080992028387935e-14,7484.538922892781,-1319.726150268671,0.0,0.0,0.0,0.0,0.0,0.0,0.0,0.0,0.0,0,True,250.0
b712773f15e0f684,20270301_h250_r0_p90_y80_TPMC_N400000_S101,101,sample,2643,triangle_2643,body,0.17500000000000218,-0.03309410150886236,0.0007471498573278129,1.0,2.233145163715379e-15,-2.943254813479217e-12,1.0646270356718749e-05,-8.080992028387935e-14,7484.538922892781,-1319.726150268671,0.0,0.0,0.0,0.0,0.0,0.0,0.0,0.0,0.0,0,True,250.0
b712773f15e0f684,20270301_h250_r0_p90_y80_TPMC_N400000_S101,101,sample,2644,triangle_2644,body,0.17500000000007376,-0.04672727715925399,0.025132530567358286,1.0,-4.078596256139744e-15,-2.935984788621224e-12,0.00024545421305596977,-8.080992028387935e-14,7484.538922892781,-1319.726150268671,-2.0140068956059172e-08,9.117742020106984e-09,4.751168814972029e-09,-5.067004081012768e-10,-1.2739342111214159e-09,6.485565399332578e-10,-5.067004081012768e-10,-1.2739342111214159e-09,6.485565399332578e-10,9,False,250.0
b712773f15e0f684,20270301_h250_r0_p90_y80_TPMC_N400000_S101,101,sample,2645,triangle_2645,body,0.17499999999993546,-0.04488682121471488,-0.02199016011822887,1.0,1.665071251481073e-15,-2.933764342571978e-12,0.0003834884088963654,-8.080992028387935e-14,7484.538922892781,-1319.726150268671,-2.5748390074773215e-08,5.1005848635672364e-08,-1.6987846992649204e-08,2.3485444556943246e-09,3.655370991897806e-09,7.752912030777802e-09,2.3485444556943246e-09,3.655370991897806e-09,7.752912030777802e-09,10,False,250.0
b712773f15e0f684,20270301_h250_r0_p90_y80_TPMC_N400000_S101,101,sample,2646,triangle_2646,body,0.174999999999867,-0.022933012075912727,-0.04533519768936959,1.0,3.057259512180479e-26,-2.9373168639639288e-12,0.0003498601733358246,-8.080992028387935e-14,7484.538922892781,-1319.726150268671,-1.5896411728292594e-08,7.221816580173081e-08,-1.8690148339071668e-08,3.795507938348027e-09,3.974488609089099e-09,1.220245724856209e-08,3.795507938348027e-09,3.974488609089099e-09,1.220245724856209e-08,5,False,250.0
b712773f15e0f684,20270301_h250_r0_p90_y80_TPMC_N400000_S101,101,sample,2647,triangle_2647,body,0.17499999999986293,0.024742063196383574,-0.04671730192589455,1.0,3.1351602257881926e-26,-2.9339234129052446e-12,0.000246202355596414,-8.080992028387935e-14,7484.538922892781,-1319.726150268671,-3.4006752041849764e-09,1.6848694944604816e-08,-2.4165192241156463e-09,7.067537958174735e-10,5.859834199012098e-10,3.091064081373181e-09,7.067537958174735e-10,5.859834199012098e-10,3.091064081373181e-09,1,False,250.0
b712773f15e0f684,20270301_h250_r0_p90_y80_TPMC_N400000_S101,101,sample,2648,triangle_2648,body,0.17500000000006996,0.044886821214717924,0.02382142761719223,1.0,-1.3251458877132573e-15,-2.9344861314200825e-12,0.0003460340163714326,-8.080992028387935e-14,7484.538922892781,-1319.726150268671,-5.661289953908854e-09,5.260967340879382e-08,-8.724391553358137e-09,-1.9793883002890045e-09,1.3579546857876287e-09,9.470669854790922e-09,-1.9793883002890045e-09,1.3579546857876287e-09,9.470669854790922e-09,3,False,250.0
b712773f15e0f684,20270301_h250_r0_p90_y80_TPMC_N400000_S101,101,sample,2649,triangle_2649,body,0.17500000000013308,0.024832057631468035,0.04533519768834244,1.0,2.979572291983929e-26,-2.9353335304974793e-12,0.0003156910095349348,-8.080992028387935e-14,7484.538922892781,-1319.726150268671,0.0,0.0,0.0,0.0,0.0,0.0,0.0,0.0,0.0,0,True,250.0
b712773f15e0f684,20270301_h250_r0_p90_y80_TPMC_N400000_S101,101,sample,2650,triangle_2650,body,0.17500000000003146,0.03203458050771003,0.010713484479633412,1.0,-1.4472153422751267e-14,-2.931137543031645e-12,1.5700589570863815e-05,-8.080992028387935e-14,7484.538922892781,-1319.726150268671,0.0,0.0,0.0,0.0,0.0,0.0,0.0,0.0,0.0,0,True,250.0
b712773f15e0f684,20270301_h250_r0_p90_y80_TPMC_N400000_S101,101,sample,2651,triangle_2651,body,0.17500000000002527,0.03428467950303476,0.008602931745916097,1.0,-1.035889335111652e-14,-2.9323316947746464e-12,3.302532106681837e-05,-8.080992028387935e-14,7484.538922892781,-1319.726150268671,0.0,0.0,0.0,0.0,0.0,0.0,0.0,0.0,0.0,0,True,250.0
b712773f15e0f684,20270301_h250_r0_p90_y80_TPMC_N400000_S101,101,sample,2652,triangle_2652,body,0.17500000000005014,0.029240799252166817,0.017082664416392668,1.0,-4.0386744275946635e-15,-2.956946119726515e-12,1.679101766162848e-05,-8.080992028387935e-14,7484.538922892781,-1319.726150268671,0.0,0.0,0.0,0.0,0.0,0.0,0.0,0.0,0.0,0,True,250.0
b712773f15e0f684,20270301_h250_r0_p90_y80_TPMC_N400000_S101,101,sample,2653,triangle_2653,body,0.1750000000000623,0.029136175280416444,0.021206006327384817,1.0,1.6266846634020898e-15,-2.938581990782751e-12,4.191042057089371e-05,-8.080992028387935e-14,7484.538922892781,-1319.726150268671,0.0,0.0,0.0,0.0,0.0,0.0,0.0,0.0,0.0,0,True,250.0
b712773f15e0f684,20270301_h250_r0_p90_y80_TPMC_N400000_S101,101,sample,2654,triangle_2654,body,0.1750000000000759,0.02219463275293732,0.02584102241394591,1.0,-8.743185603049105e-16,-2.9437079193341236e-12,1.83798240854672e-05,-8.080992028387935e-14,7484.538922892781,-1319.726150268671,0.0,0.0,0.0,0.0,0.0,0.0,0.0,0.0,0.0,0,True,250.0
b712773f15e0f684,20270301_h250_r0_p90_y80_TPMC_N400000_S101,101,sample,2655,triangle_2655,body,0.17500000000008828,0.02155308578244278,0.030044213263612573,1.0,-1.9890045627542386e-15,-2.930759071304358e-12,4.7160052392054896e-05,-8.080992028387935e-14,7484.538922892781,-1319.726150268671,0.0,0.0,0.0,0.0,0.0,0.0,0.0,0.0,0.0,0,True,250.0
b712773f15e0f684,20270301_h250_r0_p90_y80_TPMC_N400000_S101,101,sample,2656,triangle_2656,body,0.17500000000009366,0.008848406902597519,0.03189801646529939,1.0,-6.306327789006153e-15,-2.947998915093186e-12,1.0646268536986604e-05,-8.080992028387935e-14,7484.538922892781,-1319.726150268671,0.0,0.0,0.0,0.0,0.0,0.0,0.0,0.0,0.0,0,True,250.0
b712773f15e0f684,20270301_h250_r0_p90_y80_TPMC_N400000_S101,101,sample,2657,triangle_2657,body,0.17500000000009874,0.012783899119015665,0.033624237812283124,0.9999999999999999,3.1146226532155055e-15,-2.93831469621559e-12,4.6087268620429713e-05,-8.080992028387935e-14,7484.538922892781,-1319.726150268671,0.0,0.0,0.0,0.0,0.0,0.0,0.0,0.0,0.0,0,True,250.0
b712773f15e0f684,20270301_h250_r0_p90_y80_TPMC_N400000_S101,101,sample,2658,triangle_2658,body,0.175000000000097,0.001988290548439527,0.03304276725914467,1.0,2.625828131011872e-24,-2.957570797288879e-12,1.0646263553432551e-05,-8.080992028387935e-14,7484.538922892781,-1319.726150268671,0.0,0.0,0.0,0.0,0.0,0.0,0.0,0.0,0.0,0,True,250.0
b712773f15e0f684,20270301_h250_r0_p90_y80_TPMC_N400000_S101,101,sample,2659,triangle_2659,body,0.17500000000010227,-0.0013631905463933345,0.034829141975511686,1.0,-3.531650818393878e-15,-2.950087081778818e-12,3.275463428010724e-05,-8.080992028387935e-14,7484.538922892781,-1319.726150268671,-2.813205513069089e-09,-9.998181191458066e-10,-1.5112936227376356e-09,3.5873760930082715e-11,1.7213545343875246e-10,-1.8065609700906744e-10,3.5873760930082715e-11,1.7213545343875246e-10,-1.8065609700906744e-10,1,False,250.0
b712773f15e0f684,20270301_h250_r0_p90_y80_TPMC_N400000_S101,101,sample,2660,triangle_2660,body,0.1750000000000295,-0.031543571072039756,0.010038969607982695,1.0,2.4196393706878942e-14,-2.9336000550226047e-12,1.064627018687714e-05,-8.080992028387935e-14,7484.538922892781,-1319.726150268671,-6.226221143281325e-09,5.476347504258549e-10,2.0139384081890154e-09,-6.563258016513614e-11,-4.1239588850187803e-10,-9.940633554538353e-11,-6.563258016513614e-11,-4.1239588850187803e-10,-9.940633554538353e-11,3,False,250.0
b712773f15e0f684,20270301_h250_r0_p90_y80_TPMC_N400000_S101,101,sample,2661,triangle_2661,body,0.17499999999998142,-0.04025882623187201,-0.006321046196924008,1.0,1.2695624730001175e-15,-2.9341442260289815e-12,8.791395951537552e-05,-8.080992028387935e-14,7484.538922892781,-1319.726150268671,-1.1704194389249123e-08,8.992753925462579e-09,-6.1995593373879675e-09,3.378558427973458e-10,1.1519076238504111e-09,1.1077868558626277e-09,3.378558427973458e-10,1.1519076238504111e-09,1.1077868558626277e-09,5,False,250.0
b712773f15e0f684,20270301_h250_r0_p90_y80_TPMC_N400000_S101,101,sample,2662,triangle_2662,body,0.17500000000003912,-0.04112308893829247,0.013318316646782966,1.0,-3.2152601537655412e-15,-2.936318535987642e-12,0.00014203602818831237,-8.080992028387935e-14,7484.538922892781,-1319.726150268671,-1.6132946382792187e-08,3.39694853975597e-08,-3.0494554034640013e-09,-5.06265562873028e-10,2.449703589345561e-10,5.305016827793891e-09,-5.06265562873028e-10,2.449703589345561e-10,5.305016827793891e-09,6,False,250.0
b712773f15e0f684,20270301_h250_r0_p90_y80_TPMC_N400000_S101,101,sample,2663,triangle_2663,body,0.17499999999988095,-0.008254635957711275,-0.04058370697081179,0.9999999999999999,5.310007510180341e-15,-2.9301837983022176e-12,9.224774867522078e-05,-8.080992028387935e-14,7484.538922892781,-1319.726150268671,-1.6541449447652462e-08,3.893376318921752e-08,-5.807267757932474e-09,1.5999595069665505e-09,1.669750209191319e-09,6.670943671359967e-09,1.5999595069665505e-09,1.669750209191319e-09,6.670943671359967e-09,5,False,250.0
b712773f15e0f684,20270301_h250_r0_p90_y80_TPMC_N400000_S101,101,sample,2664,triangle_2664,body,0.17500000000000218,0.041045653073265485,0.0007158989314595665,0.9999999999999999,2.450075521382577e-15,-2.9379003181473495e-12,7.03969390581805e-05,-8.080992028387935e-14,7484.538922892781,-1319.726150268671,0.0,0.0,0.0,0.0,0.0,0.0,0.0,0.0,0.0,0,True,250.0
b712773f15e0f684,20270301_h250_r0_p90_y80_TPMC_N400000_S101,101,sample,2665,triangle_2665,body,0.17500000000011917,0.01015368151325981,0.04058370696978821,0.9999999999999999,2.9976936231522627e-15,-2.9321783423739384e-12,9.74134567682759e-05,-8.080992028387935e-14,7484.538922892781,-1319.726150268671,0.0,0.0,0.0,0.0,0.0,0.0,0.0,0.0,0.0,0,True,250.0
b712773f15e0f684,20270301_h250_r0_p90_y80_TPMC_N400000_S101,101,sample,2666,triangle_2666,body,0.17499999999996918,-0.03203458050770027,-0.010510010314030838,1.0,3.3563090709796596e-15,-2.942977359399174e-12,1.5307080379277508e-05,-8.080992028387935e-14,7484.538922892781,-1319.726150268671,0.0,0.0,0.0,0.0,0.0,0.0,0.0,0.0,0.0,0,True,250.0
b712773f15e0f684,20270301_h250_r0_p90_y80_TPMC_N400000_S101,101,sample,2667,triangle_2667,body,0.17499999999995045,-0.029240799252154892,-0.01687919025077664,1.0,-6.344785199295264e-15,-2.939514908305189e-12,1.5914268729111104e-05,-8.080992028387935e-14,7484.538922892781,-1319.726150268671,0.0,0.0,0.0,0.0,0.0,0.0,0.0,0.0,0.0,0,True,250.0
b712773f15e0f684,20270301_h250_r0_p90_y80_TPMC_N400000_S101,101,sample,2668,triangle_2668,body,0.17499999999993845,-0.029103878587284523,-0.02097830904668375,1.0,-4.839313468094086e-15,-2.935471358975332e-12,4.217126602194262e-05,-8.080992028387935e-14,7484.538922892781,-1319.726150268671,-9.858856174680092e-10,-1.5874432435790341e-09,-3.1145735673640077e-10,-1.9800450636955865e-11,7.310659538434696e-11,-3.0993517832775544e-10,-1.9800450636955865e-11,7.310659538434696e-11,-3.0993517832775544e-10,1,False,250.0
b712773f15e0f684,20270301_h250_r0_p90_y80_TPMC_N400000_S101,101,sample,2669,triangle_2669,body,0.17499999999992424,-0.02216233605980894,-0.025816799299900006,1.0,-5.123349851377201e-15,-2.9147508809388038e-12,1.8072953702453262e-05,-8.080992028387935e-14,7484.538922892781,-1319.726150268671,0.0,0.0,0.0,0.0,0.0,0.0,0.0,0.0,0.0,0,True,250.0
b712773f15e0f684,20270301_h250_r0_p90_y80_TPMC_N400000_S101,101,sample,2670,triangle_2670,body,0.17499999999991198,-0.02124949686709536,-0.030019990149563844,1.0,-3.855168776474796e-15,-2.930651951292552e-12,4.7115979881858236e-05,-8.080992028387935e-14,7484.538922892781,-1319.726150268671,-4.56319162469717e-09,3.402183706669645e-08,-4.8161136140613075e-09,1.1640131743142393e-09,9.848159617406408e-10,5.864658538587468e-09,1.1640131743142393e-09,9.848159617406408e-10,5.864658538587468e-09,2,False,250.0
b712773f15e0f684,20270301_h250_r0_p90_y80_TPMC_N400000_S101,101,sample,2671,triangle_2671,body,0.17499999999990645,-0.008848406902610831,-0.03189801646632114,0.9999999999999999,1.0523983885183239e-16,-2.9455983704692533e-12,1.0646268536953443e-05,-8.080992028387935e-14,7484.538922892781,-1319.726150268671,0.0,0.0,0.0,0.0,0.0,0.0,0.0,0.0,0.0,0,True,250.0
b712773f15e0f684,20270301_h250_r0_p90_y80_TPMC_N400000_S101,101,sample,2672,triangle_2672,body,0.17499999999990137,-0.0125126068968023,-0.033624237813305924,1.0,5.509785386453721e-15,-2.9400427949105185e-12,4.3391735422396536e-05,-8.080992028387935e-14,7484.538922892781,-1319.726150268671,0.0,0.0,0.0,0.0,0.0,0.0,0.0,0.0,0.0,0,True,250.0
b712773f15e0f684,20270301_h250_r0_p90_y80_TPMC_N400000_S101,101,sample,2673,triangle_2673,body,0.17500000000005556,-0.03218049265282152,0.01891763162302423,1.0,-1.7826843616620822e-15,-2.929867109691997e-12,1.3959495599114281e-05,-8.080992028387935e-14,7484.538922892781,-1319.726150268671,-1.9662237607338482e-09,1.2519456133042173e-09,4.209213971508147e-09,-1.6615032569914835e-10,-7.787183428154688e-10,1.5400126946071263e-10,-1.6615032569914835e-10,-7.787183428154688e-10,1.5400126946071263e-10,1,False,250.0
b712773f15e0f684,20270301_h250_r0_p90_y80_TPMC_N400000_S101,101,sample,2674,triangle_2674,body,0.17500000000010288,-0.012107349808080675,0.0350471252216408,0.9999999999999999,-6.4670480879450824e-15,-2.9266328815621943e-12,1.4951809065591161e-05,-8.080992028387935e-14,7484.538922892781,-1319.726150268671,-9.634768632641176e-09,2.8460753532154564e-08,-4.805404708426547e-09,-9.732086733575607e-10,5.013476364874608e-10,4.874598505154768e-09,-9.732086733575607e-10,5.013476364874608e-10,4.874598505154768e-09,3,False,250.0
b712773f15e0f684,20270301_h250_r0_p90_y80_TPMC_N400000_S101,101,sample,2675,triangle_2675,body,0.17499999999988605,0.033108361447959554,-0.038833794692702255,1.0,-2.361858452548902e-15,-2.92505718364826e-12,4.563783871163873e-05,-8.080992028387935e-14,7484.538922892781,-1319.726150268671,0.0,0.0,0.0,0.0,0.0,0.0,0.0,0.0,0.0,0,True,250.0
b712773f15e0f684,20270301_h250_r0_p90_y80_TPMC_N400000_S101,101,sample,2676,triangle_2676,body,0.17499999999989635,0.02293914924216769,-0.03532273136026375,1.0,4.738197919689777e-15,-2.926119534434472e-12,2.1562436947207005e-05,-8.080992028387935e-14,7484.538922892781,-1319.726150268671,0.0,0.0,0.0,0.0,0.0,0.0,0.0,0.0,0.0,0,True,250.0
b712773f15e0f684,20270301_h250_r0_p90_y80_TPMC_N400000_S101,101,sample,2677,triangle_2677,body,0.1749999999998952,0.018943781369556174,-0.0357153789785997,0.9999999999999999,5.261081856745502e-15,-2.9257846315346848e-12,2.9142005735834062e-05,-8.080992028387935e-14,7484.538922892781,-1319.726150268671,0.0,0.0,0.0,0.0,0.0,0.0,0.0,0.0,0.0,0,True,250.0
b712773f15e0f684,20270301_h250_r0_p90_y80_TPMC_N400000_S101,101,sample,2678,triangle_2678,body,0.17499999999994106,0.03193276665457004,-0.020092991792886133,1.0,1.5246057606910337e-14,-2.9340771715621985e-12,1.6310412127464315e-05,-8.080992028387935e-14,7484.538922892781,-1319.726150268671,0.0,0.0,0.0,0.0,0.0,0.0,0.0,0.0,0.0,0,True,250.0
b712773f15e0f684,20270301_h250_r0_p90_y80_TPMC_N400000_S101,101,sample,2679,triangle_2679,body,0.17500000000010074,-0.0363588456932852,0.03431497377355655,0.9999999999999999,3.83316707774003e-15,-2.930557057979585e-12,2.3756856849084697e-05,-8.080992028387935e-14,7484.538922892781,-1319.726150268671,0.0,0.0,0.0,0.0,0.0,0.0,0.0,0.0,0.0,0,True,250.0
b712773f15e0f684,20270301_h250_r0_p90_y80_TPMC_N400000_S101,101,sample,2680,triangle_2680,body,0.1750000000001107,-0.035693143285140734,0.03769806838278486,1.0,-1.1505857277921976e-14,-2.9432627470462573e-12,2.0586158143072967e-05,-8.080992028387935e-14,7484.538922892781,-1319.726150268671,0.0,0.0,0.0,0.0,0.0,0.0,0.0,0.0,0.0,0,True,250.0
b712773f15e0f684,20270301_h250_r0_p90_y80_TPMC_N400000_S101,101,sample,2681,triangle_2681,body,0.1750000000000936,-0.038697651810017324,0.03187992064991723,1.0,7.080857163183081e-16,-2.931719220131682e-12,3.567218630688511e-05,-8.080992028387935e-14,7484.538922892781,-1319.726150268671,-3.2840233729679785e-09,-6.008035669262913e-10,1.5487063491342287e-10,1.2456130517300066e-11,-1.279172565482664e-10,-2.3210933609309578e-10,1.2456130517300066e-11,-1.279172565482664e-10,-2.3210933609309578e-10,1,False,250.0
b712773f15e0f684,20270301_h250_r0_p90_y80_TPMC_N400000_S101,101,sample,2682,triangle_2682,body,0.1749999999999593,0.03651652169060148,-0.01387557747339456,1.0,-7.47606846341555e-15,-2.940413463327363e-12,3.7693713146295245e-05,-8.080992028387935e-14,7484.538922892781,-1319.726150268671,0.0,0.0,0.0,0.0,0.0,0.0,0.0,0.0,0.0,0,True,250.0
b712773f15e0f684,20270301_h250_r0_p90_y80_TPMC_N400000_S101,101,sample,2683,triangle_2683,body,0.17500000000011343,-0.028066774742956675,0.03862081671908793,1.0,1.0926789742421816e-15,-2.9327270543397777e-12,2.8762245277373333e-05,-8.080992028387935e-14,7484.538922892781,-1319.726150268671,0.0,0.0,0.0,0.0,0.0,0.0,0.0,0.0,0.0,0,True,250.0
b712773f15e0f684,20270301_h250_r0_p90_y80_TPMC_N400000_S101,101,sample,2684,triangle_2684,body,0.1750000000001114,-0.015454138309486809,0.03794499157720016,0.9999999999999999,-3.0598708859977e-15,-2.9442585724521365e-12,3.327903089675178e-05,-8.080992028387935e-14,7484.538922892781,-1319.726150268671,-7.237966027731703e-09,2.0976151716116958e-08,2.0355726034094352e-09,-8.252200557114007e-10,-6.363911594628933e-10,3.545197723095703e-09,-8.252200557114007e-10,-6.363911594628933e-10,3.545197723095703e-09,3,False,250.0
b712773f15e0f684,20270301_h250_r0_p90_y80_TPMC_N400000_S101,101,sample,2685,triangle_2685,body,0.17499999999988833,0.014565594229612374,-0.03806466450528975,1.0,9.33004047992905e-16,-2.93448051286654e-12,4.387274864136016e-05,-8.080992028387935e-14,7484.538922892781,-1319.726150268671,0.0,0.0,0.0,0.0,0.0,0.0,0.0,0.0,0.0,0,True,250.0
b712773f15e0f684,20270301_h250_r0_p90_y80_TPMC_N400000_S101,101,sample,2686,triangle_2686,body,-0.15000000000006342,0.03810941043083922,-0.021612811790942533,-1.0,-2.0305568907208826e-15,2.9359847886212245e-12,0.000891794217687075,-8.080992028387935e-14,7484.538922892781,-1319.726150268671,9.91823814913704e-09,5.138607310435343e-08,-1.640756132034241e-08,8.486443753941418e-10,-2.7326427658247863e-09,-8.049023473250811e-09,8.486443753941418e-10,-2.7326427658247863e-09,-8.049023473250811e-09,3,False,250.0
b712773f15e0f684,20270301_h250_r0_p90_y80_TPMC_N400000_S101,101,sample,2687,triangle_2687,body,-0.14999999999993885,-0.03750000000000021,0.020833333333773203,-1.0,-1.850371708024557e-16,2.935984788621224e-12,0.0009375000000000012,-8.080992028387935e-14,7484.538922892781,-1319.726150268671,6.3406271808251574e-09,5.545242233511794e-08,-1.1910038302414576e-08,-7.316701961462729e-10,-1.6569697246383873e-09,-8.129985668943095e-09,-7.316701961462729e-10,-1.6569697246383873e-09,-8.129985668943095e-09,2,False,250.0
b712773f15e0f684,20270301_h250_r0_p90_y80_TPMC_N400000_S101,101,sample,2688,triangle_2688,body,-0.14999999999988992,-0.020833333333333728,0.037500000000440056,-1.0,-3.071298457660474e-26,2.936169825791996e-12,0.0009374999999999995,-8.080992028387935e-14,7484.538922892781,-1319.726150268671,2.2904587891573738e-08,1.4351677245319814e-07,-1.9331780995428686e-08,-4.489962435299591e-09,-2.08919151314964e-09,-2.096134371814053e-08,-4.489962435299591e-09,-2.08919151314964e-09,-2.096134371814053e-08,9,False,250.0
b712773f15e0f684,20270301_h250_r0_p90_y80_TPMC_N400000_S101,101,sample,2689,triangle_2689,body,-0.15000000000011235,0.02144274376417274,-0.038279478457609394,-0.9999999999999999,-3.1409446054555615e-26,2.9380448094571226e-12,0.0008790391156462578,-8.080992028387935e-14,7484.538922892781,-1319.726150268671,1.7329523722374364e-08,1.0242015792209951e-07,-1.8663362148186968e-08,3.56367519898693e-09,-3.441449272451869e-09,-1.5663967277508355e-08,3.56367519898693e-09,-3.441449272451869e-09,-1.5663967277508355e-08,5,False,250.0
b712773f15e0f684,20270301_h250_r0_p90_y80_TPMC_N400000_S101,101,sample,2690,triangle_2690,body,-0.14999999999988073,0.023958333333332898,0.04062500000044054,-0.9999999999999999,-3.057274263789878e-26,2.9369099744750847e-12,0.0007031249999999996,-8.080992028387935e-14,7484.538922892781,-1319.726150268671,8.640915399714693e-09,3.674583900333669e-08,-5.362125158836311e-09,-1.4391194942300022e-09,-5.046962810526515e-10,-5.786149227359059e-09,-1.4391194942300022e-09,-5.046962810526515e-10,-5.786149227359059e-09,2,False,250.0
b712773f15e0f684,20270301_h250_r0_p90_y80_TPMC_N400000_S101,101,sample,2691,triangle_2691,body,-0.14999999999992966,0.04062499999999975,0.023958333333774062,-1.0,9.251858538254085e-16,2.9359847886212293e-12,0.0007031249999999991,-8.080992028387935e-14,7484.538922892781,-1319.726150268671,1.2375346162067925e-08,5.886972784190733e-08,-9.406013690453296e-09,-1.7351419724298449e-09,-1.0830893261230818e-09,-9.31377113780527e-09,-1.7351419724298449e-09,-1.0830893261230818e-09,-9.31377113780527e-09,4,False,250.0
b712773f15e0f684,20270301_h250_r0_p90_y80_TPMC_N400000_S101,101,sample,2692,triangle_2692,body,-0.15000000000012076,-0.024468537414965536,-0.04113520408119264,-1.0,-3.0552563941682083e-26,2.9368673759897243e-12,0.0006648596938775511,-8.080992028387935e-14,7484.538922892781,-1319.726150268671,5.83341109095014e-09,3.5295837731220824e-08,-5.509459217003607e-09,1.457916095232173e-09,-1.0580781792101865e-09,-5.223602385278835e-09,1.457916095232173e-09,-1.0580781792101865e-09,-5.223602385278835e-09,2,False,250.0
b712773f15e0f684,20270301_h250_r0_p90_y80_TPMC_N400000_S101,101,sample,2693,triangle_2693,body,-0.15000000000007183,-0.04113520408163238,-0.02446853741452616,-1.0,8.825873684653194e-16,2.9359847886212285e-12,0.0006648596938775508,-8.080992028387935e-14,7484.538922892781,-1319.726150268671,2.4290211586500547e-08,1.301645342019687e-07,-3.2043390873488516e-08,5.6605872004150694e-09,-5.590803518879355e-09,-1.8496973625809076e-08,5.6605872004150694e-09,-5.590803518879355e-09,-1.8496973625809076e-08,7,False,250.0
b712773f15e0f684,20270301_h250_r0_p90_y80_TPMC_N400000_S101,101,sample,2694,triangle_2694,body,-0.1499999999999931,0.02873441043083898,0.00234552154239072,-1.0,-1.00060482054057e-15,2.9335087720399004e-12,0.0005988254676870751,-8.080992028387935e-14,7484.538922892781,-1319.726150268671,0.0,0.0,0.0,0.0,0.0,0.0,0.0,0.0,0.0,0,True,250.0
b712773f15e0f684,20270301_h250_r0_p90_y80_TPMC_N400000_S101,101,sample,2695,triangle_2695,body,-0.15000000000001065,-0.028635204081632597,-0.0036352040811926984,-1.0,1.0824308800712157e-16,2.935104947844795e-12,0.0006050701530612245,-8.080992028387935e-14,7484.538922892781,-1319.726150268671,3.253837293997036e-09,1.8454678942739265e-08,-4.165017490606979e-09,8.696354127473716e-11,-6.032622795271043e-10,-2.675826901861194e-09,8.696354127473716e-11,-6.032622795271043e-10,-2.675826901861194e-09,2,False,250.0
b712773f15e0f684,20270301_h250_r0_p90_y80_TPMC_N400000_S101,101,sample,2696,triangle_2696,body,-0.14999999999998087,0.007901077097505614,0.0065121882090571495,-1.0,1.8672945804380078e-16,2.9332647050631223e-12,0.000595636692176871,-8.080992028387935e-14,7484.538922892781,-1319.726150268671,0.0,0.0,0.0,0.0,0.0,0.0,0.0,0.0,0.0,0,True,250.0
b712773f15e0f684,20270301_h250_r0_p90_y80_TPMC_N400000_S101,101,sample,2697,triangle_2697,body,-0.14999999999991742,0.0031249999999997027,0.028125000000440322,-1.0,-6.661338148109229e-16,2.9363918703969225e-12,0.0005859375000000001,-8.080992028387935e-14,7484.538922892781,-1319.726150268671,9.303331179020875e-09,5.405386748872692e-08,-1.6008389138065204e-08,-1.2330727246305338e-09,-2.1849820775606206e-09,-8.099185375187657e-09,-1.2330727246305338e-09,-2.1849820775606206e-09,-8.099185375187657e-09,4,False,250.0
b712773f15e0f684,20270301_h250_r0_p90_y80_TPMC_N400000_S101,101,sample,2698,triangle_2698,body,-0.15000000000002517,-0.007192460317460213,-0.008581349205909014,-1.0,1.6001992699248758e-15,2.9346517959671613e-12,0.0006307132227891153,-8.080992028387935e-14,7484.538922892781,-1319.726150268671,1.4036248964284906e-08,1.3602542012730735e-07,-2.6813767558286582e-08,1.1355785674544974e-09,-4.117211760385362e-09,-2.0345260724496682e-08,1.1355785674544974e-09,-4.117211760385362e-09,-2.0345260724496682e-08,6,False,250.0
b712773f15e0f684,20270301_h250_r0_p90_y80_TPMC_N400000_S101,101,sample,2699,triangle_2699,body,-0.15000000000008631,-0.0030257936507933256,-0.0294146825392423,-1.0,9.144454486332708e-16,2.9376721757011377e-12,0.0006020142431972789,-8.080992028387935e-14,7484.538922892781,-1319.726150268671,5.952490215218909e-09,3.452884923755775e-08,-7.539229576788188e-09,1.2421436966469162e-09,-1.3501380759060052e-09,-5.15515634362669e-09,1.2421436966469162e-09,-1.3501380759060052e-09,-5.15515634362669e-09,2,False,250.0
b712773f15e0f684,20270301_h250_r0_p90_y80_TPMC_N400000_S101,101,sample,2700,triangle_2700,body,0.2111970752018498,0.023390333515351826,-0.021436474348048757,0.019946855628140643,0.7355775356673003,-0.6771468171468958,1.4206395563522798e-05,-8.080992028387935e-14,7484.538922892781,-1319.726150268671,0.0,0.0,0.0,0.0,0.0,0.0,0.0,0.0,0.0,0,True,250.0
b712773f15e0f684,20270301_h250_r0_p90_y80_TPMC_N400000_S101,101,sample,2701,triangle_2701,body,0.18846919239013168,0.02528113984218226,-0.01909639968144116,-0.0315218664041599,0.7959725848344034,-0.6045113862702974,1.8263780472022725e-05,-8.080992028387935e-14,7484.538922892781,-1319.726150268671,0.0,0.0,0.0,0.0,0.0,0.0,0.0,0.0,0.0,0,True,250.0
b712773f15e0f684,20270301_h250_r0_p90_y80_TPMC_N400000_S101,101,sample,2702,triangle_2702,body,0.20432340837628318,-0.010116980727297276,-0.03005984558956619,-0.01990981944325845,-0.3164065349948453,-0.9484147319091436,1.740420431990469e-05,-8.080992028387935e-14,7484.538922892781,-1319.726150268671,0.0,0.0,0.0,0.0,0.0,0.0,0.0,0.0,0.0,0,True,250.0
b712773f15e0f684,20270301_h250_r0_p90_y80_TPMC_N400000_S101,101,sample,2703,triangle_2703,body,0.18683622144485793,-0.030617215261530977,-0.006780873967659618,0.06077103298147029,-0.9704607728321251,-0.23347969921267203,6.504071482069839e-05,-8.080992028387935e-14,7484.538922892781,-1319.726150268671,-8.161101920320154e-09,2.393041665006866e-07,-2.6069187800580052e-08,2.4336751280611497e-09,4.965961262585955e-09,4.460871573061266e-08,2.4336751280611497e-09,4.965961262585955e-09,4.460871573061266e-08,10,False,250.0
b712773f15e0f684,20270301_h250_r0_p90_y80_TPMC_N400000_S101,101,sample,2704,triangle_2704,body,0.19948609765569725,0.002892014996502771,-0.031587704844260905,-0.01926539752350402,0.08891234122813686,-0.9958531217180536,1.7140008382764608e-05,-8.080992028387935e-14,7484.538922892781,-1319.726150268671,0.0,0.0,0.0,0.0,0.0,0.0,0.0,0.0,0.0,0,True,250.0
b712773f15e0f684,20270301_h250_r0_p90_y80_TPMC_N400000_S101,101,sample,2705,triangle_2705,body,0.2064062500630333,-0.012713621362720686,-0.02906891064483429,0.01766017999914097,-0.401632732670352,-0.9156305292475473,1.612609983661454e-05,-8.080992028387935e-14,7484.538922892781,-1319.726150268671,0.0,0.0,0.0,0.0,0.0,0.0,0.0,0.0,0.0,0,True,250.0
b712773f15e0f684,20270301_h250_r0_p90_y80_TPMC_N400000_S101,101,sample,2706,triangle_2706,body,0.20037122071305444,-0.030889868782839346,-0.006077096262427245,-0.03065381405731487,-0.9832984687843707,-0.17940029255843415,5.830110177421179e-05,-8.080992028387935e-14,7484.538922892781,-1319.726150268671,5.846447004261845e-10,1.4156842042545552e-07,-2.6433120566781897e-08,1.7606878509025328e-09,5.286217964176218e-09,2.8411636293443116e-08,1.7606878509025328e-09,5.286217964176218e-09,2.8411636293443116e-08,8,False,250.0
b712773f15e0f684,20270301_h250_r0_p90_y80_TPMC_N400000_S101,101,sample,2707,triangle_2707,body,0.20489007628336162,0.019479040730725494,-0.025044513670096608,-0.02020751675347188,0.6087943330893817,-0.7930706880631216,1.401877355595423e-05,-8.080992028387935e-14,7484.538922892781,-1319.726150268671,0.0,0.0,0.0,0.0,0.0,0.0,0.0,0.0,0.0,0,True,250.0
b712773f15e0f684,20270301_h250_r0_p90_y80_TPMC_N400000_S101,101,sample,2708,triangle_2708,body,0.20611753897709803,0.02153059672449842,-0.02329577051447096,0.02044717424915903,0.6819448995678961,-0.7311176834262434,1.5664719809406596e-05,-8.080992028387935e-14,7484.538922892781,-1319.726150268671,0.0,0.0,0.0,0.0,0.0,0.0,0.0,0.0,0.0,0,True,250.0
b712773f15e0f684,20270301_h250_r0_p90_y80_TPMC_N400000_S101,101,sample,2709,triangle_2709,body,0.20438079748086269,-0.01508300209866349,-0.027908348842630947,-0.018810863583539388,-0.4753167363559048,-0.8796136376564502,1.6500863924371675e-05,-8.080992028387935e-14,7484.538922892781,-1319.726150268671,1.5282792466916692e-09,1.8410026103663835e-08,-1.6585013141624988e-09,5.45916958614262e-10,2.930177388531556e-10,3.755666472013459e-09,5.45916958614262e-10,2.930177388531556e-10,3.755666472013459e-09,1,False,250.0
b712773f15e0f684,20270301_h250_r0_p90_y80_TPMC_N400000_S101,101,sample,2710,triangle_2710,body,0.2028802708850135,0.029731842050295623,-0.010906185139948272,0.02170163145034199,0.9297751176682186,-0.3674877817798076,3.02639103742308e-05,-8.080992028387935e-14,7484.538922892781,-1319.726150268671,0.0,0.0,0.0,0.0,0.0,0.0,0.0,0.0,0.0,0,True,250.0
b712773f15e0f684,20270301_h250_r0_p90_y80_TPMC_N400000_S101,101,sample,2711,triangle_2711,body,0.17650894608961867,0.0313310726655155,-0.004346848682482738,0.07163107564985124,0.9940244621105793,-0.08236721269424542,1.1918197408449676e-05,-8.080992028387935e-14,7484.538922892781,-1319.726150268671,0.0,0.0,0.0,0.0,0.0,0.0,0.0,0.0,0.0,0,True,250.0
b712773f15e0f684,20270301_h250_r0_p90_y80_TPMC_N400000_S101,101,sample,2712,triangle_2712,body,0.2006945239399124,0.02371733599838628,-0.021007690762067793,0.03189627928972389,0.7484118557604964,-0.6624668456040664,1.8153726481477193e-05,-8.080992028387935e-14,7484.538922892781,-1319.726150268671,0.0,0.0,0.0,0.0,0.0,0.0,0.0,0.0,0.0,0,True,250.0
b712773f15e0f684,20270301_h250_r0_p90_y80_TPMC_N400000_S101,101,sample,2713,triangle_2713,body,0.18556641766190587,0.02523648068453203,-0.019154187396140936,0.05175732745365001,0.8054268876005513,-0.5904309509036129,1.0914173833862985e-05,-8.080992028387935e-14,7484.538922892781,-1319.726150268671,0.0,0.0,0.0,0.0,0.0,0.0,0.0,0.0,0.0,0,True,250.0
b712773f15e0f684,20270301_h250_r0_p90_y80_TPMC_N400000_S101,101,sample,2714,triangle_2714,body,0.20470493364703204,0.00018765748705370556,-0.031720459899950725,-0.02047471944880844,0.014794494121863344,-0.9996809034922947,1.5617715056348717e-05,-8.080992028387935e-14,7484.538922892781,-1319.726150268671,0.0,0.0,0.0,0.0,0.0,0.0,0.0,0.0,0.0,0,True,250.0
b712773f15e0f684,20270301_h250_r0_p90_y80_TPMC_N400000_S101,101,sample,2715,triangle_2715,body,0.2111450286225496,-0.019484926489493754,-0.025039522048771926,0.01951350348838859,-0.6140957502699234,-0.7889902614620973,1.4616378048664565e-05,-8.080992028387935e-14,7484.538922892781,-1319.726150268671,5.666900823091603e-10,1.7755813497583768e-08,-3.426393575890447e-09,5.096454756479199e-10,7.061278205882299e-10,3.7434943301952485e-09,5.096454756479199e-10,7.061278205882299e-10,3.7434943301952485e-09,1,False,250.0
b712773f15e0f684,20270301_h250_r0_p90_y80_TPMC_N400000_S101,101,sample,2716,triangle_2716,body,0.21110612994944947,-0.005199995683207589,-0.03129854765143302,0.019100511527343978,-0.1645645102898042,-0.9861813689238257,1.492275888776904e-05,-8.080992028387935e-14,7484.538922892781,-1319.726150268671,0.0,0.0,0.0,0.0,0.0,0.0,0.0,0.0,0.0,0,True,250.0
b712773f15e0f684,20270301_h250_r0_p90_y80_TPMC_N400000_S101,101,sample,2717,triangle_2717,body,0.21148429720036988,0.03133107266552157,-0.004346848682519001,-0.07131338570514723,0.9940471485862118,-0.08236909254623793,1.1971291108367576e-05,-8.080992028387935e-14,7484.538922892781,-1319.726150268671,0.0,0.0,0.0,0.0,0.0,0.0,0.0,0.0,0.0,0,True,250.0
b712773f15e0f684,20270301_h250_r0_p90_y80_TPMC_N400000_S101,101,sample,2718,triangle_2718,body,0.17651570279960213,-0.03133107266551541,-0.0043468486824834235,0.07131338570405074,-0.9940471485860485,-0.08236909254915811,1.1971291108200397e-05,-8.080992028387935e-14,7484.538922892781,-1319.726150268671,-1.94186815238711e-09,3.991021700961182e-08,-8.281047916211872e-09,4.026590332768099e-10,1.4651008755750552e-09,6.965307043128451e-09,4.026590332768099e-10,1.4651008755750552e-09,6.965307043128451e-09,3,False,250.0
b712773f15e0f684,20270301_h250_r0_p90_y80_TPMC_N400000_S101,101,sample,2719,triangle_2719,body,0.20599188250277933,-0.007612724634664194,-0.030798128887967013,0.01939008042501809,-0.24039855383373923,-0.970480582029212,1.4862875688969596e-05,-8.080992028387935e-14,7484.538922892781,-1319.726150268671,0.0,0.0,0.0,0.0,0.0,0.0,0.0,0.0,0.0,0,True,250.0
b712773f15e0f684,20270301_h250_r0_p90_y80_TPMC_N400000_S101,101,sample,2720,triangle_2720,body,0.2059372518157542,-0.002541190462525557,-0.03162744668001751,0.017962657787585885,-0.08542540658685048,-0.9961826352806384,1.5233140727738471e-05,-8.080992028387935e-14,7484.538922892781,-1319.726150268671,0.0,0.0,0.0,0.0,0.0,0.0,0.0,0.0,0.0,0,True,250.0
b712773f15e0f684,20270301_h250_r0_p90_y80_TPMC_N400000_S101,101,sample,2721,triangle_2721,body,0.19998295997427726,0.030877067304313322,-0.006113770873337137,-0.029651820326929708,0.9836718006834686,-0.1775121350540353,6.352127837943764e-05,-8.080992028387935e-14,7484.538922892781,-1319.726150268671,0.0,0.0,0.0,0.0,0.0,0.0,0.0,0.0,0.0,0,True,250.0
b712773f15e0f684,20270301_h250_r0_p90_y80_TPMC_N400000_S101,101,sample,2722,triangle_2722,body,0.20104382120909792,0.0002137795190813445,-0.031720427713072395,0.022135649548779404,0.002491068721568709,-0.9997518730143384,1.4520021765179302e-05,-8.080992028387935e-14,7484.538922892781,-1319.726150268671,0.0,0.0,0.0,0.0,0.0,0.0,0.0,0.0,0.0,0,True,250.0
b712773f15e0f684,20270301_h250_r0_p90_y80_TPMC_N400000_S101,101,sample,2723,triangle_2723,body,0.20672117860868378,-0.029387351447614188,-0.011756197554777373,-0.03923820570327654,-0.9442913978082131,-0.32676309344630455,1.4530224004561134e-05,-8.080992028387935e-14,7484.538922892781,-1319.726150268671,0.0,0.0,0.0,0.0,0.0,0.0,0.0,0.0,0.0,0,True,250.0
b712773f15e0f684,20270301_h250_r0_p90_y80_TPMC_N400000_S101,101,sample,2724,triangle_2724,body,0.20968137218832764,0.0215360986268871,-0.02329070923974479,-0.02364593617850609,0.6767945705546969,-0.7357920759086262,1.3555167063388563e-05,-8.080992028387935e-14,7484.538922892781,-1319.726150268671,0.0,0.0,0.0,0.0,0.0,0.0,0.0,0.0,0.0,0,True,250.0
b712773f15e0f684,20270301_h250_r0_p90_y80_TPMC_N400000_S101,101,sample,2725,triangle_2725,body,0.2096813723663903,0.02508511368810708,-0.019435451157364416,-0.01998737484400038,0.7931058536994354,-0.6087557882061865,1.2595545046843656e-05,-8.080992028387935e-14,7484.538922892781,-1319.726150268671,0.0,0.0,0.0,0.0,0.0,0.0,0.0,0.0,0.0,0,True,250.0
b712773f15e0f684,20270301_h250_r0_p90_y80_TPMC_N400000_S101,101,sample,2726,triangle_2726,body,0.20608817028044676,-0.017364328062091372,-0.02655440688898589,0.019460779805366188,-0.5498758369596743,-0.8350196656230708,1.4568910757621579e-05,-8.080992028387935e-14,7484.538922892781,-1319.726150268671,0.0,0.0,0.0,0.0,0.0,0.0,0.0,0.0,0.0,0,True,250.0
b712773f15e0f684,20270301_h250_r0_p90_y80_TPMC_N400000_S101,101,sample,2727,triangle_2727,body,0.20095719352963273,0.0058135795751317896,-0.031169639782849198,0.02475780684428529,0.19439536274786012,-0.9806107759668915,1.63031912961041e-05,-8.080992028387935e-14,7484.538922892781,-1319.726150268671,0.0,0.0,0.0,0.0,0.0,0.0,0.0,0.0,0.0,0,True,250.0
b712773f15e0f684,20270301_h250_r0_p90_y80_TPMC_N400000_S101,101,sample,2728,triangle_2728,body,0.20959042719567714,-0.007766468700090692,-0.030760414982729,-0.02180698863999947,-0.24890577108992493,-0.9682821760027317,1.358663972605385e-05,-8.080992028387935e-14,7484.538922892781,-1319.726150268671,0.0,0.0,0.0,0.0,0.0,0.0,0.0,0.0,0.0,0,True,250.0
b712773f15e0f684,20270301_h250_r0_p90_y80_TPMC_N400000_S101,101,sample,2729,triangle_2729,body,0.19893588555152764,0.025536897223248464,-0.01881479938648388,-0.018714476633655313,0.799729780204411,-0.6000683686202204,1.550170716049111e-05,-8.080992028387935e-14,7484.538922892781,-1319.726150268671,0.0,0.0,0.0,0.0,0.0,0.0,0.0,0.0,0.0,0,True,250.0
b712773f15e0f684,20270301_h250_r0_p90_y80_TPMC_N400000_S101,101,sample,2730,triangle_2730,body,0.20962932567740097,-0.021485949714064246,-0.023344741861151843,-0.02156036100052883,-0.680074343567307,-0.7328260626199259,1.3302478461868262e-05,-8.080992028387935e-14,7484.538922892781,-1319.726150268671,1.423850015545993e-09,6.917007952705758e-08,-7.087880426221621e-09,1.82479633813823e-09,1.4424276244104074e-09,1.4473105282526961e-08,1.82479633813823e-09,1.4424276244104074e-09,1.4473105282526961e-08,2,False,250.0
b712773f15e0f684,20270301_h250_r0_p90_y80_TPMC_N400000_S101,101,sample,2731,triangle_2731,body,0.2096293256163947,-0.017350783872582345,-0.026563270511968985,-0.021393337740917978,-0.5432124738497147,-0.8393226634342575,1.3258288644928838e-05,-8.080992028387935e-14,7484.538922892781,-1319.726150268671,0.0,0.0,0.0,0.0,0.0,0.0,0.0,0.0,0.0,0,True,250.0
b712773f15e0f684,20270301_h250_r0_p90_y80_TPMC_N400000_S101,101,sample,2732,triangle_2732,body,0.20342339407827134,-0.029711541934522856,-0.010934263649179743,0.024755271159100093,-0.9283026590880182,-0.371000471266485,2.8329888940657276e-05,-8.080992028387935e-14,7484.538922892781,-1319.726150268671,3.4663007549952095e-09,7.386375560037888e-08,-6.53321602347695e-09,1.0849133348610363e-09,1.2909699178547356e-09,1.5129620725677827e-08,1.0849133348610363e-09,1.2909699178547356e-09,1.5129620725677827e-08,4,False,250.0
b712773f15e0f684,20270301_h250_r0_p90_y80_TPMC_N400000_S101,101,sample,2733,triangle_2733,body,0.2061106952435385,-0.021422056312176432,-0.02340307994609653,0.019809487842746096,-0.6742114359712567,-0.7382726622305503,1.4342821971989425e-05,-8.080992028387935e-14,7484.538922892781,-1319.726150268671,-2.779254698568213e-09,3.3230693771094206e-08,-2.6260083477130135e-09,8.373704435178725e-10,6.070220532217538e-10,6.795293792140644e-09,8.373704435178725e-10,6.070220532217538e-10,6.795293792140644e-09,1,False,250.0
b712773f15e0f684,20270301_h250_r0_p90_y80_TPMC_N400000_S101,101,sample,2734,triangle_2734,body,0.2095904277113151,-0.00259785026814856,-0.0316229046428943,-0.020657589867743804,-0.07699843920871607,-0.9968171870209089,1.3280537243709823e-05,-8.080992028387935e-14,7484.538922892781,-1319.726150268671,0.0,0.0,0.0,0.0,0.0,0.0,0.0,0.0,0.0,0,True,250.0
b712773f15e0f684,20270301_h250_r0_p90_y80_TPMC_N400000_S101,101,sample,2735,triangle_2735,body,0.20468887878806932,-0.0233215215243129,-0.021491658090003158,-0.022823406141601905,-0.7369563818111516,-0.675554870783944,1.6140354884681257e-05,-8.080992028387935e-14,7484.538922892781,-1319.726150268671,3.1753861474847706e-09,6.300539565780542e-08,-1.1557702483469463e-08,1.6483849881259745e-09,2.3043022808996146e-09,1.3013260462452544e-08,1.6483849881259745e-09,2.3043022808996146e-09,1.3013260462452544e-08,3,False,250.0
b712773f15e0f684,20270301_h250_r0_p90_y80_TPMC_N400000_S101,101,sample,2736,triangle_2736,body,0.2042077476614105,0.023661221322969047,-0.021069960211253732,-0.033520898550405735,0.7510685883185688,-0.6593726753525092,1.7002020888064052e-05,-8.080992028387935e-14,7484.538922892781,-1319.726150268671,0.0,0.0,0.0,0.0,0.0,0.0,0.0,0.0,0.0,0,True,250.0
b712773f15e0f684,20270301_h250_r0_p90_y80_TPMC_N400000_S101,101,sample,2737,triangle_2737,body,0.2046227804126918,0.026970018743215585,-0.016729143780315012,-0.011829789124351973,0.8558469342934283,-0.5170938804025954,1.3541553696530879e-05,-8.080992028387935e-14,7484.538922892781,-1319.726150268671,0.0,0.0,0.0,0.0,0.0,0.0,0.0,0.0,0.0,0,True,250.0
b712773f15e0f684,20270301_h250_r0_p90_y80_TPMC_N400000_S101,101,sample,2738,triangle_2738,body,0.20307025936204826,0.011510800814199732,-0.029575444890901883,-0.0030462150851181115,0.34299335003695947,-0.9393328922187698,8.417106663471301e-06,-8.080992028387935e-14,7484.538922892781,-1319.726150268671,0.0,0.0,0.0,0.0,0.0,0.0,0.0,0.0,0.0,0,True,250.0
b712773f15e0f684,20270301_h250_r0_p90_y80_TPMC_N400000_S101,101,sample,2739,triangle_2739,body,0.20438780941444842,0.009814524794297251,-0.030163748509632462,0.018053842442391863,0.32518905342021165,-0.9454766725354634,9.841956138414065e-06,-8.080992028387935e-14,7484.538922892781,-1319.726150268671,0.0,0.0,0.0,0.0,0.0,0.0,0.0,0.0,0.0,0,True,250.0
b712773f15e0f684,20270301_h250_r0_p90_y80_TPMC_N400000_S101,101,sample,2740,triangle_2740,body,0.20385440936099078,-0.004989591812158087,-0.03134080359379424,-0.01838406724338974,-0.1551516722920821,-0.9877195880696914,1.2837750495007365e-05,-8.080992028387935e-14,7484.538922892781,-1319.726150268671,6.813836382938672e-10,1.993725755133643e-08,-1.197757971567888e-09,6.317721033348449e-10,2.233748526784776e-10,4.077586005369939e-09,6.317721033348449e-10,2.233748526784776e-10,4.077586005369939e-09,1,False,250.0
b712773f15e0f684,20270301_h250_r0_p90_y80_TPMC_N400000_S101,101,sample,2741,triangle_2741,body,0.18993276803634887,0.027006426989579686,-0.016597831456666965,0.024125816069861746,0.8493113423069839,-0.5273406762498721,1.8288435419219945e-05,-8.080992028387935e-14,7484.538922892781,-1319.726150268671,0.0,0.0,0.0,0.0,0.0,0.0,0.0,0.0,0.0,0,True,250.0
b712773f15e0f684,20270301_h250_r0_p90_y80_TPMC_N400000_S101,101,sample,2742,triangle_2742,body,0.20680824662771788,0.0027378682844423356,-0.031609741639740147,0.021843368971155935,0.08236008277845074,-0.9963632289465106,1.2439262195133034e-05,-8.080992028387935e-14,7484.538922892781,-1319.726150268671,0.0,0.0,0.0,0.0,0.0,0.0,0.0,0.0,0.0,0,True,250.0
b712773f15e0f684,20270301_h250_r0_p90_y80_TPMC_N400000_S101,101,sample,2743,triangle_2743,body,0.18951558692680934,-0.025175986370465916,-0.01916149921863702,-0.04619079196624689,-0.7888918287875338,-0.6127936791529361,2.054911468450689e-05,-8.080992028387935e-14,7484.538922892781,-1319.726150268671,4.50169411035556e-09,5.9022728683479016e-08,-4.268836494827207e-09,1.2833644479731262e-09,7.360098556776805e-10,1.133736571924666e-08,1.2833644479731262e-09,7.360098556776805e-10,1.133736571924666e-08,2,False,250.0
b712773f15e0f684,20270301_h250_r0_p90_y80_TPMC_N400000_S101,101,sample,2744,triangle_2744,body,0.21145013708503277,0.005209016018043594,-0.03129705809762236,0.02334792285020065,0.16454966904632842,-0.9860924302089156,1.221325432997407e-05,-8.080992028387935e-14,7484.538922892781,-1319.726150268671,0.0,0.0,0.0,0.0,0.0,0.0,0.0,0.0,0.0,0,True,250.0
b712773f15e0f684,20270301_h250_r0_p90_y80_TPMC_N400000_S101,101,sample,2745,triangle_2745,body,0.19626604070065068,-0.017361215230931166,-0.026547980589958206,0.025777204783503215,-0.5474454645570833,-0.8364442593798038,1.2649037387818922e-05,-8.080992028387935e-14,7484.538922892781,-1319.726150268671,0.0,0.0,0.0,0.0,0.0,0.0,0.0,0.0,0.0,0,True,250.0
b712773f15e0f684,20270301_h250_r0_p90_y80_TPMC_N400000_S101,101,sample,2746,triangle_2746,body,0.20028017062875456,0.010758472354116963,-0.02987143065642822,0.015583332523010985,0.3435893645017833,-0.9389906859754988,9.972062171556393e-06,-8.080992028387935e-14,7484.538922892781,-1319.726150268671,0.0,0.0,0.0,0.0,0.0,0.0,0.0,0.0,0.0,0,True,250.0
b712773f15e0f684,20270301_h250_r0_p90_y80_TPMC_N400000_S101,101,sample,2747,triangle_2747,body,0.20993443433126044,0.007775489034927636,-0.030758925428922806,-0.023974844867440566,0.2452545310327902,-0.9691622267822184,1.2169627126180443e-05,-8.080992028387935e-14,7484.538922892781,-1319.726150268671,0.0,0.0,0.0,0.0,0.0,0.0,0.0,0.0,0.0,0,True,250.0
b712773f15e0f684,20270301_h250_r0_p90_y80_TPMC_N400000_S101,101,sample,2748,triangle_2748,body,0.19882767620181777,0.008309031919699526,-0.030622389474788875,-0.019972851134081114,0.25314803462553354,-0.9672213592465818,1.1727177500111151e-05,-8.080992028387935e-14,7484.538922892781,-1319.726150268671,0.0,0.0,0.0,0.0,0.0,0.0,0.0,0.0,0.0,0,True,250.0
b712773f15e0f684,20270301_h250_r0_p90_y80_TPMC_N400000_S101,101,sample,2749,triangle_2749,body,0.19932631745274396,-0.01738537580442327,-0.02653218999157374,-0.025961019276704772,-0.5481892746032812,-0.8359512812885946,1.2569468913900962e-05,-8.080992028387935e-14,7484.538922892781,-1319.726150268671,0.0,0.0,0.0,0.0,0.0,0.0,0.0,0.0,0.0,0,True,250.0
b712773f15e0f684,20270301_h250_r0_p90_y80_TPMC_N400000_S101,101,sample,2750,triangle_2750,body,0.20993443484689847,0.0026068706029840085,-0.0316214150890791,-0.023252032459031444,0.08147378367915319,-0.9964042179555077,1.1987842571829058e-05,-8.080992028387935e-14,7484.538922892781,-1319.726150268671,0.0,0.0,0.0,0.0,0.0,0.0,0.0,0.0,0.0,0,True,250.0
b712773f15e0f684,20270301_h250_r0_p90_y80_TPMC_N400000_S101,101,sample,2751,triangle_2751,body,0.19470931637150257,-0.015056151710834036,-0.027927765536498617,-0.023726351460465284,-0.474895379454104,-0.8797223646239289,1.1985572645903193e-05,-8.080992028387935e-14,7484.538922892781,-1319.726150268671,5.450414342636543e-10,1.898274725303631e-08,-1.852551628389057e-09,5.560361625650443e-10,3.433649954174382e-10,3.681988435068654e-09,5.560361625650443e-10,3.433649954174382e-10,3.681988435068654e-09,1,False,250.0
b712773f15e0f684,20270301_h250_r0_p90_y80_TPMC_N400000_S101,101,sample,2752,triangle_2752,body,0.18107336938791252,-0.021477025715498237,-0.023354695889361347,-0.023456543604258504,-0.6766019060171861,-0.7359753061999109,1.1904815589722355e-05,-8.080992028387935e-14,7484.538922892781,-1319.726150268671,0.0,0.0,0.0,0.0,0.0,0.0,0.0,0.0,0.0,0,True,250.0
b712773f15e0f684,20270301_h250_r0_p90_y80_TPMC_N400000_S101,101,sample,2753,triangle_2753,body,0.17652058326763173,-0.01948748403613731,-0.025037532060645958,-0.023802789667435653,-0.6140386776252705,-0.7889169345274932,1.198265694962589e-05,-8.080992028387935e-14,7484.538922892781,-1319.726150268671,0.0,0.0,0.0,0.0,0.0,0.0,0.0,0.0,0.0,0,True,250.0
b712773f15e0f684,20270301_h250_r0_p90_y80_TPMC_N400000_S101,101,sample,2754,triangle_2754,body,0.20081444780172664,-0.015059284475622013,-0.02792114522406683,0.025018815392982383,-0.4747982826899126,-0.879738966757209,1.240274223568866e-05,-8.080992028387935e-14,7484.538922892781,-1319.726150268671,0.0,0.0,0.0,0.0,0.0,0.0,0.0,0.0,0.0,0,True,250.0
b712773f15e0f684,20270301_h250_r0_p90_y80_TPMC_N400000_S101,101,sample,2755,triangle_2755,body,0.1780346500105856,-0.021480142366865063,-0.02335182795979777,0.02351882117207298,-0.6767305401543893,-0.7358550408015322,1.1872752565541877e-05,-8.080992028387935e-14,7484.538922892781,-1319.726150268671,0.0,0.0,0.0,0.0,0.0,0.0,0.0,0.0,0.0,0,True,250.0
b712773f15e0f684,20270301_h250_r0_p90_y80_TPMC_N400000_S101,101,sample,2756,triangle_2756,body,0.17803628627377513,-0.017353341419226547,-0.026561280523845283,0.023840840964750448,-0.5467367616430053,-0.8369650696237049,1.1963392496841013e-05,-8.080992028387935e-14,7484.538922892781,-1319.726150268671,-8.618392745357974e-10,1.7068589752539917e-08,-8.918860954967733e-10,4.597769315511846e-10,1.8180711502715658e-10,3.0350705734988063e-09,4.597769315511846e-10,1.8180711502715658e-10,3.0350705734988063e-09,1,False,250.0
b712773f15e0f684,20270301_h250_r0_p90_y80_TPMC_N400000_S101,101,sample,2757,triangle_2757,body,0.20997520972127015,0.017368121364054804,-0.02655326557570123,-0.023473633043075988,0.5473857993395742,-0.8365511193185593,1.1803764175947305e-05,-8.080992028387935e-14,7484.538922892781,-1319.726150268671,0.0,0.0,0.0,0.0,0.0,0.0,0.0,0.0,0.0,0,True,250.0
b712773f15e0f684,20270301_h250_r0_p90_y80_TPMC_N400000_S101,101,sample,2758,triangle_2758,body,0.19923957132149925,-0.01266437931798379,-0.02909043328037787,-0.02355035075640785,-0.3996729634655856,-0.9163552276567679,1.211083544176679e-05,-8.080992028387935e-14,7484.538922892781,-1319.726150268671,0.0,0.0,0.0,0.0,0.0,0.0,0.0,0.0,0.0,0,True,250.0
b712773f15e0f684,20270301_h250_r0_p90_y80_TPMC_N400000_S101,101,sample,2759,triangle_2759,body,0.20072307931388514,-0.010091456305601855,-0.03006857184367388,0.026855806472425508,-0.3154983184990857,-0.9485460329804585,1.296887341252824e-05,-8.080992028387935e-14,7484.538922892781,-1319.726150268671,2.4548442717343173e-09,1.7121371807214846e-08,-2.0166129346516003e-09,5.385567106566576e-10,3.3024506477419723e-10,3.459425097291472e-09,5.385567106566576e-10,3.3024506477419723e-10,3.459425097291472e-09,1,False,250.0
b712773f15e0f684,20270301_h250_r0_p90_y80_TPMC_N400000_S101,101,sample,2760,triangle_2760,body,0.19913438148393633,-0.007583104745775282,-0.03080752880060503,-0.02300034771072065,-0.24341469530647245,-0.9696495604671016,1.2114431935797618e-05,-8.080992028387935e-14,7484.538922892781,-1319.726150268671,0.0,0.0,0.0,0.0,0.0,0.0,0.0,0.0,0.0,0,True,250.0
b712773f15e0f684,20270301_h250_r0_p90_y80_TPMC_N400000_S101,101,sample,2761,triangle_2761,body,0.20059723740454574,-0.004985496344964595,-0.03134147725232457,0.020826616431836968,-0.15386125326977407,-0.9878729507331677,1.1343720313029919e-05,-8.080992028387935e-14,7484.538922892781,-1319.726150268671,9.489490578214485e-10,5.209316309988693e-10,1.225330492874115e-09,1.0500545698148024e-11,-2.759161721662719e-10,1.091697133276312e-10,1.0500545698148024e-11,-2.759161721662719e-10,1.091697133276312e-10,1,False,250.0
b712773f15e0f684,20270301_h250_r0_p90_y80_TPMC_N400000_S101,101,sample,2762,triangle_2762,body,0.18105549157093348,-0.01274096015737177,-0.02905697754499992,-0.023878743664436295,-0.40164174571541417,-0.9154855070942866,1.1944266628103274e-05,-8.080992028387935e-14,7484.538922892781,-1319.726150268671,0.0,0.0,0.0,0.0,0.0,0.0,0.0,0.0,0.0,0,True,250.0
b712773f15e0f684,20270301_h250_r0_p90_y80_TPMC_N400000_S101,101,sample,2763,triangle_2763,body,0.19901896742137506,-0.0025109729633044256,-0.03162808815166951,-0.02390723329981377,-0.08042653663487435,-0.9964737911259218,1.1905195557520032e-05,-8.080992028387935e-14,7484.538922892781,-1319.726150268671,0.0,0.0,0.0,0.0,0.0,0.0,0.0,0.0,0.0,0,True,250.0
b712773f15e0f684,20270301_h250_r0_p90_y80_TPMC_N400000_S101,101,sample,2764,triangle_2764,body,0.18256403045748573,-0.010303733108067367,-0.030008761202708917,0.02360495739724797,-0.3246209689394035,-0.9455495928353609,1.1876216883764289e-05,-8.080992028387935e-14,7484.538922892781,-1319.726150268671,0.0,0.0,0.0,0.0,0.0,0.0,0.0,0.0,0.0,0,True,250.0
b712773f15e0f684,20270301_h250_r0_p90_y80_TPMC_N400000_S101,101,sample,2765,triangle_2765,body,0.18257850534540274,-0.015093256359839708,-0.027907591380407885,0.02387854525810805,-0.4754026241229003,-0.8794442336233816,1.1944231086531064e-05,-8.080992028387935e-14,7484.538922892781,-1319.726150268671,1.3182009776520978e-09,-5.74848773129564e-10,2.597971191649786e-09,-5.606904413266189e-11,-5.059357610231442e-10,-8.349834032496674e-11,-5.606904413266189e-11,-5.059357610231442e-10,-8.349834032496674e-11,1,False,250.0
b712773f15e0f684,20270301_h250_r0_p90_y80_TPMC_N400000_S101,101,sample,2766,triangle_2766,body,0.1959897684912029,-0.002544258317828164,-0.03162545694288397,0.02382107029374224,-0.07972611757274693,-0.9965321383612458,1.1962591023766515e-05,-8.080992028387935e-14,7484.538922892781,-1319.726150268671,0.0,0.0,0.0,0.0,0.0,0.0,0.0,0.0,0.0,0,True,250.0
b712773f15e0f684,20270301_h250_r0_p90_y80_TPMC_N400000_S101,101,sample,2767,triangle_2767,body,0.17651570280918868,0.005222188259893235,-0.031294868566548395,-0.02387937344924245,0.16454760289365827,-0.9860800484269128,1.1944215300379492e-05,-8.080992028387935e-14,7484.538922892781,-1319.726150268671,0.0,0.0,0.0,0.0,0.0,0.0,0.0,0.0,0.0,0,True,250.0
b712773f15e0f684,20270301_h250_r0_p90_y80_TPMC_N400000_S101,101,sample,2768,triangle_2768,body,0.18560990052443582,-0.015085824197216003,-0.027911609636712006,-0.023878563727293182,-0.475519693936018,-0.8793809384295961,1.1944222017334761e-05,-8.080992028387935e-14,7484.538922892781,-1319.726150268671,0.0,0.0,0.0,0.0,0.0,0.0,0.0,0.0,0.0,0,True,250.0
b712773f15e0f684,20270301_h250_r0_p90_y80_TPMC_N400000_S101,101,sample,2769,triangle_2769,body,0.18107012675282808,-0.017349801075262756,-0.026563592538476583,-0.023878549349690883,-0.5468476332604976,-0.8368915586133885,1.1944222435841205e-05,-8.080992028387935e-14,7484.538922892781,-1319.726150268671,0.0,0.0,0.0,0.0,0.0,0.0,0.0,0.0,0.0,0,True,250.0
b712773f15e0f684,20270301_h250_r0_p90_y80_TPMC_N400000_S101,101,sample,2770,triangle_2770,body,0.19442189060456314,5.7083647263574026e-05,-0.0317288385200096,-0.023318271192445877,0.0009737779780355341,-0.9997276178965175,1.1901589358899858e-05,-8.080992028387935e-14,7484.538922892781,-1319.726150268671,0.0,0.0,0.0,0.0,0.0,0.0,0.0,0.0,0.0,0,True,250.0
b712773f15e0f684,20270301_h250_r0_p90_y80_TPMC_N400000_S101,101,sample,2771,triangle_2771,body,0.17802800844790587,0.002622095568515874,-0.03161922535925701,0.02385024338421464,0.08260612211107472,-0.9962968405451681,1.19168636822867e-05,-8.080992028387935e-14,7484.538922892781,-1319.726150268671,0.0,0.0,0.0,0.0,0.0,0.0,0.0,0.0,0.0,0,True,250.0
b712773f15e0f684,20270301_h250_r0_p90_y80_TPMC_N400000_S101,101,sample,2772,triangle_2772,body,0.17803140556296163,0.007788661276772725,-0.030756735897857265,0.023879380343023483,0.24541543146492703,-0.9691238523497999,1.1944216698027995e-05,-8.080992028387935e-14,7484.538922892781,-1319.726150268671,0.0,0.0,0.0,0.0,0.0,0.0,0.0,0.0,0.0,0,True,250.0
b712773f15e0f684,20270301_h250_r0_p90_y80_TPMC_N400000_S101,101,sample,2773,triangle_2773,body,0.17802008288807025,0.021488009629586746,-0.023343738778070135,0.0238403236628595,0.6770463479415099,-0.7355541324108743,1.1867684616722215e-05,-8.080992028387935e-14,7484.538922892781,-1319.726150268671,0.0,0.0,0.0,0.0,0.0,0.0,0.0,0.0,0.0,0,True,250.0
b712773f15e0f684,20270301_h250_r0_p90_y80_TPMC_N400000_S101,101,sample,2774,triangle_2774,body,0.17651570300606603,0.015100663188591554,-0.027903584286590625,-0.023879391342139896,0.4758116391103627,-0.8792229857983918,1.1944222101116886e-05,-8.080992028387935e-14,7484.538922892781,-1319.726150268671,0.0,0.0,0.0,0.0,0.0,0.0,0.0,0.0,0.0,0,True,250.0
b712773f15e0f684,20270301_h250_r0_p90_y80_TPMC_N400000_S101,101,sample,2775,triangle_2775,body,0.1871170350545408,-0.01274030509043783,-0.02905866666079582,0.02346577967344311,-0.401453532599115,-0.9155787341064715,1.1832925243932073e-05,-8.080992028387935e-14,7484.538922892781,-1319.726150268671,0.0,0.0,0.0,0.0,0.0,0.0,0.0,0.0,0.0,0,True,250.0
b712773f15e0f684,20270301_h250_r0_p90_y80_TPMC_N400000_S101,101,sample,2776,triangle_2776,body,0.21148429724613807,-0.010301930072207895,-0.03000850350538167,0.02387938979086567,-0.3246068182591215,-0.945547560032231,1.194421873301195e-05,-8.080992028387935e-14,7484.538922892781,-1319.726150268671,0.0,0.0,0.0,0.0,0.0,0.0,0.0,0.0,0.0,0,True,250.0
b712773f15e0f684,20270301_h250_r0_p90_y80_TPMC_N400000_S101,101,sample,2777,triangle_2777,body,0.21148429724613801,0.01030193007215565,-0.030008503505399606,0.023879389790867116,0.32460681825747606,-0.9455475600327959,1.1944218733011844e-05,-8.080992028387935e-14,7484.538922892781,-1319.726150268671,0.0,0.0,0.0,0.0,0.0,0.0,0.0,0.0,0.0,0,True,250.0
b712773f15e0f684,20270301_h250_r0_p90_y80_TPMC_N400000_S101,101,sample,2778,triangle_2778,body,0.176515703006066,-0.015100663188590997,-0.027903584286590927,-0.023879391342138182,-0.4758116391103472,-0.8792229857984,1.1944222101116554e-05,-8.080992028387935e-14,7484.538922892781,-1319.726150268671,0.0,0.0,0.0,0.0,0.0,0.0,0.0,0.0,0.0,0,True,250.0
b712773f15e0f684,20270301_h250_r0_p90_y80_TPMC_N400000_S101,101,sample,2779,triangle_2779,body,0.17651570275368336,0.01030193007216554,-0.030008503505293823,-0.02387938979637646,0.3246068182577864,-0.9455475600325502,1.1944218732971935e-05,-8.080992028387935e-14,7484.538922892781,-1319.726150268671,0.0,0.0,0.0,0.0,0.0,0.0,0.0,0.0,0.0,0,True,250.0
b712773f15e0f684,20270301_h250_r0_p90_y80_TPMC_N400000_S101,101,sample,2780,triangle_2780,body,0.21148429705478336,-0.023342747603534802,-0.02148851273612887,0.023879389590821747,-0.7355141199730098,-0.6770884388860132,1.1944220943694538e-05,-8.080992028387935e-14,7484.538922892781,-1319.726150268671,9.240127958498056e-10,1.8964738694302022e-08,-1.924561367553137e-09,4.2992376238313707e-10,3.8902974712967983e-10,4.03993485860721e-09,4.2992376238313707e-10,3.8902974712967983e-10,4.03993485860721e-09,1,False,250.0
b712773f15e0f684,20270301_h250_r0_p90_y80_TPMC_N400000_S101,101,sample,2781,triangle_2781,body,0.17651036330794156,0.02334079811634204,-0.021490629866803963,-0.02396350433883765,0.7355126391635248,-0.6770870757077772,1.19021668684334e-05,-8.080992028387935e-14,7484.538922892781,-1319.726150268671,0.0,0.0,0.0,0.0,0.0,0.0,0.0,0.0,0.0,0,True,250.0
b712773f15e0f684,20270301_h250_r0_p90_y80_TPMC_N400000_S101,101,sample,2782,triangle_2782,body,0.21148429698640978,0.01948748949045929,-0.025037527815482075,0.023879386154398715,0.6140375556659151,-0.7889154930337707,1.1944220891968795e-05,-8.080992028387935e-14,7484.538922892781,-1319.726150268671,0.0,0.0,0.0,0.0,0.0,0.0,0.0,0.0,0.0,0,True,250.0
b712773f15e0f684,20270301_h250_r0_p90_y80_TPMC_N400000_S101,101,sample,2783,triangle_2783,body,0.1871329156223803,-0.017335699384930178,-0.026572797622436806,0.023878549802244565,-0.5460689056658198,-0.8373998836423825,1.1944219474537134e-05,-8.080992028387935e-14,7484.538922892781,-1319.726150268671,0.0,0.0,0.0,0.0,0.0,0.0,0.0,0.0,0.0,0,True,250.0
b712773f15e0f684,20270301_h250_r0_p90_y80_TPMC_N400000_S101,101,sample,2784,triangle_2784,body,0.17651406674288586,-0.023334382709643442,-0.021497588822835298,-0.023900438324809585,-0.7355137499053582,-0.677088098217684,1.1931333153391106e-05,-8.080992028387935e-14,7484.538922892781,-1319.726150268671,0.0,0.0,0.0,0.0,0.0,0.0,0.0,0.0,0.0,0,True,250.0
b712773f15e0f684,20270301_h250_r0_p90_y80_TPMC_N400000_S101,101,sample,2785,triangle_2785,body,0.17803140575983403,0.012744826642159826,-0.029055282465814028,0.023879390563891194,0.4015808280767181,-0.915512213587298,1.1944220417044345e-05,-8.080992028387935e-14,7484.538922892781,-1319.726150268671,0.0,0.0,0.0,0.0,0.0,0.0,0.0,0.0,0.0,0,True,250.0
b712773f15e0f684,20270301_h250_r0_p90_y80_TPMC_N400000_S101,101,sample,2786,triangle_2786,body,0.1912743450686715,0.005203615395092985,-0.0312978357974931,0.0238392543426823,0.16577459222162225,-0.9858754863197178,1.1952354250865548e-05,-8.080992028387935e-14,7484.538922892781,-1319.726150268671,2.1031511908125245e-09,4.533235130791334e-10,3.373109780167178e-09,3.09452483023405e-11,-7.084242336361163e-10,7.591298333390422e-11,3.09452483023405e-11,-7.084242336361163e-10,7.591298333390422e-11,1,False,250.0
b712773f15e0f684,20270301_h250_r0_p90_y80_TPMC_N400000_S101,101,sample,2787,triangle_2787,body,0.17802542258620405,0.017354793275250132,-0.026560150298148604,0.023976527819881615,0.5469317848667193,-0.8368337641468626,1.1933136816258639e-05,-8.080992028387935e-14,7484.538922892781,-1319.726150268671,0.0,0.0,0.0,0.0,0.0,0.0,0.0,0.0,0.0,0,True,250.0
b712773f15e0f684,20270301_h250_r0_p90_y80_TPMC_N400000_S101,101,sample,2788,triangle_2788,body,0.17650971958006068,0.01948893589216086,-0.02503640183494923,-0.023973867551108217,0.6140361667659793,-0.788913708575269,1.189709644771144e-05,-8.080992028387935e-14,7484.538922892781,-1319.726150268671,0.0,0.0,0.0,0.0,0.0,0.0,0.0,0.0,0.0,0,True,250.0
b712773f15e0f684,20270301_h250_r0_p90_y80_TPMC_N400000_S101,101,sample,2789,triangle_2789,body,0.2114842971644837,0.026561276145500533,-0.017353347114997093,0.023879384653432485,0.8369277675098183,-0.5467921789488258,1.1944218412955153e-05,-8.080992028387935e-14,7484.538922892781,-1319.726150268671,0.0,0.0,0.0,0.0,0.0,0.0,0.0,0.0,0.0,0,True,250.0
b712773f15e0f684,20270301_h250_r0_p90_y80_TPMC_N400000_S101,101,sample,2790,triangle_2790,body,0.17651179914787926,-0.02655222158950969,-0.017367182566190627,-0.023932486240673703,-0.8369267044704023,-0.5467914844313615,1.1913471250852108e-05,-8.080992028387935e-14,7484.538922892781,-1319.726150268671,-5.89969872877286e-10,1.8781001898041346e-08,-1.4416992961776216e-09,3.6797924555473715e-10,2.666812328315048e-10,3.3234697998137676e-09,3.6797924555473715e-10,2.666812328315048e-10,3.3234697998137676e-09,1,False,250.0
b712773f15e0f684,20270301_h250_r0_p90_y80_TPMC_N400000_S101,101,sample,2791,triangle_2791,body,0.1856245368145307,-0.019474157513097817,-0.025047898832496942,-0.023878550158046023,-0.613775084993801,-0.789119737354986,1.1944218825042845e-05,-8.080992028387935e-14,7484.538922892781,-1319.726150268671,-1.3601894595286585e-09,2.1251802716700898e-08,-3.5109337438882585e-09,6.096840961252378e-10,6.815857112682055e-10,3.889460805967569e-09,6.096840961252378e-10,6.815857112682055e-10,3.889460805967569e-09,1,False,250.0
b712773f15e0f684,20270301_h250_r0_p90_y80_TPMC_N400000_S101,101,sample,2792,triangle_2792,body,0.19016430972195283,-0.017328623344927296,-0.026577412583233335,-0.02387855118677398,-0.5461803815111145,-0.8373271795693689,1.1944218797241741e-05,-8.080992028387935e-14,7484.538922892781,-1319.726150268671,0.0,0.0,0.0,0.0,0.0,0.0,0.0,0.0,0.0,0,True,250.0
b712773f15e0f684,20270301_h250_r0_p90_y80_TPMC_N400000_S101,101,sample,2793,triangle_2793,body,0.19589336598133464,0.002768604479208739,-0.03159874685998365,0.026096151750128218,0.08973508021411059,-0.9956237272397647,1.2646985065893354e-05,-8.080992028387935e-14,7484.538922892781,-1319.726150268671,0.0,0.0,0.0,0.0,0.0,0.0,0.0,0.0,0.0,0,True,250.0
b712773f15e0f684,20270301_h250_r0_p90_y80_TPMC_N400000_S101,101,sample,2794,triangle_2794,body,0.17651230563862508,2.05272367796745e-06,-0.03172759111330582,-0.023932844351974437,9.244188319341787e-15,-0.9997135684590982,1.1917457638953278e-05,-8.080992028387935e-14,7484.538922892781,-1319.726150268671,0.0,0.0,0.0,0.0,0.0,0.0,0.0,0.0,0.0,0,True,250.0
b712773f15e0f684,20270301_h250_r0_p90_y80_TPMC_N400000_S101,101,sample,2795,triangle_2795,body,0.19869454676620593,0.012878009149728524,-0.028999911728753366,-0.02285099436173971,0.40498351033664487,-0.9140383954802382,1.1681241490426808e-05,-8.080992028387935e-14,7484.538922892781,-1319.726150268671,0.0,0.0,0.0,0.0,0.0,0.0,0.0,0.0,0.0,0,True,250.0
b712773f15e0f684,20270301_h250_r0_p90_y80_TPMC_N400000_S101,101,sample,2796,triangle_2796,body,0.19555777261196086,0.01745914432411347,-0.026482849704308708,0.02611282590538769,0.5525874186211808,-0.8330457761160636,1.2543559726693107e-05,-8.080992028387935e-14,7484.538922892781,-1319.726150268671,0.0,0.0,0.0,0.0,0.0,0.0,0.0,0.0,0.0,0,True,250.0
b712773f15e0f684,20270301_h250_r0_p90_y80_TPMC_N400000_S101,101,sample,2797,triangle_2797,body,0.1780258658908219,-0.025020108326419974,-0.01951040108343888,0.02380270951373227,-0.7880987963458247,-0.6150883824443991,1.189377119411061e-05,-8.080992028387935e-14,7484.538922892781,-1319.726150268671,0.0,0.0,0.0,0.0,0.0,0.0,0.0,0.0,0.0,0,True,250.0
b712773f15e0f684,20270301_h250_r0_p90_y80_TPMC_N400000_S101,101,sample,2798,triangle_2798,body,0.191064372068966,0.01506043583865744,-0.027925316983002397,0.023836304763190663,0.47580670717622525,-0.8792268239660083,1.1944218300997548e-05,-8.080992028387935e-14,7484.538922892781,-1319.726150268671,0.0,0.0,0.0,0.0,0.0,0.0,0.0,0.0,0.0,0,True,250.0
b712773f15e0f684,20270301_h250_r0_p90_y80_TPMC_N400000_S101,101,sample,2799,triangle_2799,body,0.19566374682374613,0.012822448306081322,-0.029024441978243633,0.02275915296210722,0.4058519256279933,-0.9136554248842926,1.1691625025407297e-05,-8.080992028387935e-14,7484.538922892781,-1319.726150268671,0.0,0.0,0.0,0.0,0.0,0.0,0.0,0.0,0.0,0,True,250.0
b712773f15e0f684,20270301_h250_r0_p90_y80_TPMC_N400000_S101,101,sample,2800,triangle_2800,body,0.19431543749911726,0.005352794799775383,-0.03127235045225095,-0.02334360458190915,0.16482477765395273,-0.986046585510263,1.2047733884129386e-05,-8.080992028387935e-14,7484.538922892781,-1319.726150268671,0.0,0.0,0.0,0.0,0.0,0.0,0.0,0.0,0.0,0,True,250.0
b712773f15e0f684,20270301_h250_r0_p90_y80_TPMC_N400000_S101,101,sample,2801,triangle_2801,body,0.19577865184566487,0.007971657661637151,-0.03071405812846788,0.02213444862015201,0.25421136772517866,-0.9668953649198945,1.1643171308516609e-05,-8.080992028387935e-14,7484.538922892781,-1319.726150268671,0.0,0.0,0.0,0.0,0.0,0.0,0.0,0.0,0.0,0,True,250.0
b712773f15e0f684,20270301_h250_r0_p90_y80_TPMC_N400000_S101,101,sample,2802,triangle_2802,body,0.19409517204950533,0.015113864678270255,-0.027896436165584414,-0.023836305178296116,0.4749663043748319,-0.8796811014589102,1.1944218108461667e-05,-8.080992028387935e-14,7484.538922892781,-1319.726150268671,0.0,0.0,0.0,0.0,0.0,0.0,0.0,0.0,0.0,0,True,250.0
b712773f15e0f684,20270301_h250_r0_p90_y80_TPMC_N400000_S101,101,sample,2803,triangle_2803,body,0.19420034633014183,0.010365537252407388,-0.029987629559597495,-0.02337048697628079,0.3243271127510105,-0.9456562505863771,1.1867108293803883e-05,-8.080992028387935e-14,7484.538922892781,-1319.726150268671,0.0,0.0,0.0,0.0,0.0,0.0,0.0,0.0,0.0,0,True,250.0
b712773f15e0f684,20270301_h250_r0_p90_y80_TPMC_N400000_S101,101,sample,2804,triangle_2804,body,0.18259314312401156,-0.019480827040806694,-0.025042712004840834,0.023878555675793032,-0.6136700234634889,-0.7892014425234909,1.194421593567874e-05,-8.080992028387935e-14,7484.538922892781,-1319.726150268671,0.0,0.0,0.0,0.0,0.0,0.0,0.0,0.0,0.0,0,True,250.0
b712773f15e0f684,20270301_h250_r0_p90_y80_TPMC_N400000_S101,101,sample,2805,triangle_2805,body,0.21148429776177355,-2.7624603993192665e-14,-0.031727591312166466,0.023879373888988274,-8.717323011213196e-13,-0.9997148470952455,1.1944208664437708e-05,-8.080992028387935e-14,7484.538922892781,-1319.726150268671,0.0,0.0,0.0,0.0,0.0,0.0,0.0,0.0,0.0,0,True,250.0
b712773f15e0f684,20270301_h250_r0_p90_y80_TPMC_N400000_S101,101,sample,2806,triangle_2806,body,0.18559417876205989,-0.010310510203757133,-0.0300064320622007,-0.023625798070121332,-0.324741938373476,-0.94550753308844,1.186511994326064e-05,-8.080992028387935e-14,7484.538922892781,-1319.726150268671,0.0,0.0,0.0,0.0,0.0,0.0,0.0,0.0,0.0,0,True,250.0
b712773f15e0f684,20270301_h250_r0_p90_y80_TPMC_N400000_S101,101,sample,2807,triangle_2807,body,0.21148429699376772,-0.015100663188638586,-0.027903584286667532,0.023879391337019124,-0.4758116391118505,-0.8792229857977256,1.1944222101157049e-05,-8.080992028387935e-14,7484.538922892781,-1319.726150268671,0.0,0.0,0.0,0.0,0.0,0.0,0.0,0.0,0.0,0,True,250.0
b712773f15e0f684,20270301_h250_r0_p90_y80_TPMC_N400000_S101,101,sample,2808,triangle_2808,body,0.2099685942399904,-0.012744826642204806,-0.029055282465887778,-0.023879390569304576,-0.40158082807813844,-0.9155122135865338,1.1944220417084307e-05,-8.080992028387935e-14,7484.538922892781,-1319.726150268671,0.0,0.0,0.0,0.0,0.0,0.0,0.0,0.0,0.0,0,True,250.0
b712773f15e0f684,20270301_h250_r0_p90_y80_TPMC_N400000_S101,101,sample,2809,triangle_2809,body,0.19014754100583575,-0.01273399410446058,-0.02906142947463448,-0.023456485338169946,-0.4016052643573101,-0.9155124275159104,1.1836094066358935e-05,-8.080992028387935e-14,7484.538922892781,-1319.726150268671,5.746876113496864e-09,2.7664940160863237e-08,-3.581253413141994e-09,8.500735612431794e-10,5.115412389940341e-10,5.315743683635445e-09,8.500735612431794e-10,5.115412389940341e-10,5.315743683635445e-09,1,False,250.0
b712773f15e0f684,20270301_h250_r0_p90_y80_TPMC_N400000_S101,101,sample,2810,triangle_2810,body,0.1946411659835481,-0.010246100518148357,-0.03002676370052722,-0.02430161274672948,-0.3235528258254123,-0.9458979863168642,1.192946541583727e-05,-8.080992028387935e-14,7484.538922892781,-1319.726150268671,1.2558420233090295e-09,1.017346982786524e-09,1.6800465376439565e-09,1.1189247739721925e-11,-3.647411610999579e-10,2.125038707100374e-10,1.1189247739721925e-11,-3.647411610999579e-10,2.125038707100374e-10,1,False,250.0
b712773f15e0f684,20270301_h250_r0_p90_y80_TPMC_N400000_S101,101,sample,2811,triangle_2811,body,0.19167180057530334,-0.015072437171235872,-0.027918987411347188,0.023843330243812563,-0.4747560418081573,-0.8797944057389406,1.1930114620547595e-05,-8.080992028387935e-14,7484.538922892781,-1319.726150268671,0.0,0.0,0.0,0.0,0.0,0.0,0.0,0.0,0.0,0,True,250.0
b712773f15e0f684,20270301_h250_r0_p90_y80_TPMC_N400000_S101,101,sample,2812,triangle_2812,body,0.2114909127347829,0.015115437679099614,-0.027895573583719607,0.023975195764678395,0.47581054776438536,-0.8792209691677064,1.1892115232686465e-05,-8.080992028387935e-14,7484.538922892781,-1319.726150268671,0.0,0.0,0.0,0.0,0.0,0.0,0.0,0.0,0.0,0,True,250.0
b712773f15e0f684,20270301_h250_r0_p90_y80_TPMC_N400000_S101,101,sample,2813,triangle_2813,body,0.181045468843979,-0.007794330751289225,-0.030755298523791507,-0.023911045992249615,-0.245420889170892,-0.9691216894890577,1.192786817167902e-05,-8.080992028387935e-14,7484.538922892781,-1319.726150268671,0.0,0.0,0.0,0.0,0.0,0.0,0.0,0.0,0.0,0,True,250.0
b712773f15e0f684,20270301_h250_r0_p90_y80_TPMC_N400000_S101,101,sample,2814,triangle_2814,body,0.17802652971064972,-0.012744826642159266,-0.02905528246581426,0.023917840664935845,-0.4015194522170316,-0.9155381294021901,1.1925018997973669e-05,-8.080992028387935e-14,7484.538922892781,-1319.726150268671,0.0,0.0,0.0,0.0,0.0,0.0,0.0,0.0,0.0,0,True,250.0
b712773f15e0f684,20270301_h250_r0_p90_y80_TPMC_N400000_S101,101,sample,2815,triangle_2815,body,0.18960654522142537,0.012675877286753045,-0.02908543824805787,-0.023871385409922695,0.3980314911949248,-0.917061115180311,1.192468335286601e-05,-8.080992028387935e-14,7484.538922892781,-1319.726150268671,0.0,0.0,0.0,0.0,0.0,0.0,0.0,0.0,0.0,0,True,250.0
b712773f15e0f684,20270301_h250_r0_p90_y80_TPMC_N400000_S101,101,sample,2816,triangle_2816,body,0.18971115779343764,0.00772933607723929,-0.030771658926106282,-0.02385576835267614,0.24182351832792168,-0.9700269523574121,1.1921604572481743e-05,-8.080992028387935e-14,7484.538922892781,-1319.726150268671,0.0,0.0,0.0,0.0,0.0,0.0,0.0,0.0,0.0,0,True,250.0
b712773f15e0f684,20270301_h250_r0_p90_y80_TPMC_N400000_S101,101,sample,2817,triangle_2817,body,0.17802270588540461,-0.0026179900749871182,-0.03161922536696191,0.024004106652942447,-0.08248506188479575,-0.9963031754589842,1.1923879733644545e-05,-8.080992028387935e-14,7484.538922892781,-1319.726150268671,0.0,0.0,0.0,0.0,0.0,0.0,0.0,0.0,0.0,0,True,250.0
b712773f15e0f684,20270301_h250_r0_p90_y80_TPMC_N400000_S101,101,sample,2818,triangle_2818,body,0.1916315061422146,-0.010278402035519184,-0.030015708305887942,0.02430298724220269,-0.3228106346429129,-0.9461514989538119,1.1922460320253713e-05,-8.080992028387935e-14,7484.538922892781,-1319.726150268671,-4.208600707272322e-10,3.406506827571954e-08,-1.531324878592369e-09,1.0412650912079932e-09,3.0833834954006094e-10,6.572961864516668e-09,1.0412650912079932e-09,3.0833834954006094e-10,6.572961864516668e-09,1,False,250.0
b712773f15e0f684,20270301_h250_r0_p90_y80_TPMC_N400000_S101,101,sample,2819,triangle_2819,body,0.2099752099810056,0.01275960113266382,-0.029047271762935752,-0.024389503391993975,0.4023850983013911,-0.9151455538816061,1.2032570946864127e-05,-8.080992028387935e-14,7484.538922892781,-1319.726150268671,0.0,0.0,0.0,0.0,0.0,0.0,0.0,0.0,0.0,0,True,250.0
b712773f15e0f684,20270301_h250_r0_p90_y80_TPMC_N400000_S101,101,sample,2820,triangle_2820,body,0.1765108267044991,-0.010301930072164985,-0.030008503505293996,-0.02395641409163147,-0.3246062199060112,-0.9455458170930696,1.1905815864042519e-05,-8.080992028387935e-14,7484.538922892781,-1319.726150268671,0.0,0.0,0.0,0.0,0.0,0.0,0.0,0.0,0.0,0,True,250.0
b712773f15e0f684,20270301_h250_r0_p90_y80_TPMC_N400000_S101,101,sample,2821,triangle_2821,body,0.19117394470836035,0.010272395072691924,-0.030019745011993743,0.0235497091933799,0.3252059709982387,-0.9453499286634552,1.1815305927037666e-05,-8.080992028387935e-14,7484.538922892781,-1319.726150268671,0.0,0.0,0.0,0.0,0.0,0.0,0.0,0.0,0.0,0,True,250.0
b712773f15e0f684,20270301_h250_r0_p90_y80_TPMC_N400000_S101,101,sample,2822,triangle_2822,body,0.17802122695127612,-0.0077886612305993475,-0.030756735905562244,0.023959785922426237,-0.24540929842253087,-0.9691234208842096,1.190413458544966e-05,-8.080992028387935e-14,7484.538922892781,-1319.726150268671,0.0,0.0,0.0,0.0,0.0,0.0,0.0,0.0,0.0,0,True,250.0
b712773f15e0f684,20270301_h250_r0_p90_y80_TPMC_N400000_S101,101,sample,2823,triangle_2823,body,0.17651040024668743,-0.005222188213719847,-0.03129486857425334,-0.023963158715511232,-0.16454727291067303,-0.9860780709467357,1.1902453307675624e-05,-8.080992028387935e-14,7484.538922892781,-1319.726150268671,0.0,0.0,0.0,0.0,0.0,0.0,0.0,0.0,0.0,0,True,250.0
b712773f15e0f684,20270301_h250_r0_p90_y80_TPMC_N400000_S101,101,sample,2824,triangle_2824,body,0.20694482222945157,0.017365174506709685,-0.026555190155589593,0.023383710260807,0.5475365463025712,-0.8364549793966743,1.1848029889544921e-05,-8.080992028387935e-14,7484.538922892781,-1319.726150268671,0.0,0.0,0.0,0.0,0.0,0.0,0.0,0.0,0.0,0,True,250.0
b712773f15e0f684,20270301_h250_r0_p90_y80_TPMC_N400000_S101,101,sample,2825,triangle_2825,body,0.19088794988304772,-0.02686383931659739,-0.01689501141572323,0.006848928951698448,-0.8373319709744917,-0.546651865958754,1.3506060612752106e-05,-8.080992028387935e-14,7484.538922892781,-1319.726150268671,-9.292087471931113e-10,3.906658252892772e-08,-6.2881927700012975e-09,8.486487670601088e-10,1.2200625319059022e-09,7.46172427971121e-09,8.486487670601088e-10,1.2200625319059022e-09,7.46172427971121e-09,2,False,250.0
b712773f15e0f684,20270301_h250_r0_p90_y80_TPMC_N400000_S101,101,sample,2826,triangle_2826,body,0.1961947166433685,-0.012685407126687918,-0.029081262994425188,0.02398675651424523,-0.39882295089931824,-0.9167141808371277,1.1887381603619143e-05,-8.080992028387935e-14,7484.538922892781,-1319.726150268671,0.0,0.0,0.0,0.0,0.0,0.0,0.0,0.0,0.0,0,True,250.0
b712773f15e0f684,20270301_h250_r0_p90_y80_TPMC_N400000_S101,101,sample,2827,triangle_2827,body,0.18104089075934623,-0.0026385263466056387,-0.03161750358187685,-0.02406108607261518,-0.08243287522210742,-0.9963061202359558,1.188842165042582e-05,-8.080992028387935e-14,7484.538922892781,-1319.726150268671,0.0,0.0,0.0,0.0,0.0,0.0,0.0,0.0,0.0,0,True,250.0
b712773f15e0f684,20270301_h250_r0_p90_y80_TPMC_N400000_S101,101,sample,2828,triangle_2828,body,0.18709170331035105,-0.007796630073795725,-0.030753715605750936,0.02429736126063977,-0.245339385916896,-0.9691327174095871,1.1974928126659899e-05,-8.080992028387935e-14,7484.538922892781,-1319.726150268671,0.0,0.0,0.0,0.0,0.0,0.0,0.0,0.0,0.0,0,True,250.0
b712773f15e0f684,20270301_h250_r0_p90_y80_TPMC_N400000_S101,101,sample,2829,triangle_2829,body,0.18255282701333186,-0.0052483940060282465,-0.03129170940739755,0.023550541071163996,-0.1656983444654456,-0.9858952432467993,1.180519735540908e-05,-8.080992028387935e-14,7484.538922892781,-1319.726150268671,0.0,0.0,0.0,0.0,0.0,0.0,0.0,0.0,0.0,0,True,250.0
b712773f15e0f684,20270301_h250_r0_p90_y80_TPMC_N400000_S101,101,sample,2830,triangle_2830,body,0.1898341255459153,0.002595528479451357,-0.03162426415847275,-0.023021769248555132,0.08026323261660273,-0.9965078081132127,1.16124281865976e-05,-8.080992028387935e-14,7484.538922892781,-1319.726150268671,0.0,0.0,0.0,0.0,0.0,0.0,0.0,0.0,0.0,0,True,250.0
b712773f15e0f684,20270301_h250_r0_p90_y80_TPMC_N400000_S101,101,sample,2831,triangle_2831,body,0.19609732283173006,-0.007716721149617657,-0.030774890943411053,0.02408391703280963,-0.2424949586110616,-0.9698536796798661,1.1835555044839098e-05,-8.080992028387935e-14,7484.538922892781,-1319.726150268671,1.8021695940301328e-11,3.527731402508894e-08,-3.8698529412299296e-09,1.1163976957765426e-09,7.598128253291334e-10,6.931600612896221e-09,1.1163976957765426e-09,7.598128253291334e-10,6.931600612896221e-09,1,False,250.0
b712773f15e0f684,20270301_h250_r0_p90_y80_TPMC_N400000_S101,101,sample,2832,triangle_2832,body,0.19475154008685583,-0.01950973888057623,-0.02502002036825335,-0.02324256876693344,-0.6131537694990532,-0.7896215789517256,1.2201127865142632e-05,-8.080992028387935e-14,7484.538922892781,-1319.726150268671,-4.332639550890871e-09,5.8618710046268166e-08,-1.1240903117674582e-08,1.6830128549691044e-09,2.2822574978570476e-09,1.1265983257781055e-08,1.6830128549691044e-09,2.2822574978570476e-09,1.1265983257781055e-08,3,False,250.0
b712773f15e0f684,20270301_h250_r0_p90_y80_TPMC_N400000_S101,101,sample,2833,triangle_2833,body,0.18556891317512977,-0.005243916232844981,-0.0312924556298652,-0.023631069683296885,-0.1658603725633887,-0.9858660707006592,1.1762774148790003e-05,-8.080992028387935e-14,7484.538922892781,-1319.726150268671,-2.2114127295146632e-09,3.416206972683659e-08,1.1086976060777405e-09,1.0645642303314737e-09,-1.3907063780007286e-10,6.408538881001718e-09,1.0645642303314737e-09,-1.3907063780007286e-10,6.408538881001718e-09,1,False,250.0
b712773f15e0f684,20270301_h250_r0_p90_y80_TPMC_N400000_S101,101,sample,2834,triangle_2834,body,0.2065553239954839,0.02802446929884222,-0.014874084198266177,0.015914935623944578,0.8786223768594746,-0.47725196040026163,1.5004018672197473e-05,-8.080992028387935e-14,7484.538922892781,-1319.726150268671,0.0,0.0,0.0,0.0,0.0,0.0,0.0,0.0,0.0,0,True,250.0
b712773f15e0f684,20270301_h250_r0_p90_y80_TPMC_N400000_S101,101,sample,2835,triangle_2835,body,0.1914037425995895,3.318705218858959e-05,-0.031728870473256544,0.02377559376248361,0.0019657793810036305,-0.9997153879243165,1.167165663640464e-05,-8.080992028387935e-14,7484.538922892781,-1319.726150268671,0.0,0.0,0.0,0.0,0.0,0.0,0.0,0.0,0.0,0,True,250.0
b712773f15e0f684,20270301_h250_r0_p90_y80_TPMC_N400000_S101,101,sample,2836,triangle_2836,body,0.19009852473921082,-0.007770832891535025,-0.030760229035599523,-0.024477458429532056,-0.24572701176642275,-0.9690299735906908,1.1879689977566454e-05,-8.080992028387935e-14,7484.538922892781,-1319.726150268671,0.0,0.0,0.0,0.0,0.0,0.0,0.0,0.0,0.0,0,True,250.0
b712773f15e0f684,20270301_h250_r0_p90_y80_TPMC_N400000_S101,101,sample,2837,triangle_2837,body,0.20115257008049833,-0.023341208354188615,-0.021470213470880916,0.025835960391205583,-0.732717231794689,-0.6800426173276142,1.423742481562281e-05,-8.080992028387935e-14,7484.538922892781,-1319.726150268671,-4.0376561377478034e-10,1.8560042203824766e-08,-1.5774601221546996e-09,4.031873747630656e-10,3.282552491848152e-10,3.758978117659333e-09,4.031873747630656e-10,3.282552491848152e-10,3.758978117659333e-09,1,False,250.0
b712773f15e0f684,20270301_h250_r0_p90_y80_TPMC_N400000_S101,101,sample,2838,triangle_2838,body,0.19879341386708113,0.021674770594378695,-0.023164211358079594,-0.02105924265982671,0.6864097330542366,-0.7269100265280473,1.4189091970914768e-05,-8.080992028387935e-14,7484.538922892781,-1319.726150268671,0.0,0.0,0.0,0.0,0.0,0.0,0.0,0.0,0.0,0,True,250.0
b712773f15e0f684,20270301_h250_r0_p90_y80_TPMC_N400000_S101,101,sample,2839,triangle_2839,body,0.20625587803718062,0.025361503398112984,-0.019063875745843225,0.013436856790493308,0.7897010065908346,-0.6133447408016266,1.3909661309072304e-05,-8.080992028387935e-14,7484.538922892781,-1319.726150268671,0.0,0.0,0.0,0.0,0.0,0.0,0.0,0.0,0.0,0,True,250.0
b712773f15e0f684,20270301_h250_r0_p90_y80_TPMC_N400000_S101,101,sample,2840,triangle_2840,body,0.19453097982216735,-0.0051523981033307084,-0.03130620818634505,-0.024073311567622283,-0.1631237162044058,-0.9863118821558587,1.1902338801060619e-05,-8.080992028387935e-14,7484.538922892781,-1319.726150268671,0.0,0.0,0.0,0.0,0.0,0.0,0.0,0.0,0.0,0,True,250.0
b712773f15e0f684,20270301_h250_r0_p90_y80_TPMC_N400000_S101,101,sample,2841,triangle_2841,body,0.18949635903311665,0.017289328060141784,-0.026602992150235007,-0.023836305509177206,0.5435721587157991,-0.8390239202839925,1.1944218467203386e-05,-8.080992028387935e-14,7484.538922892781,-1319.726150268671,0.0,0.0,0.0,0.0,0.0,0.0,0.0,0.0,0.0,0,True,250.0
b712773f15e0f684,20270301_h250_r0_p90_y80_TPMC_N400000_S101,101,sample,2842,triangle_2842,body,0.20206734604260376,0.01880157644125883,-0.0255302676777817,0.002853712647075193,0.6144886164727621,-0.7889205261301789,1.0171579689106196e-05,-8.080992028387935e-14,7484.538922892781,-1319.726150268671,0.0,0.0,0.0,0.0,0.0,0.0,0.0,0.0,0.0,0,True,250.0
b712773f15e0f684,20270301_h250_r0_p90_y80_TPMC_N400000_S101,101,sample,2843,triangle_2843,body,0.18102857806300995,0.002571751960014241,-0.03162327621056978,-0.02420439232515587,0.0826984571520464,-0.9962806394670334,1.170179321590832e-05,-8.080992028387935e-14,7484.538922892781,-1319.726150268671,0.0,0.0,0.0,0.0,0.0,0.0,0.0,0.0,0.0,0,True,250.0
b712773f15e0f684,20270301_h250_r0_p90_y80_TPMC_N400000_S101,101,sample,2844,triangle_2844,body,0.18921515251238583,0.021427343143579247,-0.02339957818906387,-0.022320711261223387,0.6724023572345619,-0.7398492115520552,1.2620511200520035e-05,-8.080992028387935e-14,7484.538922892781,-1319.726150268671,0.0,0.0,0.0,0.0,0.0,0.0,0.0,0.0,0.0,0,True,250.0
b712773f15e0f684,20270301_h250_r0_p90_y80_TPMC_N400000_S101,101,sample,2845,triangle_2845,body,0.19062970844642066,0.023354565432226037,-0.02146558364510154,0.02348892772661181,0.7383906652217713,-0.6739640166860573,1.3755400002876943e-05,-8.080992028387935e-14,7484.538922892781,-1319.726150268671,0.0,0.0,0.0,0.0,0.0,0.0,0.0,0.0,0.0,0,True,250.0
b712773f15e0f684,20270301_h250_r0_p90_y80_TPMC_N400000_S101,101,sample,2846,triangle_2846,body,0.1932006854479464,-0.030355798363397607,-0.007653678072168161,-0.03598279165765423,-0.9827006908347161,-0.18167165694596896,6.693232950403585e-05,-8.080992028387935e-14,7484.538922892781,-1319.726150268671,5.889854987604255e-09,1.8221731735577264e-07,-2.8477094240794087e-08,2.162628410954482e-09,5.462364795139257e-09,3.535416972481572e-08,2.162628410954482e-09,5.462364795139257e-09,3.535416972481572e-08,9,False,250.0
b712773f15e0f684,20270301_h250_r0_p90_y80_TPMC_N400000_S101,101,sample,2847,triangle_2847,body,0.1939897595996072,0.019566940810555156,-0.02497497121760627,-0.02341142910832559,0.6132657558031243,-0.7895296180298295,1.1956391622892583e-05,-8.080992028387935e-14,7484.538922892781,-1319.726150268671,0.0,0.0,0.0,0.0,0.0,0.0,0.0,0.0,0.0,0,True,250.0
b712773f15e0f684,20270301_h250_r0_p90_y80_TPMC_N400000_S101,101,sample,2848,triangle_2848,body,0.20408524285273924,-0.019434577277114964,-0.025088996510733513,-0.019130482284252508,-0.611686148520715,-0.7908691929487869,1.2422563322851984e-05,-8.080992028387935e-14,7484.538922892781,-1319.726150268671,1.191948106819416e-09,3.903626631463099e-08,-4.090956232654149e-09,1.0794488641266994e-09,8.074738845651531e-10,8.003162551093229e-09,1.0794488641266994e-09,8.074738845651531e-10,8.003162551093229e-09,2,False,250.0
b712773f15e0f684,20270301_h250_r0_p90_y80_TPMC_N400000_S101,101,sample,2849,triangle_2849,body,0.18249283111085704,0.005142877451962713,-0.031306211489873594,0.025112493283063756,0.16113894357771774,-0.9866121849763286,1.1738958165746066e-05,-8.080992028387935e-14,7484.538922892781,-1319.726150268671,0.0,0.0,0.0,0.0,0.0,0.0,0.0,0.0,0.0,0,True,250.0
b712773f15e0f684,20270301_h250_r0_p90_y80_TPMC_N400000_S101,101,sample,2850,triangle_2850,body,0.181007964249526,0.007759694077343835,-0.030764027969869684,-0.024746591100514526,0.245410252506029,-0.9691034073791255,1.1512248849695235e-05,-8.080992028387935e-14,7484.538922892781,-1319.726150268671,0.0,0.0,0.0,0.0,0.0,0.0,0.0,0.0,0.0,0,True,250.0
b712773f15e0f684,20270301_h250_r0_p90_y80_TPMC_N400000_S101,101,sample,2851,triangle_2851,body,0.19168732490435722,-0.019460861534170523,-0.025058230486679902,0.02387855038940466,-0.6130408533853023,-0.7896902727727629,1.194421869466119e-05,-8.080992028387935e-14,7484.538922892781,-1319.726150268671,1.6292755312632044e-09,6.769066605230934e-08,-8.078659919822738e-09,1.8218477113717055e-09,1.5134901083298568e-09,1.3046620888618894e-08,1.8218477113717055e-09,1.5134901083298568e-09,1.3046620888618894e-08,2,False,250.0
b712773f15e0f684,20270301_h250_r0_p90_y80_TPMC_N400000_S101,101,sample,2852,triangle_2852,body,0.19154184157098153,-0.005174208327877251,-0.0313026016731728,0.024492970080126287,-0.1618437683925226,-0.9865123866678824,1.1694030880555239e-05,-8.080992028387935e-14,7484.538922892781,-1319.726150268671,0.0,0.0,0.0,0.0,0.0,0.0,0.0,0.0,0.0,0,True,250.0
b712773f15e0f684,20270301_h250_r0_p90_y80_TPMC_N400000_S101,101,sample,2853,triangle_2853,body,0.18253106012767073,-6.882715644218622e-05,-0.03172992017953354,0.02332094811562864,-0.003114832149154241,-0.9997231772844274,1.1593459991803573e-05,-8.080992028387935e-14,7484.538922892781,-1319.726150268671,0.0,0.0,0.0,0.0,0.0,0.0,0.0,0.0,0.0,0,True,250.0
b712773f15e0f684,20270301_h250_r0_p90_y80_TPMC_N400000_S101,101,sample,2854,triangle_2854,body,0.18998248223504346,-0.0025899651374496923,-0.03162188238295866,-0.02428226832499561,-0.08299528893543814,-0.9962540606991351,1.1693464465169463e-05,-8.080992028387935e-14,7484.538922892781,-1319.726150268671,0.0,0.0,0.0,0.0,0.0,0.0,0.0,0.0,0.0,0,True,250.0
b712773f15e0f684,20270301_h250_r0_p90_y80_TPMC_N400000_S101,101,sample,2855,triangle_2855,body,0.18244977442834723,0.010239428354864426,-0.030030436213437223,0.024717519749729997,0.321889948045178,-0.9464543864153698,1.1390596048104959e-05,-8.080992028387935e-14,7484.538922892781,-1319.726150268671,0.0,0.0,0.0,0.0,0.0,0.0,0.0,0.0,0.0,0,True,250.0
b712773f15e0f684,20270301_h250_r0_p90_y80_TPMC_N400000_S101,101,sample,2856,triangle_2856,body,0.18098891874793357,0.012711292124287602,-0.029069923101945006,-0.025058694694768024,0.4015692395639943,-0.9154857768726884,1.1362249997885597e-05,-8.080992028387935e-14,7484.538922892781,-1319.726150268671,0.0,0.0,0.0,0.0,0.0,0.0,0.0,0.0,0.0,0,True,250.0
b712773f15e0f684,20270301_h250_r0_p90_y80_TPMC_N400000_S101,101,sample,2857,triangle_2857,body,0.18701637526805148,-0.0026338758601567214,-0.031618249769499646,0.024344966383595696,-0.08147667413363902,-0.9963778772051809,1.1660715692693198e-05,-8.080992028387935e-14,7484.538922892781,-1319.726150268671,0.0,0.0,0.0,0.0,0.0,0.0,0.0,0.0,0.0,0,True,250.0
b712773f15e0f684,20270301_h250_r0_p90_y80_TPMC_N400000_S101,101,sample,2858,triangle_2858,body,0.18688694838789588,0.0025375977067932623,-0.0316289464433639,0.02398378316508881,0.0818204412177079,-0.9963584663884929,1.113753875396583e-05,-8.080992028387935e-14,7484.538922892781,-1319.726150268671,0.0,0.0,0.0,0.0,0.0,0.0,0.0,0.0,0.0,0,True,250.0
b712773f15e0f684,20270301_h250_r0_p90_y80_TPMC_N400000_S101,101,sample,2859,triangle_2859,body,0.19095914600130226,0.01945055338619628,-0.025066232846114575,0.023836305461664997,0.6140070577718203,-0.7889405323269496,1.1944218451965767e-05,-8.080992028387935e-14,7484.538922892781,-1319.726150268671,0.0,0.0,0.0,0.0,0.0,0.0,0.0,0.0,0.0,0,True,250.0
b712773f15e0f684,20270301_h250_r0_p90_y80_TPMC_N400000_S101,101,sample,2860,triangle_2860,body,0.18504302902125072,0.019405941903630233,-0.02509404285089947,-0.02694019355584494,0.6098798218152797,-0.7920358760269236,1.1777348689882038e-05,-8.080992028387935e-14,7484.538922892781,-1319.726150268671,0.0,0.0,0.0,0.0,0.0,0.0,0.0,0.0,0.0,0,True,250.0
b712773f15e0f684,20270301_h250_r0_p90_y80_TPMC_N400000_S101,101,sample,2861,triangle_2861,body,0.1954978914012683,0.021676107787505037,-0.023162981914825843,0.024103525527878984,0.6861710007240127,-0.7270408364201654,1.2405021488644101e-05,-8.080992028387935e-14,7484.538922892781,-1319.726150268671,0.0,0.0,0.0,0.0,0.0,0.0,0.0,0.0,0.0,0,True,250.0
b712773f15e0f684,20270301_h250_r0_p90_y80_TPMC_N400000_S101,101,sample,2862,triangle_2862,body,0.18713289533730829,-0.02126183292287333,-0.023579491555700483,0.015571758343084934,-0.6659691580163297,-0.7458167341332088,9.801224037727082e-06,-8.080992028387935e-14,7484.538922892781,-1319.726150268671,-2.3227989935279825e-09,5.459415707159106e-08,-5.38104960344032e-09,1.4095865820899847e-09,1.0685330121598817e-09,1.021026151002516e-08,1.4095865820899847e-09,1.0685330121598817e-09,1.021026151002516e-08,3,False,250.0
b712773f15e0f684,20270301_h250_r0_p90_y80_TPMC_N400000_S101,101,sample,2863,triangle_2863,body,0.20088973970417243,-0.01947934264248834,-0.02505398323188548,0.020836718699240017,-0.6112331707958015,-0.7911762395779839,1.1290175431658587e-05,-8.080992028387935e-14,7484.538922892781,-1319.726150268671,1.762460186503919e-09,6.73206931670733e-08,-8.319091871178868e-09,1.8063381774583833e-09,1.6328761464478508e-09,1.3589161774803437e-08,1.8063381774583833e-09,1.6328761464478508e-09,1.3589161774803437e-08,3,False,250.0
b712773f15e0f684,20270301_h250_r0_p90_y80_TPMC_N400000_S101,101,sample,2864,triangle_2864,body,0.20669327376008376,-0.02505557894329119,-0.01946980108312844,0.01927949095744311,-0.7876823712084063,-0.6157798172365868,1.352837013270516e-05,-8.080992028387935e-14,7484.538922892781,-1319.726150268671,0.0,0.0,0.0,0.0,0.0,0.0,0.0,0.0,0.0,0,True,250.0
b712773f15e0f684,20270301_h250_r0_p90_y80_TPMC_N400000_S101,101,sample,2865,triangle_2865,body,0.18241426981619305,0.015013909282873383,-0.02795276806535965,0.02440547318914277,0.4718569312005007,-0.881337284673955,1.1120788032102121e-05,-8.080992028387935e-14,7484.538922892781,-1319.726150268671,0.0,0.0,0.0,0.0,0.0,0.0,0.0,0.0,0.0,0,True,250.0
b712773f15e0f684,20270301_h250_r0_p90_y80_TPMC_N400000_S101,101,sample,2866,triangle_2866,body,0.1867757929716212,0.007692201940280481,-0.0307810226012346,0.02542637511945089,0.2426367474053182,-0.9697839492674917,1.1212279003933174e-05,-8.080992028387935e-14,7484.538922892781,-1319.726150268671,0.0,0.0,0.0,0.0,0.0,0.0,0.0,0.0,0.0,0,True,250.0
b712773f15e0f684,20270301_h250_r0_p90_y80_TPMC_N400000_S101,101,sample,2867,triangle_2867,body,0.20374559067236675,0.014357817610659069,-0.028269431526942664,0.0037584585174923143,0.4766892737945764,-0.8790638260324285,1.0036763637071261e-05,-8.080992028387935e-14,7484.538922892781,-1319.726150268671,0.0,0.0,0.0,0.0,0.0,0.0,0.0,0.0,0.0,0,True,250.0
b712773f15e0f684,20270301_h250_r0_p90_y80_TPMC_N400000_S101,101,sample,2868,triangle_2868,body,0.19218664592016044,0.02970275587885567,-0.011086237828366527,-0.014504036785676985,0.929466959311537,-0.3686201357292972,2.5676746934371074e-05,-8.080992028387935e-14,7484.538922892781,-1319.726150268671,0.0,0.0,0.0,0.0,0.0,0.0,0.0,0.0,0.0,0,True,250.0
b712773f15e0f684,20270301_h250_r0_p90_y80_TPMC_N400000_S101,101,sample,2869,triangle_2869,body,0.19630096052217735,-0.021541065319005515,-0.023296868586109656,0.02268353252845235,-0.6799860681647824,-0.7328740713477524,1.2007912188999351e-05,-8.080992028387935e-14,7484.538922892781,-1319.726150268671,0.0,0.0,0.0,0.0,0.0,0.0,0.0,0.0,0.0,0,True,250.0
b712773f15e0f684,20270301_h250_r0_p90_y80_TPMC_N400000_S101,101,sample,2870,triangle_2870,body,0.20081601164853688,0.027089297892933836,-0.016542336870141613,0.014861822923838766,0.8559046476214147,-0.5169200715772628,1.3401775018036458e-05,-8.080992028387935e-14,7484.538922892781,-1319.726150268671,0.0,0.0,0.0,0.0,0.0,0.0,0.0,0.0,0.0,0,True,250.0
b712773f15e0f684,20270301_h250_r0_p90_y80_TPMC_N400000_S101,101,sample,2871,triangle_2871,body,0.18539180308883563,0.005108550485476083,-0.03131188175751257,-0.025976672256111027,0.1604518468457992,-0.9867017874425233,1.1371387356237413e-05,-8.080992028387935e-14,7484.538922892781,-1319.726150268671,0.0,0.0,0.0,0.0,0.0,0.0,0.0,0.0,0.0,0,True,250.0
b712773f15e0f684,20270301_h250_r0_p90_y80_TPMC_N400000_S101,101,sample,2872,triangle_2872,body,0.2018727742318005,0.01593688875799591,-0.027411188902922903,-0.0028409973593873697,0.4791855839573113,-0.8777090092174596,1.0107303968641436e-05,-8.080992028387935e-14,7484.538922892781,-1319.726150268671,0.0,0.0,0.0,0.0,0.0,0.0,0.0,0.0,0.0,0,True,250.0
b712773f15e0f684,20270301_h250_r0_p90_y80_TPMC_N400000_S101,101,sample,2873,triangle_2873,body,0.18549045847457812,-6.865444317653443e-05,-0.03172992014468868,-0.023861878321631988,-0.003597758047441365,-0.9997087910486712,1.1330445948972641e-05,-8.080992028387935e-14,7484.538922892781,-1319.726150268671,0.0,0.0,0.0,0.0,0.0,0.0,0.0,0.0,0.0,0,True,250.0
b712773f15e0f684,20270301_h250_r0_p90_y80_TPMC_N400000_S101,101,sample,2874,triangle_2874,body,0.18096647640823157,0.01730157388740419,-0.02659469344078665,-0.025259163483652963,0.5467737864815712,-0.8368992777369995,1.1266186614252939e-05,-8.080992028387935e-14,7484.538922892781,-1319.726150268671,0.0,0.0,0.0,0.0,0.0,0.0,0.0,0.0,0.0,0,True,250.0
b712773f15e0f684,20270301_h250_r0_p90_y80_TPMC_N400000_S101,101,sample,2875,triangle_2875,body,0.18531863117246392,0.010206263184287703,-0.03004176057716316,-0.02533731747750131,0.321367381141401,-0.9466155643561761,1.1128047053127102e-05,-8.080992028387935e-14,7484.538922892781,-1319.726150268671,0.0,0.0,0.0,0.0,0.0,0.0,0.0,0.0,0.0,0,True,250.0
b712773f15e0f684,20270301_h250_r0_p90_y80_TPMC_N400000_S101,101,sample,2876,triangle_2876,body,0.1993788833874007,-0.021486508507425523,-0.023346622048126254,-0.022460703172093185,-0.6799600222254959,-0.732905099578464,1.1907929830977591e-05,-8.080992028387935e-14,7484.538922892781,-1319.726150268671,9.512665454650715e-10,1.979468374336086e-08,-4.119556467980866e-09,5.618300515168195e-10,8.028703537051906e-10,3.987568807088309e-09,5.618300515168195e-10,8.028703537051906e-10,3.987568807088309e-09,1,False,250.0
b712773f15e0f684,20270301_h250_r0_p90_y80_TPMC_N400000_S101,101,sample,2877,triangle_2877,body,0.18668659650734534,0.012646879535307631,-0.02909809013809897,0.025708704464185283,0.39905342058380167,-0.91656719886495,1.108572188649816e-05,-8.080992028387935e-14,7484.538922892781,-1319.726150268671,0.0,0.0,0.0,0.0,0.0,0.0,0.0,0.0,0.0,0,True,250.0
b712773f15e0f684,20270301_h250_r0_p90_y80_TPMC_N400000_S101,101,sample,2878,triangle_2878,body,0.1822432999350586,0.01943571653523128,-0.02507094494913496,0.028650659188037803,0.6134509858171534,-0.7892129165998576,1.1059328577802792e-05,-8.080992028387935e-14,7484.538922892781,-1319.726150268671,0.0,0.0,0.0,0.0,0.0,0.0,0.0,0.0,0.0,0,True,250.0
b712773f15e0f684,20270301_h250_r0_p90_y80_TPMC_N400000_S101,101,sample,2879,triangle_2879,body,0.18524309083148818,0.014982661864470137,-0.02796961073778768,-0.025142230981124166,0.47143121591970594,-0.8815443703397802,1.0828253208666496e-05,-8.080992028387935e-14,7484.538922892781,-1319.726150268671,0.0,0.0,0.0,0.0,0.0,0.0,0.0,0.0,0.0,0,True,250.0
b712773f15e0f684,20270301_h250_r0_p90_y80_TPMC_N400000_S101,101,sample,2880,triangle_2880,body,0.1997711291323883,0.019605586852659493,-0.024949978083973135,0.02378305954514453,0.6067693740285557,-0.7945220530732088,1.0860927997934024e-05,-8.080992028387935e-14,7484.538922892781,-1319.726150268671,0.0,0.0,0.0,0.0,0.0,0.0,0.0,0.0,0.0,0,True,250.0
b712773f15e0f684,20270301_h250_r0_p90_y80_TPMC_N400000_S101,101,sample,2881,triangle_2881,body,0.19016428932756227,-0.021255612983948916,-0.023585208249086918,-0.01548100379917462,-0.665813327954958,-0.7459577406521857,9.910013127465793e-06,-8.080992028387935e-14,7484.538922892781,-1319.726150268671,-1.7282650980197218e-11,1.799289762262351e-08,-5.744383540861101e-10,4.279465424095729e-10,1.0989153211176796e-10,3.429212242075236e-09,4.279465424095729e-10,1.0989153211176796e-10,3.429212242075236e-09,1,False,250.0
b712773f15e0f684,20270301_h250_r0_p90_y80_TPMC_N400000_S101,101,sample,2882,triangle_2882,body,0.19969544872758171,-0.025231597743897657,-0.019204062020927753,-0.026122005133261846,-0.7973607208439032,-0.6029374110992857,1.5395830705121963e-05,-8.080992028387935e-14,7484.538922892781,-1319.726150268671,0.0,0.0,0.0,0.0,0.0,0.0,0.0,0.0,0.0,0,True,250.0
b712773f15e0f684,20270301_h250_r0_p90_y80_TPMC_N400000_S101,101,sample,2883,triangle_2883,body,0.1996118190589334,0.015209408757148131,-0.027845683339207266,0.028471717467325273,0.4881417445310015,-0.8722998329420286,9.784664575526475e-06,-8.080992028387935e-14,7484.538922892781,-1319.726150268671,0.0,0.0,0.0,0.0,0.0,0.0,0.0,0.0,0.0,0,True,250.0
b712773f15e0f684,20270301_h250_r0_p90_y80_TPMC_N400000_S101,101,sample,2884,triangle_2884,body,0.1938818337369982,0.02348694265179295,-0.021320248999371825,-0.024414740182354448,0.7369016934754125,-0.675558890560177,1.309400445220198e-05,-8.080992028387935e-14,7484.538922892781,-1319.726150268671,0.0,0.0,0.0,0.0,0.0,0.0,0.0,0.0,0.0,0,True,250.0
b712773f15e0f684,20270301_h250_r0_p90_y80_TPMC_N400000_S101,101,sample,2885,triangle_2885,body,0.20599490842925997,0.015108639069906183,-0.027899186787294448,-0.029059297359678524,0.4671620232253098,-0.883694065439503,9.821179902071721e-06,-8.080992028387935e-14,7484.538922892781,-1319.726150268671,0.0,0.0,0.0,0.0,0.0,0.0,0.0,0.0,0.0,0,True,250.0
b712773f15e0f684,20270301_h250_r0_p90_y80_TPMC_N400000_S101,101,sample,2886,triangle_2886,body,0.18096692785056767,-0.024917215351719497,-0.01964048537936595,-0.024468616348764134,-0.7880475606537053,-0.6151278964261999,1.1225867698664539e-05,-8.080992028387935e-14,7484.538922892781,-1319.726150268671,-1.2179017980506247e-09,2.173030455767623e-08,-2.331231612156829e-09,4.876969850038337e-10,4.435902153104258e-10,3.885681007646419e-09,4.876969850038337e-10,4.435902153104258e-10,3.885681007646419e-09,2,False,250.0
b712773f15e0f684,20270301_h250_r0_p90_y80_TPMC_N400000_S101,101,sample,2887,triangle_2887,body,0.19468887415489625,-0.023419329614029455,-0.021389653288839638,-0.026223736550759016,-0.7379012579290797,-0.6743990281635929,1.3284466426867785e-05,-8.080992028387935e-14,7484.538922892781,-1319.726150268671,6.419511848236487e-10,2.2279322276228526e-08,-4.000807696980097e-09,5.673683196268195e-10,7.640054114027344e-10,4.345558912907282e-09,5.673683196268195e-10,7.640054114027344e-10,4.345558912907282e-09,1,False,250.0
b712773f15e0f684,20270301_h250_r0_p90_y80_TPMC_N400000_S101,101,sample,2888,triangle_2888,body,0.1865950265097188,0.017240551837399896,-0.02663463401497919,0.02606666236240754,0.5443808746060663,-0.8384330578385006,1.0924378391081698e-05,-8.080992028387935e-14,7484.538922892781,-1319.726150268671,0.0,0.0,0.0,0.0,0.0,0.0,0.0,0.0,0.0,0,True,250.0
b712773f15e0f684,20270301_h250_r0_p90_y80_TPMC_N400000_S101,101,sample,2889,triangle_2889,body,0.18430912896497098,0.02900665564200877,-0.012572870306058526,0.03950054584770595,0.9153633127744857,-0.40068655143921716,2.9393236105809326e-05,-8.080992028387935e-14,7484.538922892781,-1319.726150268671,0.0,0.0,0.0,0.0,0.0,0.0,0.0,0.0,0.0,0,True,250.0
b712773f15e0f684,20270301_h250_r0_p90_y80_TPMC_N400000_S101,101,sample,2890,triangle_2890,body,0.18645254311311876,-0.02500686162482305,-0.019377582965642088,0.055806444147664266,-0.8020266554116761,-0.5946754449283698,1.6210087139185576e-05,-8.080992028387935e-14,7484.538922892781,-1319.726150268671,0.0,0.0,0.0,0.0,0.0,0.0,0.0,0.0,0.0,0,True,250.0
b712773f15e0f684,20270301_h250_r0_p90_y80_TPMC_N400000_S101,101,sample,2891,triangle_2891,body,0.20997006159293533,-0.025012911620625276,-0.019524993814198845,-0.022669506756347754,-0.7876485642451155,-0.6157075870135368,1.1633058118805472e-05,-8.080992028387935e-14,7484.538922892781,-1319.726150268671,0.0,0.0,0.0,0.0,0.0,0.0,0.0,0.0,0.0,0,True,250.0
b712773f15e0f684,20270301_h250_r0_p90_y80_TPMC_N400000_S101,101,sample,2892,triangle_2892,body,0.1780260661434103,0.02503557828909563,-0.01948960667613282,0.02399990001500296,0.7887849522446878,-0.6142005404683518,1.1942783412019365e-05,-8.080992028387935e-14,7484.538922892781,-1319.726150268671,0.0,0.0,0.0,0.0,0.0,0.0,0.0,0.0,0.0,0,True,250.0
b712773f15e0f684,20270301_h250_r0_p90_y80_TPMC_N400000_S101,101,sample,2893,triangle_2893,body,0.21148576453809523,-0.02653665998986936,-0.01739085138370823,0.023839873401461476,-0.8369285569522903,-0.5467926947152453,1.1932643788533155e-05,-8.080992028387935e-14,7484.538922892781,-1319.726150268671,3.210891959064367e-09,3.441546989059e-08,-5.806829233689875e-09,7.709828929992137e-10,1.1689199803393701e-09,7.331920262913437e-09,7.709828929992137e-10,1.1689199803393701e-09,7.331920262913437e-09,2,False,250.0
b712773f15e0f684,20270301_h250_r0_p90_y80_TPMC_N400000_S101,101,sample,2894,triangle_2894,body,0.17651570283541193,0.02656127614548713,-0.0173533471149154,-0.02387938465660299,0.8369277675093886,-0.5467921789493455,1.1944218412915317e-05,-8.080992028387935e-14,7484.538922892781,-1319.726150268671,0.0,0.0,0.0,0.0,0.0,0.0,0.0,0.0,0.0,0,True,250.0
b712773f15e0f684,20270301_h250_r0_p90_y80_TPMC_N400000_S101,101,sample,2895,triangle_2895,body,0.18620036805573212,0.021431507883755096,-0.023395746329104582,0.025490637739635356,0.6766210679820174,-0.7358900446061903,1.104511382265792e-05,-8.080992028387935e-14,7484.538922892781,-1319.726150268671,0.0,0.0,0.0,0.0,0.0,0.0,0.0,0.0,0.0,0,True,250.0
b712773f15e0f684,20270301_h250_r0_p90_y80_TPMC_N400000_S101,101,sample,2896,triangle_2896,body,0.1954187178144262,0.025305166683528797,-0.019128587067041663,0.023650483670339405,0.7997345625690031,-0.5998877262077665,1.3285793678036555e-05,-8.080992028387935e-14,7484.538922892781,-1319.726150268671,0.0,0.0,0.0,0.0,0.0,0.0,0.0,0.0,0.0,0,True,250.0
b712773f15e0f684,20270301_h250_r0_p90_y80_TPMC_N400000_S101,101,sample,2897,triangle_2897,body,0.20372723800896966,0.006566743989646744,-0.031006984583219117,-0.02294103325183728,0.18066480389733441,-0.9832771418201867,1.0349449704141886e-05,-8.080992028387935e-14,7484.538922892781,-1319.726150268671,0.0,0.0,0.0,0.0,0.0,0.0,0.0,0.0,0.0,0,True,250.0
b712773f15e0f684,20270301_h250_r0_p90_y80_TPMC_N400000_S101,101,sample,2898,triangle_2898,body,0.19161641814277983,-0.023182754625378565,-0.02163978283339035,0.023316081499455344,-0.73913213236,-0.6731567805916168,1.2700859243189499e-05,-8.080992028387935e-14,7484.538922892781,-1319.726150268671,0.0,0.0,0.0,0.0,0.0,0.0,0.0,0.0,0.0,0,True,250.0
b712773f15e0f684,20270301_h250_r0_p90_y80_TPMC_N400000_S101,101,sample,2899,triangle_2899,body,0.20655532403134128,0.029426147364609828,-0.011678579961766737,-0.03181272774510257,0.9447692813957764,-0.32618852721137226,1.562080355366703e-05,-8.080992028387935e-14,7484.538922892781,-1319.726150268671,0.0,0.0,0.0,0.0,0.0,0.0,0.0,0.0,0.0,0,True,250.0
b712773f15e0f684,20270301_h250_r0_p90_y80_TPMC_N400000_S101,101,sample,2900,triangle_2900,body,0.2058830938962267,0.005350587280860494,-0.03128270126419833,-0.024461921229205114,0.1812873769196576,-0.9831258827735978,9.315503368412456e-06,-8.080992028387935e-14,7484.538922892781,-1319.726150268671,0.0,0.0,0.0,0.0,0.0,0.0,0.0,0.0,0.0,0,True,250.0
b712773f15e0f684,20270301_h250_r0_p90_y80_TPMC_N400000_S101,101,sample,2901,triangle_2901,body,0.18552198033883519,-0.023019849818660107,-0.02185014988700898,-0.017771388414697737,-0.7294045718653036,-0.6838517005139398,1.1004312289918309e-05,-8.080992028387935e-14,7484.538922892781,-1319.726150268671,3.2276673731522037e-10,5.516132220311997e-08,-6.340384039628909e-09,1.3431396386188104e-09,1.1898377675163063e-09,1.034157242637496e-08,1.3431396386188104e-09,1.1898377675163063e-09,1.034157242637496e-08,3,False,250.0
b712773f15e0f684,20270301_h250_r0_p90_y80_TPMC_N400000_S101,101,sample,2902,triangle_2902,body,0.1888710294215478,-0.028174290454198878,-0.01464908414578088,-0.005617264781167416,-0.8933989696832585,-0.4492290365785255,1.1253503725995005e-05,-8.080992028387935e-14,7484.538922892781,-1319.726150268671,5.085945310794474e-09,1.1054656738215167e-07,-1.5819971967132656e-08,2.062763083835402e-09,2.9184510465918938e-09,2.104200331521486e-08,2.062763083835402e-09,2.9184510465918938e-09,2.104200331521486e-08,6,False,250.0
b712773f15e0f684,20270301_h250_r0_p90_y80_TPMC_N400000_S101,101,sample,2903,triangle_2903,body,0.196309675667203,-0.025255162192158495,-0.019173255300903073,0.02768821560086191,-0.7960664153173779,-0.6045755743664973,1.4581056705886733e-05,-8.080992028387935e-14,7484.538922892781,-1319.726150268671,-3.172946976837432e-10,5.5218114733222777e-08,-9.89418068850872e-09,1.2754256844565408e-09,1.940466433026239e-09,1.078945970232961e-08,1.2754256844565408e-09,1.940466433026239e-09,1.078945970232961e-08,3,False,250.0
b712773f15e0f684,20270301_h250_r0_p90_y80_TPMC_N400000_S101,101,sample,2904,triangle_2904,body,0.1824938480799585,-0.02322837308357614,-0.021630541048325947,0.020105712677133264,-0.7309619105124064,-0.6821220167226663,1.0526788597171016e-05,-8.080992028387935e-14,7484.538922892781,-1319.726150268671,-1.3278339789746514e-09,1.6812494827408637e-08,-2.1265692408779384e-09,4.2500325656318576e-10,4.1759594472255614e-10,3.0361089454532883e-09,4.2500325656318576e-10,4.1759594472255614e-10,3.0361089454532883e-09,1,False,250.0
b712773f15e0f684,20270301_h250_r0_p90_y80_TPMC_N400000_S101,101,sample,2905,triangle_2905,body,0.1808126094210407,0.021488009660503113,-0.023343738749617815,-0.028067332073877262,0.6769861049411979,-0.7354604262547374,1.0080382477316063e-05,-8.080992028387935e-14,7484.538922892781,-1319.726150268671,0.0,0.0,0.0,0.0,0.0,0.0,0.0,0.0,0.0,0,True,250.0
b712773f15e0f684,20270301_h250_r0_p90_y80_TPMC_N400000_S101,101,sample,2906,triangle_2906,body,0.18217128012128245,0.03018070417983426,-0.009741695011048164,-0.007318463885496058,0.9454433111765969,-0.3257044449156158,2.0823404838724234e-05,-8.080992028387935e-14,7484.538922892781,-1319.726150268671,0.0,0.0,0.0,0.0,0.0,0.0,0.0,0.0,0.0,0,True,250.0
b712773f15e0f684,20270301_h250_r0_p90_y80_TPMC_N400000_S101,101,sample,2907,triangle_2907,body,0.18217471404430677,-0.0263135083695705,-0.017740546788449215,0.022980141644362996,-0.8270291287555193,-0.5616891785319457,9.528451130037436e-06,-8.080992028387935e-14,7484.538922892781,-1319.726150268671,-1.3152408004889483e-10,1.6667485304589698e-08,-4.866768509721312e-09,4.230833179690873e-10,8.920260442749732e-10,3.0435360363858103e-09,4.230833179690873e-10,8.920260442749732e-10,3.0435360363858103e-09,1,False,250.0
b712773f15e0f684,20270301_h250_r0_p90_y80_TPMC_N400000_S101,101,sample,2908,triangle_2908,body,0.17651570284171836,-0.02905528198129045,-0.012744827815868118,-0.023879381930723188,-0.9155121971453258,-0.4015808660740008,1.1944217805636599e-05,-8.080992028387935e-14,7484.538922892781,-1319.726150268671,0.0,0.0,0.0,0.0,0.0,0.0,0.0,0.0,0.0,0,True,250.0
b712773f15e0f684,20270301_h250_r0_p90_y80_TPMC_N400000_S101,101,sample,2909,triangle_2909,body,0.1780275019896416,-0.027894529398741513,-0.015114499323117427,0.024360474477063302,-0.8788157428843718,-0.4765390407320704,1.2041399768931289e-05,-8.080992028387935e-14,7484.538922892781,-1319.726150268671,-2.3815058154764714e-09,4.98111646199807e-08,-8.409322583503239e-09,1.0116617768217126e-09,1.5309882984157007e-09,8.770069469012563e-09,1.0116617768217126e-09,1.5309882984157007e-09,8.770069469012563e-09,2,False,250.0
b712773f15e0f684,20270301_h250_r0_p90_y80_TPMC_N400000_S101,101,sample,2910,triangle_2910,body,0.2115070492535384,0.02904381443770446,-0.012770876065456217,0.02421751389116332,0.9155047483357844,-0.40157759872229326,1.1765019820824825e-05,-8.080992028387935e-14,7484.538922892781,-1319.726150268671,0.0,0.0,0.0,0.0,0.0,0.0,0.0,0.0,0.0,0,True,250.0
b712773f15e0f684,20270301_h250_r0_p90_y80_TPMC_N400000_S101,101,sample,2911,triangle_2911,body,0.20999134641806613,0.027892116411133067,-0.015126712121427063,-0.0232822305973088,0.8787424930677467,-0.4767279817836321,1.1660878233861914e-05,-8.080992028387935e-14,7484.538922892781,-1319.726150268671,0.0,0.0,0.0,0.0,0.0,0.0,0.0,0.0,0.0,0,True,250.0
b712773f15e0f684,20270301_h250_r0_p90_y80_TPMC_N400000_S101,101,sample,2912,triangle_2912,body,0.21149105391034348,-0.03075673546682472,-0.007788662941685051,0.023986247899707724,-0.9691213604304413,-0.24541485013980793,1.1891002981384759e-05,-8.080992028387935e-14,7484.538922892781,-1319.726150268671,2.0816860650525614e-09,1.8953365614748434e-08,3.770305143478999e-10,8.971318291203648e-11,-9.139854755828074e-11,4.099284665281571e-09,8.971318291203648e-11,-9.139854755828074e-11,4.099284665281571e-09,1,False,250.0
b712773f15e0f684,20270301_h250_r0_p90_y80_TPMC_N400000_S101,101,sample,2913,triangle_2913,body,0.20492781673714208,-0.026678578605936875,-0.017147783849634706,-0.023065259211479158,-0.8441206826190532,-0.5356568556382446,1.5032274911037087e-05,-8.080992028387935e-14,7484.538922892781,-1319.726150268671,0.0,0.0,0.0,0.0,0.0,0.0,0.0,0.0,0.0,0,True,250.0
b712773f15e0f684,20270301_h250_r0_p90_y80_TPMC_N400000_S101,101,sample,2914,triangle_2914,body,0.1946095826113249,-0.02670644014963908,-0.017156897042539997,-0.014258419458746906,-0.8365918602749634,-0.5476410839192167,1.2045112552692083e-05,-8.080992028387935e-14,7484.538922892781,-1319.726150268671,-1.4617429684942463e-11,2.041987557605293e-08,-2.6144231989488316e-09,4.3166108339358724e-10,5.102226121821367e-10,3.982665272210008e-09,4.3166108339358724e-10,5.102226121821367e-10,3.982665272210008e-09,1,False,250.0
b712773f15e0f684,20270301_h250_r0_p90_y80_TPMC_N400000_S101,101,sample,2915,triangle_2915,body,0.1832247410903276,-0.028635371355814915,-0.013725021371419137,0.0019733532120125886,-0.8934673307112296,-0.4491238524381118,1.3306955544500212e-05,-8.080992028387935e-14,7484.538922892781,-1319.726150268671,0.0,0.0,0.0,0.0,0.0,0.0,0.0,0.0,0.0,0,True,250.0
b712773f15e0f684,20270301_h250_r0_p90_y80_TPMC_N400000_S101,101,sample,2916,triangle_2916,body,0.1820185909532678,-0.029724412583267575,-0.01103884533402042,-0.0027441917475849085,-0.9458136839922433,-0.3246982361896558,1.9470583479105304e-05,-8.080992028387935e-14,7484.538922892781,-1319.726150268671,-1.9315591588646593e-09,1.7167760732534542e-08,-1.4884667385375386e-09,2.57904731231567e-10,2.972626371748485e-10,3.0939056041923267e-09,2.57904731231567e-10,2.972626371748485e-10,3.0939056041923267e-09,1,False,250.0
b712773f15e0f684,20270301_h250_r0_p90_y80_TPMC_N400000_S101,101,sample,2917,triangle_2917,body,0.1821241197130418,0.02334079815989862,-0.021490629822119772,0.027914217556169286,0.7351271736927961,-0.6773542905722738,1.021764684079965e-05,-8.080992028387935e-14,7484.538922892781,-1319.726150268671,0.0,0.0,0.0,0.0,0.0,0.0,0.0,0.0,0.0,0,True,250.0
b712773f15e0f684,20270301_h250_r0_p90_y80_TPMC_N400000_S101,101,sample,2918,triangle_2918,body,0.19363016817006592,0.026898076611359317,-0.01677535348799718,-0.029247139663843864,0.8469646063915728,-0.5308441959195296,1.5713743856940342e-05,-8.080992028387935e-14,7484.538922892781,-1319.726150268671,0.0,0.0,0.0,0.0,0.0,0.0,0.0,0.0,0.0,0,True,250.0
b712773f15e0f684,20270301_h250_r0_p90_y80_TPMC_N400000_S101,101,sample,2919,triangle_2919,body,0.17653631938807568,0.02904709858800511,-0.012763435551498427,-0.023546436579985175,0.9155194293037345,-0.40158403839264933,1.2106587074981116e-05,-8.080992028387935e-14,7484.538922892781,-1319.726150268671,0.0,0.0,0.0,0.0,0.0,0.0,0.0,0.0,0.0,0,True,250.0
b712773f15e0f684,20270301_h250_r0_p90_y80_TPMC_N400000_S101,101,sample,2920,triangle_2920,body,0.21151128466641658,-0.029038120115017833,-0.012783740538309468,0.02425475621476722,-0.9155039215074564,-0.40157723603988216,1.1731653751462136e-05,-8.080992028387935e-14,7484.538922892781,-1319.726150268671,0.0,0.0,0.0,0.0,0.0,0.0,0.0,0.0,0.0,0,True,250.0
b712773f15e0f684,20270301_h250_r0_p90_y80_TPMC_N400000_S101,101,sample,2921,triangle_2921,body,0.18298372764086882,0.026340448602515762,-0.017741626282626616,0.00954612103741378,0.8219953385198416,-0.5694142033922142,1.0922246606891942e-05,-8.080992028387935e-14,7484.538922892781,-1319.726150268671,0.0,0.0,0.0,0.0,0.0,0.0,0.0,0.0,0.0,0,True,250.0
b712773f15e0f684,20270301_h250_r0_p90_y80_TPMC_N400000_S101,101,sample,2922,triangle_2922,body,0.20749357936163496,0.00778606261628621,-0.030756242044837744,0.04041465532824222,0.24391584594180848,-0.9689539285916494,7.21683315596871e-06,-8.080992028387935e-14,7484.538922892781,-1319.726150268671,0.0,0.0,0.0,0.0,0.0,0.0,0.0,0.0,0.0,0,True,250.0
b712773f15e0f684,20270301_h250_r0_p90_y80_TPMC_N400000_S101,101,sample,2923,triangle_2923,body,0.19804361967892914,0.017499127559344147,-0.026456627127421833,-0.04104132943313927,0.5512358330448941,-0.8333394660314981,8.026398064161473e-06,-8.080992028387935e-14,7484.538922892781,-1319.726150268671,0.0,0.0,0.0,0.0,0.0,0.0,0.0,0.0,0.0,0,True,250.0
b712773f15e0f684,20270301_h250_r0_p90_y80_TPMC_N400000_S101,101,sample,2924,triangle_2924,body,0.18471214926154111,0.02331407101475165,-0.02151953949984203,-0.02794139708719514,0.73574685684129,-0.6766800137265603,1.0184078119502445e-05,-8.080992028387935e-14,7484.538922892781,-1319.726150268671,0.0,0.0,0.0,0.0,0.0,0.0,0.0,0.0,0.0,0,True,250.0
b712773f15e0f684,20270301_h250_r0_p90_y80_TPMC_N400000_S101,101,sample,2925,triangle_2925,body,0.20750959316730122,0.012755749380815506,-0.02904896038662223,0.03867762638236876,0.4019875855329727,-0.9148278648438716,7.586692987515292e-06,-8.080992028387935e-14,7484.538922892781,-1319.726150268671,0.0,0.0,0.0,0.0,0.0,0.0,0.0,0.0,0.0,0,True,250.0
b712773f15e0f684,20270301_h250_r0_p90_y80_TPMC_N400000_S101,101,sample,2926,triangle_2926,body,0.18169881715685868,0.02767457300582173,-0.015507550791416155,-0.012408201792712197,0.8790197954907798,-0.4766237883945986,1.6556103100466812e-05,-8.080992028387935e-14,7484.538922892781,-1319.726150268671,0.0,0.0,0.0,0.0,0.0,0.0,0.0,0.0,0.0,0,True,250.0
b712773f15e0f684,20270301_h250_r0_p90_y80_TPMC_N400000_S101,101,sample,2927,triangle_2927,body,0.18567832040017188,-0.028091253790834433,-0.014796024519094897,0.002202211772774684,-0.8933620471619858,-0.4493321744031401,7.231229211674881e-06,-8.080992028387935e-14,7484.538922892781,-1319.726150268671,1.190883107916326e-09,4.620350827720434e-08,-5.574972395670482e-09,7.997604946199159e-10,1.019960570066089e-09,8.612925605643642e-09,7.997604946199159e-10,1.019960570066089e-09,8.612925605643642e-09,2,False,250.0
b712773f15e0f684,20270301_h250_r0_p90_y80_TPMC_N400000_S101,101,sample,2928,triangle_2928,body,0.20657782546280815,0.01030865190166591,-0.030007508745001018,-0.03792790999034497,0.324252815337812,-0.9452098102481094,7.327301457650116e-06,-8.080992028387935e-14,7484.538922892781,-1319.726150268671,0.0,0.0,0.0,0.0,0.0,0.0,0.0,0.0,0.0,0,True,250.0
b712773f15e0f684,20270301_h250_r0_p90_y80_TPMC_N400000_S101,101,sample,2929,triangle_2929,body,0.20146630041221103,-0.026834910576667623,-0.016903489406556265,0.024646181447095968,-0.8441478704601889,-0.5355435916315359,1.4455394613808808e-05,-8.080992028387935e-14,7484.538922892781,-1319.726150268671,-2.1463303573363977e-09,3.76990171137714e-08,-3.937866553871061e-09,7.237292798254118e-10,8.28067102896262e-10,7.550861753878978e-09,7.237292798254118e-10,8.28067102896262e-10,7.550861753878978e-09,2,False,250.0
b712773f15e0f684,20270301_h250_r0_p90_y80_TPMC_N400000_S101,101,sample,2930,triangle_2930,body,0.19540482634363163,0.028489952392391413,-0.013834111403572102,0.034171184538263434,0.8999199427125004,-0.43471418984843635,1.9402628742318648e-05,-8.080992028387935e-14,7484.538922892781,-1319.726150268671,0.0,0.0,0.0,0.0,0.0,0.0,0.0,0.0,0.0,0,True,250.0
b712773f15e0f684,20270301_h250_r0_p90_y80_TPMC_N400000_S101,101,sample,2931,triangle_2931,body,0.17650894608960863,0.030756735466801032,-0.0077886629416769005,-0.023986247901103982,0.9691213604296884,-0.2454148501426448,1.1891002981347111e-05,-8.080992028387935e-14,7484.538922892781,-1319.726150268671,0.0,0.0,0.0,0.0,0.0,0.0,0.0,0.0,0.0,0,True,250.0
b712773f15e0f684,20270301_h250_r0_p90_y80_TPMC_N400000_S101,101,sample,2932,triangle_2932,body,0.19907350208500119,0.02844944313424627,-0.013914882466274309,-0.033813079702840115,0.9018832095758074,-0.4306545621797706,1.9128216809419268e-05,-8.080992028387935e-14,7484.538922892781,-1319.726150268671,0.0,0.0,0.0,0.0,0.0,0.0,0.0,0.0,0.0,0,True,250.0
b712773f15e0f684,20270301_h250_r0_p90_y80_TPMC_N400000_S101,101,sample,2933,triangle_2933,body,0.1846321970479812,-0.026611677907590083,-0.017258035536042316,-0.002840638859711837,-0.8252977373024069,-0.5646906901786112,9.150149630076764e-06,-8.080992028387935e-14,7484.538922892781,-1319.726150268671,0.0,0.0,0.0,0.0,0.0,0.0,0.0,0.0,0.0,0,True,250.0
b712773f15e0f684,20270301_h250_r0_p90_y80_TPMC_N400000_S101,101,sample,2934,triangle_2934,body,0.18084729601554006,0.02503557830173585,-0.019489606659900946,-0.02775525679656525,0.7888050582918058,-0.6140164702460493,1.032689446573194e-05,-8.080992028387935e-14,7484.538922892781,-1319.726150268671,0.0,0.0,0.0,0.0,0.0,0.0,0.0,0.0,0.0,0,True,250.0
b712773f15e0f684,20270301_h250_r0_p90_y80_TPMC_N400000_S101,101,sample,2935,triangle_2935,body,0.19295801075079375,0.030807471874728223,-0.006374594624457597,0.029399727581303874,0.9869258945414764,-0.15847061147623404,5.055506354538451e-05,-8.080992028387935e-14,7484.538922892781,-1319.726150268671,0.0,0.0,0.0,0.0,0.0,0.0,0.0,0.0,0.0,0,True,250.0
b712773f15e0f684,20270301_h250_r0_p90_y80_TPMC_N400000_S101,101,sample,2936,triangle_2936,body,0.19648564364060336,-0.028289544808540887,-0.014207192067368743,0.024673560689418568,-0.9015661915466101,-0.43193705289433865,1.918495153483687e-05,-8.080992028387935e-14,7484.538922892781,-1319.726150268671,-2.456619546022147e-10,3.462569885970722e-08,-6.5141093080322246e-09,6.535107795314658e-10,1.2806031833519404e-09,6.782391169825123e-09,6.535107795314658e-10,1.2806031833519404e-09,6.782391169825123e-09,1,False,250.0
b712773f15e0f684,20270301_h250_r0_p90_y80_TPMC_N400000_S101,101,sample,2937,triangle_2937,body,0.1780520222235316,0.02789540056143332,-0.015119271607473067,0.02316675988399998,0.8786494413586954,-0.47690508535402487,1.188703494186737e-05,-8.080992028387935e-14,7484.538922892781,-1319.726150268671,0.0,0.0,0.0,0.0,0.0,0.0,0.0,0.0,0.0,0,True,250.0
b712773f15e0f684,20270301_h250_r0_p90_y80_TPMC_N400000_S101,101,sample,2938,triangle_2938,body,0.20999704920455584,-0.02786180593278925,-0.01517708086303953,-0.024119922778643086,-0.8774173966753239,-0.4791210090745862,1.1842858230735663e-05,-8.080992028387935e-14,7484.538922892781,-1319.726150268671,1.6451648882801941e-09,1.8223404597475343e-08,-3.6040762425635506e-09,3.7831361105706223e-10,7.380773526354084e-10,3.904653937334112e-09,3.7831361105706223e-10,7.380773526354084e-10,3.904653937334112e-09,1,False,250.0
b712773f15e0f684,20270301_h250_r0_p90_y80_TPMC_N400000_S101,101,sample,2939,triangle_2939,body,0.21148429720035977,0.030756735466811232,-0.007788662941738311,0.02387938295321021,0.9691238404581828,-0.24541547816989187,1.1944217564017748e-05,-8.080992028387935e-14,7484.538922892781,-1319.726150268671,0.0,0.0,0.0,0.0,0.0,0.0,0.0,0.0,0.0,0,True,250.0
b712773f15e0f684,20270301_h250_r0_p90_y80_TPMC_N400000_S101,101,sample,2940,triangle_2940,body,0.17651570279959203,-0.030756735466800873,-0.007788662941677574,-0.0238793829546079,-0.9691238404578504,-0.2454154781710678,1.1944217563977836e-05,-8.080992028387935e-14,7484.538922892781,-1319.726150268671,0.0,0.0,0.0,0.0,0.0,0.0,0.0,0.0,0.0,0,True,250.0
b712773f15e0f684,20270301_h250_r0_p90_y80_TPMC_N400000_S101,101,sample,2941,triangle_2941,body,0.18833477807957047,0.028802925717685123,-0.013007934407975734,-0.04322793860373995,0.9208119583339907,-0.3876037702515189,2.2366913279237242e-05,-8.080992028387935e-14,7484.538922892781,-1319.726150268671,0.0,0.0,0.0,0.0,0.0,0.0,0.0,0.0,0.0,0,True,250.0
b712773f15e0f684,20270301_h250_r0_p90_y80_TPMC_N400000_S101,101,sample,2942,triangle_2942,body,0.2067158892364542,-0.027961057226190852,-0.014989206060036406,0.018615692104761966,-0.8772222890168917,-0.47972336993253245,1.4070946471577957e-05,-8.080992028387935e-14,7484.538922892781,-1319.726150268671,-2.7099741163436318e-09,6.985732965473118e-08,-1.2706972351265784e-08,1.3740104190207556e-09,2.673481826183503e-09,1.4369816304865342e-08,1.3740104190207556e-09,2.673481826183503e-09,1.4369816304865342e-08,3,False,250.0
b712773f15e0f684,20270301_h250_r0_p90_y80_TPMC_N400000_S101,101,sample,2943,triangle_2943,body,0.2100023385767901,-0.029991341097226305,-0.010340844427226584,-0.025314449261960078,-0.9447677555715992,-0.3267614828751493,1.2099550606778398e-05,-8.080992028387935e-14,7484.538922892781,-1319.726150268671,-4.900226875481733e-09,9.188691467437964e-08,-1.2294951229358016e-08,1.2456082524137627e-09,2.622529833640721e-09,1.9151733012421784e-08,1.2456082524137627e-09,2.622529833640721e-09,1.9151733012421784e-08,5,False,250.0
b712773f15e0f684,20270301_h250_r0_p90_y80_TPMC_N400000_S101,101,sample,2944,triangle_2944,body,0.19995658838111072,-0.028441579683830275,-0.01392297771136033,-0.03675576333063326,-0.9033628955576003,-0.42729906715527793,1.7169599616214863e-05,-8.080992028387935e-14,7484.538922892781,-1319.726150268671,8.85560540243042e-10,5.473418365831218e-08,-6.296762011909481e-09,8.796158255013778e-10,1.2504996276381663e-09,1.1003651613244095e-08,8.796158255013778e-10,1.2504996276381663e-09,1.1003651613244095e-08,3,False,250.0
b712773f15e0f684,20270301_h250_r0_p90_y80_TPMC_N400000_S101,101,sample,2945,triangle_2945,body,0.18074935492632338,-0.0277587091535028,-0.015357779249448943,-0.02765757703164468,-0.8787950994218962,-0.4763971364993689,9.61551984417282e-06,-8.080992028387935e-14,7484.538922892781,-1319.726150268671,-3.835367760582461e-10,5.242836651244318e-08,-1.139877787157151e-08,1.1258406527632948e-09,2.08066831612585e-09,9.532989217014814e-09,1.1258406527632948e-09,2.08066831612585e-09,9.532989217014814e-09,2,False,250.0
b712773f15e0f684,20270301_h250_r0_p90_y80_TPMC_N400000_S101,101,sample,2946,triangle_2946,body,0.17803140564134035,-0.030008502963504394,-0.010301931704800918,0.023879382805507814,-0.9455475427508677,-0.32460686911189035,1.194421777602782e-05,-8.080992028387935e-14,7484.538922892781,-1319.726150268671,-1.9629135687391768e-09,3.689821692833855e-08,-8.27831554284754e-09,5.86251844850043e-10,1.499079988790449e-09,6.552376936561591e-09,5.86251844850043e-10,1.499079988790449e-09,6.552376936561591e-09,2,False,250.0
b712773f15e0f684,20270301_h250_r0_p90_y80_TPMC_N400000_S101,101,sample,2947,triangle_2947,body,0.20999134645392825,0.029997035419917193,-0.010327979954374908,-0.024837304284673598,0.9449852544779727,-0.32616863297238086,1.2048360636644695e-05,-8.080992028387935e-14,7484.538922892781,-1319.726150268671,0.0,0.0,0.0,0.0,0.0,0.0,0.0,0.0,0.0,0,True,250.0
b712773f15e0f684,20270301_h250_r0_p90_y80_TPMC_N400000_S101,101,sample,2948,triangle_2948,body,0.17804526547771427,0.030000319570219012,-0.010320539440431152,0.024324012625829984,0.9453480747898035,-0.325154363189225,1.213654709172326e-05,-8.080992028387935e-14,7484.538922892781,-1319.726150268671,0.0,0.0,0.0,0.0,0.0,0.0,0.0,0.0,0.0,0,True,250.0
b712773f15e0f684,20270301_h250_r0_p90_y80_TPMC_N400000_S101,101,sample,2949,triangle_2949,body,0.20515772057702542,-0.03147564284049038,-0.0026021460792424963,-7.253635743244042e-16,-0.9923205802489223,-0.12369262716282661,7.473508533257398e-05,-8.080992028387935e-14,7484.538922892781,-1319.726150268671,7.519158134706624e-09,2.0172206418922616e-07,-4.401197598325613e-08,2.034190467704779e-09,8.961738563181449e-09,4.141966483459333e-08,2.034190467704779e-09,8.961738563181449e-09,4.141966483459333e-08,9,False,250.0
b712773f15e0f684,20270301_h250_r0_p90_y80_TPMC_N400000_S101,101,sample,2950,triangle_2950,body,0.18545934797689148,0.03140604741090078,-0.002862969830380268,7.198857444680479e-16,0.9906650951268982,-0.13631826472345476,8.236349554555279e-05,-8.080992028387935e-14,7484.538922892781,-1319.726150268671,0.0,0.0,0.0,0.0,0.0,0.0,0.0,0.0,0.0,0,True,250.0
b712773f15e0f684,20270301_h250_r0_p90_y80_TPMC_N400000_S101,101,sample,2951,triangle_2951,body,0.20515096386704168,0.03147564284048587,-0.002602146079259808,-7.253635743193147e-16,0.9923205802488168,-0.12369262716367473,7.473508533309837e-05,-8.080992028387935e-14,7484.538922892781,-1319.726150268671,0.0,0.0,0.0,0.0,0.0,0.0,0.0,0.0,0.0,0,True,250.0
b712773f15e0f684,20270301_h250_r0_p90_y80_TPMC_N400000_S101,101,sample,2952,triangle_2952,body,0.2114910539103536,-0.03133107266552909,-0.004346848682483346,-0.07163107565047225,-0.9940244621108452,-0.08236721269049478,1.1918197408487213e-05,-8.080992028387935e-14,7484.538922892781,-1319.726150268671,1.0197795335574403e-09,3.2181663667546935e-08,-7.308641171747549e-09,3.6968220205182444e-10,1.5464840370146322e-09,6.86038275745618e-09,3.6968220205182444e-10,1.5464840370146322e-09,6.86038275745618e-09,2,False,250.0
b712773f15e0f684,20270301_h250_r0_p90_y80_TPMC_N400000_S101,101,sample,2953,triangle_2953,body,0.1806349607331819,0.031081690251383173,-0.005465115909056442,0.014937405619964072,0.9932364009765992,-0.1151448031323912,2.9070537087765424e-05,-8.080992028387935e-14,7484.538922892781,-1319.726150268671,0.0,0.0,0.0,0.0,0.0,0.0,0.0,0.0,0.0,0,True,250.0
b712773f15e0f684,20270301_h250_r0_p90_y80_TPMC_N400000_S101,101,sample,2954,triangle_2954,body,0.18284903613294057,-0.03147564284048233,-0.0026021460792459692,7.253635743231685e-16,-0.9923205802485661,-0.12369262716568576,7.473508533270131e-05,-8.080992028387935e-14,7484.538922892781,-1319.726150268671,-3.1254880981957317e-09,2.1967981751416265e-07,-2.8776353900067082e-08,1.4533769291941641e-09,5.286856169360046e-09,4.027771249707068e-08,1.4533769291941641e-09,5.286856169360046e-09,4.027771249707068e-08,9,False,250.0
b712773f15e0f684,20270301_h250_r0_p90_y80_TPMC_N400000_S101,101,sample,2955,triangle_2955,body,0.19278191407265596,-0.02902543663979173,-0.012795059814929071,0.01238542406827645,-0.907413826169522,-0.4200556502977166,2.5311684606466852e-05,-8.080992028387935e-14,7484.538922892781,-1319.726150268671,2.466659840182916e-09,1.4944405954047854e-07,-1.9562192005483815e-08,2.493041838851026e-09,3.746886167406835e-09,2.893222404956684e-08,2.493041838851026e-09,3.746886167406835e-09,2.893222404956684e-08,7,False,250.0
b712773f15e0f684,20270301_h250_r0_p90_y80_TPMC_N400000_S101,101,sample,2956,triangle_2956,body,0.21299999999994557,0.01787832953672952,-0.01854085736974585,1.0,5.968230790943874e-16,-2.9409000698467954e-12,1.2097396652023485e-05,-8.080992028387935e-14,7484.538922892781,-1319.726150268671,0.0,0.0,0.0,0.0,0.0,0.0,0.0,0.0,0.0,0,True,250.0
b712773f15e0f684,20270301_h250_r0_p90_y80_TPMC_N400000_S101,101,sample,2957,triangle_2957,body,0.21299999999995203,0.01966568548428949,-0.016334507919801095,1.0,-7.406724124447549e-15,-2.9500191973957425e-12,1.109680223312924e-05,-8.080992028387935e-14,7484.538922892781,-1319.726150268671,0.0,0.0,0.0,0.0,0.0,0.0,0.0,0.0,0.0,0,True,250.0
b712773f15e0f684,20270301_h250_r0_p90_y80_TPMC_N400000_S101,101,sample,2958,triangle_2958,body,0.21299999999999056,0.023046101966676526,-0.0032105010034071475,1.0,1.5126423689375742e-14,-2.9350738633708893e-12,1.3968659386521917e-05,-8.080992028387935e-14,7484.538922892781,-1319.726150268671,0.0,0.0,0.0,0.0,0.0,0.0,0.0,0.0,0.0,0,True,250.0
b712773f15e0f684,20270301_h250_r0_p90_y80_TPMC_N400000_S101,101,sample,2959,triangle_2959,body,0.21299999999996064,0.01919250626982758,-0.013421462645284647,1.0,-8.661446374986356e-15,-2.9360617351783654e-12,1.3729841355580544e-05,-8.080992028387935e-14,7484.538922892781,-1319.726150268671,0.0,0.0,0.0,0.0,0.0,0.0,0.0,0.0,0.0,0,True,250.0
b712773f15e0f684,20270301_h250_r0_p90_y80_TPMC_N400000_S101,101,sample,2960,triangle_2960,body,0.21299999999999933,0.023468589487067443,-0.0002197063137405757,0.9999999999999999,1.521683638340324e-14,-2.934379599986404e-12,1.3795499739923708e-05,-8.080992028387935e-14,7484.538922892781,-1319.726150268671,0.0,0.0,0.0,0.0,0.0,0.0,0.0,0.0,0.0,0,True,250.0
b712773f15e0f684,20270301_h250_r0_p90_y80_TPMC_N400000_S101,101,sample,2961,triangle_2961,body,0.21299999999998517,-0.028146348888224062,-0.005047037106846173,1.0,-8.006709210343973e-15,-2.928486884070364e-12,1.32431726176384e-05,-8.080992028387935e-14,7484.538922892781,-1319.726150268671,0.0,0.0,0.0,0.0,0.0,0.0,0.0,0.0,0.0,0,True,250.0
b712773f15e0f684,20270301_h250_r0_p90_y80_TPMC_N400000_S101,101,sample,2962,triangle_2962,body,0.2129999999999356,-0.008988596695214198,-0.021941767673563355,1.0,-1.6476743107860196e-14,-2.9512365645033913e-12,1.53134987553867e-05,-8.080992028387935e-14,7484.538922892781,-1319.726150268671,0.0,0.0,0.0,0.0,0.0,0.0,0.0,0.0,0.0,0,True,250.0
b712773f15e0f684,20270301_h250_r0_p90_y80_TPMC_N400000_S101,101,sample,2963,triangle_2963,body,0.21299999999994593,0.01516773164620499,-0.01841830162666948,1.0,-2.8232446870117814e-16,-2.94093426554413e-12,1.2724414164983771e-05,-8.080992028387935e-14,7484.538922892781,-1319.726150268671,0.0,0.0,0.0,0.0,0.0,0.0,0.0,0.0,0.0,0,True,250.0
b712773f15e0f684,20270301_h250_r0_p90_y80_TPMC_N400000_S101,101,sample,2964,triangle_2964,body,0.2130000000000135,-0.025209127548390966,0.00460897947300009,1.0,7.401842842412034e-15,-2.9284483196658313e-12,1.2280021278557596e-05,-8.080992028387935e-14,7484.538922892781,-1319.726150268671,-4.36555389337676e-09,3.140697362026078e-08,-5.193294128796255e-09,-2.1529179670936095e-11,1.0849721678546169e-09,6.579577085609996e-09,-2.1529179670936095e-11,1.0849721678546169e-09,6.579577085609996e-09,1,False,250.0
b712773f15e0f684,20270301_h250_r0_p90_y80_TPMC_N400000_S101,101,sample,2965,triangle_2965,body,0.2129999999999306,0.0010358307270731725,-0.02363471804720375,1.0,-3.4937468679598824e-15,-2.9405390128775592e-12,1.5470485341669217e-05,-8.080992028387935e-14,7484.538922892781,-1319.726150268671,0.0,0.0,0.0,0.0,0.0,0.0,0.0,0.0,0.0,0,True,250.0
b712773f15e0f684,20270301_h250_r0_p90_y80_TPMC_N400000_S101,101,sample,2966,triangle_2966,body,0.21300000000000663,-0.02430682699282265,0.0022560062570493662,1.0,8.701629135733044e-15,-2.932148968180018e-12,1.0905635764969394e-05,-8.080992028387935e-14,7484.538922892781,-1319.726150268671,0.0,0.0,0.0,0.0,0.0,0.0,0.0,0.0,0.0,0,True,250.0
b712773f15e0f684,20270301_h250_r0_p90_y80_TPMC_N400000_S101,101,sample,2967,triangle_2967,body,0.21299999999996475,0.02758302895023691,-0.012011731779257753,0.9999999999999999,2.7741973231762018e-15,-2.95585076243147e-12,1.2656330939005658e-05,-8.080992028387935e-14,7484.538922892781,-1319.726150268671,0.0,0.0,0.0,0.0,0.0,0.0,0.0,0.0,0.0,0,True,250.0
b712773f15e0f684,20270301_h250_r0_p90_y80_TPMC_N400000_S101,101,sample,2968,triangle_2968,body,0.21299999999993172,-0.011407150150924328,-0.023265151257019872,1.0,1.2952851773556876e-14,-2.9359357438025537e-12,1.255247063884826e-05,-8.080992028387935e-14,7484.538922892781,-1319.726150268671,0.0,0.0,0.0,0.0,0.0,0.0,0.0,0.0,0.0,0,True,250.0
b712773f15e0f684,20270301_h250_r0_p90_y80_TPMC_N400000_S101,101,sample,2969,triangle_2969,body,0.21299999999992447,0.0030150436789508385,-0.02573267626791347,1.0,-3.763497606042939e-15,-2.940271421525311e-12,1.1861820557292314e-05,-8.080992028387935e-14,7484.538922892781,-1319.726150268671,0.0,0.0,0.0,0.0,0.0,0.0,0.0,0.0,0.0,0,True,250.0
b712773f15e0f684,20270301_h250_r0_p90_y80_TPMC_N400000_S101,101,sample,2970,triangle_2970,body,0.21300000000006267,0.014182704924778362,0.021346432457631574,1.0,-6.322981449113993e-15,-2.9260534587904775e-12,1.2245518794942106e-05,-8.080992028387935e-14,7484.538922892781,-1319.726150268671,0.0,0.0,0.0,0.0,0.0,0.0,0.0,0.0,0.0,0,True,250.0
b712773f15e0f684,20270301_h250_r0_p90_y80_TPMC_N400000_S101,101,sample,2971,triangle_2971,body,0.2129999999999773,-0.029155253548309095,-0.007741701508147024,1.0,-5.724364083928232e-15,-2.9234707699683854e-12,1.2036121932818309e-05,-8.080992028387935e-14,7484.538922892781,-1319.726150268671,0.0,0.0,0.0,0.0,0.0,0.0,0.0,0.0,0.0,0,True,250.0
b712773f15e0f684,20270301_h250_r0_p90_y80_TPMC_N400000_S101,101,sample,2972,triangle_2972,body,0.21300000000007246,0.003139456781987632,0.024689854505090442,1.0,3.884739785562266e-15,-2.9180767064464808e-12,1.1919014555527143e-05,-8.080992028387935e-14,7484.538922892781,-1319.726150268671,0.0,0.0,0.0,0.0,0.0,0.0,0.0,0.0,0.0,0,True,250.0
b712773f15e0f684,20270301_h250_r0_p90_y80_TPMC_N400000_S101,101,sample,2973,triangle_2973,body,0.2130000000000634,0.011710660141746342,0.02159842043639942,1.0,1.5875951318424396e-15,-2.927109260997785e-12,1.0600845766036677e-05,-8.080992028387935e-14,7484.538922892781,-1319.726150268671,0.0,0.0,0.0,0.0,0.0,0.0,0.0,0.0,0.0,0,True,250.0
b712773f15e0f684,20270301_h250_r0_p90_y80_TPMC_N400000_S101,101,sample,2974,triangle_2974,body,0.21300000000007793,0.0013304470950290697,0.026551634169881766,1.0,1.8727170266214568e-14,-2.9385410399552355e-12,9.034786966985471e-06,-8.080992028387935e-14,7484.538922892781,-1319.726150268671,-1.6281946767253608e-09,1.6674061511600744e-08,-2.9805176006518217e-09,-4.5242088997780955e-10,5.911154520062719e-10,3.5540554062136267e-09,-4.5242088997780955e-10,5.911154520062719e-10,3.5540554062136267e-09,1,False,250.0
b712773f15e0f684,20270301_h250_r0_p90_y80_TPMC_N400000_S101,101,sample,2975,triangle_2975,body,0.2129999999999861,-0.025145603458627208,-0.004733717246448052,1.0,-3.021104913202585e-15,-2.927542182021227e-12,1.165440324997689e-05,-8.080992028387935e-14,7484.538922892781,-1319.726150268671,0.0,0.0,0.0,0.0,0.0,0.0,0.0,0.0,0.0,0,True,250.0
b712773f15e0f684,20270301_h250_r0_p90_y80_TPMC_N400000_S101,101,sample,2976,triangle_2976,body,0.2129999999999257,0.0059306707584785056,-0.02532747842625199,1.0,-4.039139196558008e-15,-2.940287577308186e-12,1.0323671375872302e-05,-8.080992028387935e-14,7484.538922892781,-1319.726150268671,0.0,0.0,0.0,0.0,0.0,0.0,0.0,0.0,0.0,0,True,250.0
b712773f15e0f684,20270301_h250_r0_p90_y80_TPMC_N400000_S101,101,sample,2977,triangle_2977,body,0.21300000000001662,0.02383409174904035,0.005670990580542824,1.0,-6.199832855433843e-15,-2.939147756928268e-12,1.1692504902148573e-05,-8.080992028387935e-14,7484.538922892781,-1319.726150268671,0.0,0.0,0.0,0.0,0.0,0.0,0.0,0.0,0.0,0,True,250.0
b712773f15e0f684,20270301_h250_r0_p90_y80_TPMC_N400000_S101,101,sample,2978,triangle_2978,body,0.21299999999996036,0.02490190994571238,-0.013503443394484109,1.0,2.1193499587562264e-14,-2.9426741970494553e-12,1.2984449359655468e-05,-8.080992028387935e-14,7484.538922892781,-1319.726150268671,0.0,0.0,0.0,0.0,0.0,0.0,0.0,0.0,0.0,0,True,250.0
b712773f15e0f684,20270301_h250_r0_p90_y80_TPMC_N400000_S101,101,sample,2979,triangle_2979,body,0.21300000000007327,-0.0032560847056109653,0.02496780162060555,1.0,7.096958098724054e-15,-2.9137483467941844e-12,8.915943508643466e-06,-8.080992028387935e-14,7484.538922892781,-1319.726150268671,0.0,0.0,0.0,0.0,0.0,0.0,0.0,0.0,0.0,0,True,250.0
b712773f15e0f684,20270301_h250_r0_p90_y80_TPMC_N400000_S101,101,sample,2980,triangle_2980,body,0.21299999999994546,-0.008839789127739582,-0.01859352101247761,1.0,-1.1154918126100646e-14,-2.9195839663063744e-12,1.3083642138652703e-05,-8.080992028387935e-14,7484.538922892781,-1319.726150268671,0.0,0.0,0.0,0.0,0.0,0.0,0.0,0.0,0.0,0,True,250.0
b712773f15e0f684,20270301_h250_r0_p90_y80_TPMC_N400000_S101,101,sample,2981,triangle_2981,body,0.21300000000006616,-0.010197572146689534,0.02253249824598363,1.0,-1.1160447878308947e-14,-2.9412887080708864e-12,1.0519698696112865e-05,-8.080992028387935e-14,7484.538922892781,-1319.726150268671,0.0,0.0,0.0,0.0,0.0,0.0,0.0,0.0,0.0,0,True,250.0
b712773f15e0f684,20270301_h250_r0_p90_y80_TPMC_N400000_S101,101,sample,2982,triangle_2982,body,0.21299999999998512,0.02517876692071677,-0.005051360001854841,1.0,1.7819082888528196e-14,-2.937919660511126e-12,1.0751644214237388e-05,-8.080992028387935e-14,7484.538922892781,-1319.726150268671,0.0,0.0,0.0,0.0,0.0,0.0,0.0,0.0,0.0,0,True,250.0
b712773f15e0f684,20270301_h250_r0_p90_y80_TPMC_N400000_S101,101,sample,2983,triangle_2983,body,0.21300000000007788,-0.0014892878066739685,0.02652573759872534,1.0,-1.105429816406074e-14,-2.9373968672019666e-12,8.820984651949203e-06,-8.080992028387935e-14,7484.538922892781,-1319.726150268671,-1.2694500732778334e-09,1.934080079436199e-08,-6.132891625956338e-09,-5.265707169128897e-10,1.2713836336145434e-09,4.118454126797551e-09,-5.265707169128897e-10,1.2713836336145434e-09,4.118454126797551e-09,1,False,250.0
b712773f15e0f684,20270301_h250_r0_p90_y80_TPMC_N400000_S101,101,sample,2984,triangle_2984,body,0.2129999999999315,0.00743732216969878,-0.023339534306164065,1.0,7.160331139637757e-15,-2.925586258522643e-12,9.878896913108971e-06,-8.080992028387935e-14,7484.538922892781,-1319.726150268671,0.0,0.0,0.0,0.0,0.0,0.0,0.0,0.0,0.0,0,True,250.0
b712773f15e0f684,20270301_h250_r0_p90_y80_TPMC_N400000_S101,101,sample,2985,triangle_2985,body,0.2129999999999376,0.01398636538404892,-0.021262819517506696,1.0,1.569729812998815e-14,-2.9172906266568698e-12,1.0628443850349092e-05,-8.080992028387935e-14,7484.538922892781,-1319.726150268671,0.0,0.0,0.0,0.0,0.0,0.0,0.0,0.0,0.0,0,True,250.0
b712773f15e0f684,20270301_h250_r0_p90_y80_TPMC_N400000_S101,101,sample,2986,triangle_2986,body,0.21299999999997285,0.0271993990409297,-0.00925284599447243,1.0,4.457903654240469e-16,-2.9056524996894043e-12,9.718805555900825e-06,-8.080992028387935e-14,7484.538922892781,-1319.726150268671,0.0,0.0,0.0,0.0,0.0,0.0,0.0,0.0,0.0,0,True,250.0
b712773f15e0f684,20270301_h250_r0_p90_y80_TPMC_N400000_S101,101,sample,2987,triangle_2987,body,0.21300000000000288,0.025980664391773777,0.0009977192918738497,1.0,-4.806136734418257e-15,-2.94657438760575e-12,1.0271002574119451e-05,-8.080992028387935e-14,7484.538922892781,-1319.726150268671,-2.7335665806202032e-09,3.4954692998758054e-08,-7.025838419406838e-09,-1.449140302873878e-10,1.4998051987215547e-09,7.51815787331604e-09,-1.449140302873878e-10,1.4998051987215547e-09,7.51815787331604e-09,1,False,250.0
b712773f15e0f684,20270301_h250_r0_p90_y80_TPMC_N400000_S101,101,sample,2988,triangle_2988,body,0.21300000000001965,-0.023374804033601457,0.006711132052265787,1.0,1.1033486415084317e-14,-2.9222473144358495e-12,9.294359141806515e-06,-8.080992028387935e-14,7484.538922892781,-1319.726150268671,0.0,0.0,0.0,0.0,0.0,0.0,0.0,0.0,0.0,0,True,250.0
b712773f15e0f684,20270301_h250_r0_p90_y80_TPMC_N400000_S101,101,sample,2989,triangle_2989,body,0.21299999999996244,-0.020627057698299898,-0.012799904329516375,1.0,-3.848981419276898e-15,-2.949019401079403e-12,1.0544364630875196e-05,-8.080992028387935e-14,7484.538922892781,-1319.726150268671,0.0,0.0,0.0,0.0,0.0,0.0,0.0,0.0,0.0,0,True,250.0
b712773f15e0f684,20270301_h250_r0_p90_y80_TPMC_N400000_S101,101,sample,2990,triangle_2990,body,0.21299999999996425,-0.023088228265721322,-0.012186519805428543,1.0,-1.4851759613456792e-16,-2.9502798001231313e-12,9.576121182288333e-06,-8.080992028387935e-14,7484.538922892781,-1319.726150268671,0.0,0.0,0.0,0.0,0.0,0.0,0.0,0.0,0.0,0,True,250.0
b712773f15e0f684,20270301_h250_r0_p90_y80_TPMC_N400000_S101,101,sample,2991,triangle_2991,body,0.21300000000005528,0.015214891168069613,0.018831706014933863,1.0,-9.424346476392742e-18,-2.9353827913511114e-12,9.102375936990461e-06,-8.080992028387935e-14,7484.538922892781,-1319.726150268671,0.0,0.0,0.0,0.0,0.0,0.0,0.0,0.0,0.0,0,True,250.0
b712773f15e0f684,20270301_h250_r0_p90_y80_TPMC_N400000_S101,101,sample,2992,triangle_2992,body,0.21299999999992858,-0.001839849653862259,-0.024322434907022048,1.0,-6.028702047474985e-15,-2.941064101646056e-12,1.055969604106311e-05,-8.080992028387935e-14,7484.538922892781,-1319.726150268671,0.0,0.0,0.0,0.0,0.0,0.0,0.0,0.0,0.0,0,True,250.0
b712773f15e0f684,20270301_h250_r0_p90_y80_TPMC_N400000_S101,101,sample,2993,triangle_2993,body,0.21299999999994865,-0.005906006291091712,-0.017504809938203972,1.0,1.7621925924768584e-14,-2.907766594331807e-12,1.2315347837405138e-05,-8.080992028387935e-14,7484.538922892781,-1319.726150268671,0.0,0.0,0.0,0.0,0.0,0.0,0.0,0.0,0.0,0,True,250.0
b712773f15e0f684,20270301_h250_r0_p90_y80_TPMC_N400000_S101,101,sample,2994,triangle_2994,body,0.21299999999995137,-0.011213813434200822,-0.0165624583849495,0.9999999999999999,2.3457786802955186e-15,-2.9313930591174584e-12,1.2223301068959647e-05,-8.080992028387935e-14,7484.538922892781,-1319.726150268671,0.0,0.0,0.0,0.0,0.0,0.0,0.0,0.0,0.0,0,True,250.0
b712773f15e0f684,20270301_h250_r0_p90_y80_TPMC_N400000_S101,101,sample,2995,triangle_2995,body,0.21299999999993738,0.011501017395085524,-0.021332107207575945,1.0,-1.9256570274569943e-14,-2.920529231241233e-12,9.204496106602226e-06,-8.080992028387935e-14,7484.538922892781,-1319.726150268671,0.0,0.0,0.0,0.0,0.0,0.0,0.0,0.0,0.0,0,True,250.0
b712773f15e0f684,20270301_h250_r0_p90_y80_TPMC_N400000_S101,101,sample,2996,triangle_2996,body,0.212999999999943,-0.003539963266573208,-0.019414247544901963,1.0,2.4459359588797938e-14,-2.9129464163499623e-12,1.175947064071706e-05,-8.080992028387935e-14,7484.538922892781,-1319.726150268671,0.0,0.0,0.0,0.0,0.0,0.0,0.0,0.0,0.0,0,True,250.0
b712773f15e0f684,20270301_h250_r0_p90_y80_TPMC_N400000_S101,101,sample,2997,triangle_2997,body,0.21299999999995753,-0.00549962179076836,-0.014475990828054735,1.0,1.1300795871408596e-14,-2.9492863627525374e-12,1.200468366934794e-05,-8.080992028387935e-14,7484.538922892781,-1319.726150268671,0.0,0.0,0.0,0.0,0.0,0.0,0.0,0.0,0.0,0,True,250.0
b712773f15e0f684,20270301_h250_r0_p90_y80_TPMC_N400000_S101,101,sample,2998,triangle_2998,body,0.21300000000003094,0.021898531541337682,0.010538342056355697,0.9999999999999999,-1.3455097819940518e-14,-2.9378735102845194e-12,1.2754127097312596e-05,-8.080992028387935e-14,7484.538922892781,-1319.726150268671,0.0,0.0,0.0,0.0,0.0,0.0,0.0,0.0,0.0,0,True,250.0
b712773f15e0f684,20270301_h250_r0_p90_y80_TPMC_N400000_S101,101,sample,2999,triangle_2999,body,0.21300000000007044,-0.012039575953659442,0.023990445760698777,1.0,-6.167424442225498e-15,-2.9450814399060776e-12,8.712982495540936e-06,-8.080992028387935e-14,7484.538922892781,-1319.726150268671,0.0,0.0,0.0,0.0,0.0,0.0,0.0,0.0,0.0,0,True,250.0
b712773f15e0f684,20270301_h250_r0_p90_y80_TPMC_N400000_S101,101,sample,3000,triangle_3000,body,0.21300000000004707,0.01872467429082905,0.0160371027896998,1.0,1.5929185537642038e-14,-2.938144401967246e-12,1.0079669488693062e-05,-8.080992028387935e-14,7484.538922892781,-1319.726150268671,0.0,0.0,0.0,0.0,0.0,0.0,0.0,0.0,0.0,0,True,250.0
b712773f15e0f684,20270301_h250_r0_p90_y80_TPMC_N400000_S101,101,sample,3001,triangle_3001,body,0.21299999999996078,-0.002676343344305925,-0.01336579443707324,0.9999999999999999,-3.1253546831333276e-15,-2.9551139354838048e-12,1.1928507792084885e-05,-8.080992028387935e-14,7484.538922892781,-1319.726150268671,0.0,0.0,0.0,0.0,0.0,0.0,0.0,0.0,0.0,0,True,250.0
b712773f15e0f684,20270301_h250_r0_p90_y80_TPMC_N400000_S101,101,sample,3002,triangle_3002,body,0.21300000000002475,0.024291925569666625,0.008434553802076306,0.9999999999999999,-7.0858168562917465e-15,-2.9442379240215516e-12,1.1027519552245073e-05,-8.080992028387935e-14,7484.538922892781,-1319.726150268671,0.0,0.0,0.0,0.0,0.0,0.0,0.0,0.0,0.0,0,True,250.0
b712773f15e0f684,20270301_h250_r0_p90_y80_TPMC_N400000_S101,101,sample,3003,triangle_3003,body,0.21299999999996963,-0.002254691962945272,-0.010365416473146045,1.0,-9.166240538528533e-17,-2.9340342546471914e-12,1.1920046671712464e-05,-8.080992028387935e-14,7484.538922892781,-1319.726150268671,0.0,0.0,0.0,0.0,0.0,0.0,0.0,0.0,0.0,0,True,250.0
b712773f15e0f684,20270301_h250_r0_p90_y80_TPMC_N400000_S101,101,sample,3004,triangle_3004,body,0.2129999999999729,0.0005564307248800375,-0.009238131169599362,1.0,2.8704004496982396e-15,-2.93284319585721e-12,1.1935731754052084e-05,-8.080992028387935e-14,7484.538922892781,-1319.726150268671,0.0,0.0,0.0,0.0,0.0,0.0,0.0,0.0,0.0,0,True,250.0
b712773f15e0f684,20270301_h250_r0_p90_y80_TPMC_N400000_S101,101,sample,3005,triangle_3005,body,0.21299999999998173,0.000983471719549737,-0.006237367490700352,1.0,2.9661289205264453e-15,-2.932173019603873e-12,1.1938732384841817e-05,-8.080992028387935e-14,7484.538922892781,-1319.726150268671,0.0,0.0,0.0,0.0,0.0,0.0,0.0,0.0,0.0,0,True,250.0
b712773f15e0f684,20270301_h250_r0_p90_y80_TPMC_N400000_S101,101,sample,3006,triangle_3006,body,0.2129999999999674,0.002942091170909116,-0.011108415098440502,1.0,9.495145460841161e-15,-2.9380401971469074e-12,1.1929008347999694e-05,-8.080992028387935e-14,7484.538922892781,-1319.726150268671,0.0,0.0,0.0,0.0,0.0,0.0,0.0,0.0,0.0,0,True,250.0
b712773f15e0f684,20270301_h250_r0_p90_y80_TPMC_N400000_S101,101,sample,3007,triangle_3007,body,0.2129999999999872,-0.0014024703600489425,-0.004365987057197305,1.0,3.64892437309188e-15,-2.932708645496907e-12,1.1938885702889713e-05,-8.080992028387935e-14,7484.538922892781,-1319.726150268671,0.0,0.0,0.0,0.0,0.0,0.0,0.0,0.0,0.0,0,True,250.0
b712773f15e0f684,20270301_h250_r0_p90_y80_TPMC_N400000_S101,101,sample,3008,triangle_3008,body,0.21299999999996844,0.010988316041498263,-0.010765029060599502,1.0,-1.7469730203580695e-14,-2.9259575417898604e-12,1.2237150767969237e-05,-8.080992028387935e-14,7484.538922892781,-1319.726150268671,0.0,0.0,0.0,0.0,0.0,0.0,0.0,0.0,0.0,0,True,250.0
b712773f15e0f684,20270301_h250_r0_p90_y80_TPMC_N400000_S101,101,sample,3009,triangle_3009,body,0.212999999999996,-0.0009752008554354462,-0.001364896930840776,1.0,3.764959394560473e-15,-2.9318946533402302e-12,1.1942607035314678e-05,-8.080992028387935e-14,7484.538922892781,-1319.726150268671,0.0,0.0,0.0,0.0,0.0,0.0,0.0,0.0,0.0,0,True,250.0
b712773f15e0f684,20270301_h250_r0_p90_y80_TPMC_N400000_S101,101,sample,3010,triangle_3010,body,0.2130000000000015,-0.003361111944680264,0.0005064983094271175,1.0,3.706533562508975e-15,-2.9318488193762066e-12,1.1942511982285374e-05,-8.080992028387935e-14,7484.538922892781,-1319.726150268671,-2.380013960912696e-09,1.8609119673206556e-08,-3.945796227402566e-09,9.17332966916093e-12,8.393172980197773e-10,3.9528456339543425e-09,9.17332966916093e-12,8.393172980197773e-10,3.9528456339543425e-09,1,False,250.0
b712773f15e0f684,20270301_h250_r0_p90_y80_TPMC_N400000_S101,101,sample,3011,triangle_3011,body,0.2129999999999993,0.001838393661747412,-0.00023470577627844572,1.0,3.8230017602417595e-15,-2.931871327100284e-12,1.1942745048782565e-05,-8.080992028387935e-14,7484.538922892781,-1319.726150268671,-2.7374030577834087e-09,1.6904954947748784e-08,-2.1201015917666154e-09,-3.895490190099998e-13,4.517666134375995e-10,3.6027332979693724e-09,-3.895490190099998e-13,4.517666134375995e-10,3.6027332979693724e-09,1,False,250.0
b712773f15e0f684,20270301_h250_r0_p90_y80_TPMC_N400000_S101,101,sample,3012,triangle_3012,body,0.2130000000000103,-0.0029333116163575007,0.0035082249518495544,1.0,3.753602970494445e-15,-2.931518684909295e-12,1.1943994647907e-05,-8.080992028387935e-14,7484.538922892781,-1319.726150268671,0.0,0.0,0.0,0.0,0.0,0.0,0.0,0.0,0.0,0,True,250.0
b712773f15e0f684,20270301_h250_r0_p90_y80_TPMC_N400000_S101,101,sample,3013,triangle_3013,body,0.21299999999991634,-0.009788991449023636,-0.028520798486520515,0.9999999999999999,4.383204909178454e-15,-2.9168613634553323e-12,1.2112088519372757e-05,-8.080992028387935e-14,7484.538922892781,-1319.726150268671,0.0,0.0,0.0,0.0,0.0,0.0,0.0,0.0,0.0,0,True,250.0
b712773f15e0f684,20270301_h250_r0_p90_y80_TPMC_N400000_S101,101,sample,3014,triangle_3014,body,0.21299999999991606,0.009758717253135244,-0.028593368393898186,1.0,3.5273902488125055e-15,-2.939904144857725e-12,1.1648796084064081e-05,-8.080992028387935e-14,7484.538922892781,-1319.726150268671,0.0,0.0,0.0,0.0,0.0,0.0,0.0,0.0,0.0,0,True,250.0
b712773f15e0f684,20270301_h250_r0_p90_y80_TPMC_N400000_S101,101,sample,3015,triangle_3015,body,0.21300000000008423,0.009847846254778416,0.028692857177815667,1.0,-2.7471164738339963e-15,-2.9376312845175876e-12,1.0679491360468142e-05,-8.080992028387935e-14,7484.538922892781,-1319.726150268671,0.0,0.0,0.0,0.0,0.0,0.0,0.0,0.0,0.0,0,True,250.0
b712773f15e0f684,20270301_h250_r0_p90_y80_TPMC_N400000_S101,101,sample,3016,triangle_3016,body,0.2130000000000837,-0.010018829057144248,0.028518197663350953,1.0,-1.3699827842474791e-16,-2.929230143464766e-12,1.1543542109626277e-05,-8.080992028387935e-14,7484.538922892781,-1319.726150268671,0.0,0.0,0.0,0.0,0.0,0.0,0.0,0.0,0.0,0,True,250.0
b712773f15e0f684,20270301_h250_r0_p90_y80_TPMC_N400000_S101,101,sample,3017,triangle_3017,body,0.2130000000000599,0.02232464226079244,0.020410533158312014,1.0,1.5816962770844148e-15,-2.943579932204023e-12,1.136754998296592e-05,-8.080992028387935e-14,7484.538922892781,-1319.726150268671,0.0,0.0,0.0,0.0,0.0,0.0,0.0,0.0,0.0,0,True,250.0
b712773f15e0f684,20270301_h250_r0_p90_y80_TPMC_N400000_S101,101,sample,3018,triangle_3018,body,0.21300000000006003,-0.022352751722800157,0.02045143429888132,1.0,-6.421990657017487e-15,-2.9391241273778244e-12,1.0986390076424506e-05,-8.080992028387935e-14,7484.538922892781,-1319.726150268671,0.0,0.0,0.0,0.0,0.0,0.0,0.0,0.0,0.0,0,True,250.0
b712773f15e0f684,20270301_h250_r0_p90_y80_TPMC_N400000_S101,101,sample,3019,triangle_3019,body,0.2129999999999301,0.018534022715620064,-0.023812513638710637,1.0,4.891406558870156e-15,-2.923056928697853e-12,1.1944220891968666e-05,-8.080992028387935e-14,7484.538922892781,-1319.726150268671,0.0,0.0,0.0,0.0,0.0,0.0,0.0,0.0,0.0,0,True,250.0
b712773f15e0f684,20270301_h250_r0_p90_y80_TPMC_N400000_S101,101,sample,3020,triangle_3020,body,0.21299999999992983,-0.018592353883913088,-0.02392164678670854,1.0,9.513155893306208e-15,-2.938966139970036e-12,1.0983497040474725e-05,-8.080992028387935e-14,7484.538922892781,-1319.726150268671,0.0,0.0,0.0,0.0,0.0,0.0,0.0,0.0,0.0,0,True,250.0
b712773f15e0f684,20270301_h250_r0_p90_y80_TPMC_N400000_S101,101,sample,3021,triangle_3021,body,0.21300000000000816,0.002266167361536987,0.002767010913952714,0.9999999999999999,4.2470851457563703e-16,-2.955713747116179e-12,1.1944212159860785e-05,-8.080992028387935e-14,7484.538922892781,-1319.726150268671,0.0,0.0,0.0,0.0,0.0,0.0,0.0,0.0,0.0,0,True,250.0
b712773f15e0f684,20270301_h250_r0_p90_y80_TPMC_N400000_S101,101,sample,3022,triangle_3022,body,0.21300000000005073,-0.0036217869303163063,0.017292589528763152,1.0,5.686244133353553e-16,-2.934644317129921e-12,1.1477014265896545e-05,-8.080992028387935e-14,7484.538922892781,-1319.726150268671,-2.321697909466385e-09,1.6428489604688315e-08,-4.841765262700925e-09,-2.8709928622580794e-10,9.883592225660259e-10,3.4912487716998343e-09,-2.8709928622580794e-10,9.883592225660259e-10,3.4912487716998343e-09,1,False,250.0
b712773f15e0f684,20270301_h250_r0_p90_y80_TPMC_N400000_S101,101,sample,3023,triangle_3023,body,0.2129999999999982,-0.006174790202024653,-0.0006237890662941196,1.0,4.005924461826815e-15,-2.931728510500504e-12,1.1943990316192375e-05,-8.080992028387935e-14,7484.538922892781,-1319.726150268671,0.0,0.0,0.0,0.0,0.0,0.0,0.0,0.0,0.0,0,True,250.0
b712773f15e0f684,20270301_h250_r0_p90_y80_TPMC_N400000_S101,101,sample,3024,triangle_3024,body,0.2129999999999516,-0.025261709503505116,-0.016504297885780162,1.0,1.3273234446973186e-14,-2.9266978168743257e-12,1.1944218412955168e-05,-8.080992028387935e-14,7484.538922892781,-1319.726150268671,0.0,0.0,0.0,0.0,0.0,0.0,0.0,0.0,0.0,0,True,250.0
b712773f15e0f684,20270301_h250_r0_p90_y80_TPMC_N400000_S101,101,sample,3025,triangle_3025,body,0.2129999999999516,0.025031855167547388,-0.016489222674252606,0.9999999999999999,2.221085060533044e-14,-2.9246302341279057e-12,1.3525124087661548e-05,-8.080992028387935e-14,7484.538922892781,-1319.726150268671,0.0,0.0,0.0,0.0,0.0,0.0,0.0,0.0,0.0,0,True,250.0
b712773f15e0f684,20270301_h250_r0_p90_y80_TPMC_N400000_S101,101,sample,3026,triangle_3026,body,0.21299999999999275,0.029887226194536227,-0.0024537993543298285,1.0,-7.751444884889744e-15,-2.942427466754606e-12,1.3421138561721596e-05,-8.080992028387935e-14,7484.538922892781,-1319.726150268671,0.0,0.0,0.0,0.0,0.0,0.0,0.0,0.0,0.0,0,True,250.0
b712773f15e0f684,20270301_h250_r0_p90_y80_TPMC_N400000_S101,101,sample,3027,triangle_3027,body,0.21299999999999264,-0.030072187966249306,-0.002491852461711469,1.0,1.9904750246577263e-15,-2.9429048343432666e-12,1.1944217731098267e-05,-8.080992028387935e-14,7484.538922892781,-1319.726150268671,0.0,0.0,0.0,0.0,0.0,0.0,0.0,0.0,0.0,0,True,250.0
b712773f15e0f684,20270301_h250_r0_p90_y80_TPMC_N400000_S101,101,sample,3028,triangle_3028,body,0.21300000000005373,-0.0008261938059862531,0.018307733108104105,1.0,-1.2076239509629252e-14,-2.940028681452067e-12,1.1142916462682811e-05,-8.080992028387935e-14,7484.538922892781,-1319.726150268671,0.0,0.0,0.0,0.0,0.0,0.0,0.0,0.0,0.0,0,True,250.0
b712773f15e0f684,20270301_h250_r0_p90_y80_TPMC_N400000_S101,101,sample,3029,triangle_3029,body,0.21300000000004213,-0.004038735300328697,0.014361344999222292,0.9999999999999999,1.1749265603688445e-15,-2.930065191470253e-12,1.1848038282454825e-05,-8.080992028387935e-14,7484.538922892781,-1319.726150268671,-4.326411444212132e-09,1.6506113693190766e-08,-4.699763549055038e-09,-2.138794581625941e-10,9.391950809084886e-10,3.49545060077344e-09,-2.138794581625941e-10,9.391950809084886e-10,3.49545060077344e-09,1,False,250.0
b712773f15e0f684,20270301_h250_r0_p90_y80_TPMC_N400000_S101,101,sample,3030,triangle_3030,body,0.21300000000003014,-0.007276938543772526,0.010253241396772547,0.9999999999999999,3.811342126651628e-15,-2.931504996263932e-12,1.1944215566510629e-05,-8.080992028387935e-14,7484.538922892781,-1319.726150268671,0.0,0.0,0.0,0.0,0.0,0.0,0.0,0.0,0.0,0,True,250.0
b712773f15e0f684,20270301_h250_r0_p90_y80_TPMC_N400000_S101,101,sample,3031,triangle_3031,body,0.21300000000003885,-0.006851951935400408,0.013234444466413193,1.0,4.1924278178942515e-15,-2.9288317524270097e-12,1.177934271423944e-05,-8.080992028387935e-14,7484.538922892781,-1319.726150268671,-5.717612409269774e-09,3.686395860781538e-08,-8.794922873188789e-09,-3.8395880536179653e-10,1.8024552357209408e-09,7.808442674683466e-09,-3.8395880536179653e-10,1.8024552357209408e-09,7.808442674683466e-09,2,False,250.0
b712773f15e0f684,20270301_h250_r0_p90_y80_TPMC_N400000_S101,101,sample,3032,triangle_3032,body,0.21300000000000366,-0.008560693935893636,0.0012475946232687,1.0,-1.05755462468975e-14,-2.920289578242665e-12,1.1943958263459296e-05,-8.080992028387935e-14,7484.538922892781,-1319.726150268671,0.0,0.0,0.0,0.0,0.0,0.0,0.0,0.0,0.0,0,True,250.0
b712773f15e0f684,20270301_h250_r0_p90_y80_TPMC_N400000_S101,101,sample,3033,triangle_3033,body,0.21300000000001248,-0.008132785596626549,0.004249449010249069,1.0,-1.4015740147943862e-14,-2.944423756499953e-12,1.1944083839858839e-05,-8.080992028387935e-14,7484.538922892781,-1319.726150268671,0.0,0.0,0.0,0.0,0.0,0.0,0.0,0.0,0.0,0,True,250.0
b712773f15e0f684,20270301_h250_r0_p90_y80_TPMC_N400000_S101,101,sample,3034,triangle_3034,body,0.21300000000001149,0.005079880584980737,0.0038973733680562977,1.0,6.03321253865667e-15,-2.9534604876351185e-12,1.1943956831976194e-05,-8.080992028387935e-14,7484.538922892781,-1319.726150268671,0.0,0.0,0.0,0.0,0.0,0.0,0.0,0.0,0.0,0,True,250.0
b712773f15e0f684,20270301_h250_r0_p90_y80_TPMC_N400000_S101,101,sample,3035,triangle_3035,body,0.21300000000002675,-0.010090646511419324,0.009122890358294262,1.0,-1.8843161492905298e-14,-2.9406059986724042e-12,1.1944200633667636e-05,-8.080992028387935e-14,7484.538922892781,-1319.726150268671,0.0,0.0,0.0,0.0,0.0,0.0,0.0,0.0,0.0,0,True,250.0
b712773f15e0f684,20270301_h250_r0_p90_y80_TPMC_N400000_S101,101,sample,3036,triangle_3036,body,0.21300000000002028,0.005507789958561091,0.006899258866645893,0.9999999999999999,8.624940070803375e-15,-2.935279366024649e-12,1.1944215139017393e-05,-8.080992028387935e-14,7484.538922892781,-1319.726150268671,0.0,0.0,0.0,0.0,0.0,0.0,0.0,0.0,0.0,0,True,250.0
b712773f15e0f684,20270301_h250_r0_p90_y80_TPMC_N400000_S101,101,sample,3037,triangle_3037,body,0.21299999999999497,0.012237170945041953,-0.0017173388300763647,1.0,3.5230768685390973e-16,-2.9556897005892552e-12,1.1944102695485585e-05,-8.080992028387935e-14,7484.538922892781,-1319.726150268671,0.0,0.0,0.0,0.0,0.0,0.0,0.0,0.0,0.0,0,True,250.0
b712773f15e0f684,20270301_h250_r0_p90_y80_TPMC_N400000_S101,101,sample,3038,triangle_3038,body,0.21299999999999372,-0.016930945380169427,-0.002134113139835013,1.0,-1.1870967631035045e-15,-2.9106748492536736e-12,1.1554385260175395e-05,-8.080992028387935e-14,7484.538922892781,-1319.726150268671,0.0,0.0,0.0,0.0,0.0,0.0,0.0,0.0,0.0,0,True,250.0
b712773f15e0f684,20270301_h250_r0_p90_y80_TPMC_N400000_S101,101,sample,3039,triangle_3039,body,0.21299999999991157,-1.702618055037947e-05,-0.03014331702940506,1.0,-2.5479042077150158e-24,-2.9224511843554465e-12,1.219579762874548e-05,-8.080992028387935e-14,7484.538922892781,-1319.726150268671,0.0,0.0,0.0,0.0,0.0,0.0,0.0,0.0,0.0,0,True,250.0
b712773f15e0f684,20270301_h250_r0_p90_y80_TPMC_N400000_S101,101,sample,3040,triangle_3040,body,0.21299999999997868,0.019447814775252547,-0.007262874865205472,0.9999999999999999,6.455739862215438e-15,-2.9325332736375787e-12,1.15117032183167e-05,-8.080992028387935e-14,7484.538922892781,-1319.726150268671,0.0,0.0,0.0,0.0,0.0,0.0,0.0,0.0,0.0,0,True,250.0
b712773f15e0f684,20270301_h250_r0_p90_y80_TPMC_N400000_S101,101,sample,3041,triangle_3041,body,0.21300000000000033,-0.011374420730835064,0.00011722145861922026,1.0,-1.0511531651695784e-14,-2.9202638599424086e-12,1.1944139260378839e-05,-8.080992028387935e-14,7484.538922892781,-1319.726150268671,0.0,0.0,0.0,0.0,0.0,0.0,0.0,0.0,0.0,0,True,250.0
b712773f15e0f684,20270301_h250_r0_p90_y80_TPMC_N400000_S101,101,sample,3042,triangle_3042,body,0.21300000000000383,0.012665108013437667,0.0012845696530430833,1.0,3.799734868877144e-15,-2.9315073716031283e-12,1.1944170834816802e-05,-8.080992028387935e-14,7484.538922892781,-1319.726150268671,0.0,0.0,0.0,0.0,0.0,0.0,0.0,0.0,0.0,0,True,250.0
b712773f15e0f684,20270301_h250_r0_p90_y80_TPMC_N400000_S101,101,sample,3043,triangle_3043,body,0.21299999999999156,-0.011794834786436814,-0.0028736474133401863,1.0,-1.3533588001768596e-14,-2.9414678531235684e-12,1.1849964038589722e-05,-8.080992028387935e-14,7484.538922892781,-1319.726150268671,0.0,0.0,0.0,0.0,0.0,0.0,0.0,0.0,0.0,0,True,250.0
b712773f15e0f684,20270301_h250_r0_p90_y80_TPMC_N400000_S101,101,sample,3044,triangle_3044,body,0.21300000000003624,-0.02770804969945473,0.012351669347441785,1.0,6.4485341603385924e-15,-2.934379398699739e-12,1.06786044562572e-05,-8.080992028387935e-14,7484.538922892781,-1319.726150268671,0.0,0.0,0.0,0.0,0.0,0.0,0.0,0.0,0.0,0,True,250.0
b712773f15e0f684,20270301_h250_r0_p90_y80_TPMC_N400000_S101,101,sample,3045,triangle_3045,body,0.21300000000003574,0.027636584602821358,0.012185107513770985,1.0,9.938412073993828e-15,-2.927191417937099e-12,1.1721290186092066e-05,-8.080992028387935e-14,7484.538922892781,-1319.726150268671,0.0,0.0,0.0,0.0,0.0,0.0,0.0,0.0,0.0,0,True,250.0
b712773f15e0f684,20270301_h250_r0_p90_y80_TPMC_N400000_S101,101,sample,3046,triangle_3046,body,0.21300000000001792,-0.01051857758904308,0.006120985666351451,1.0,-1.8847106998450545e-14,-2.9406336753321896e-12,1.1944079752334788e-05,-8.080992028387935e-14,7484.538922892781,-1319.726150268671,0.0,0.0,0.0,0.0,0.0,0.0,0.0,0.0,0.0,0,True,250.0
b712773f15e0f684,20270301_h250_r0_p90_y80_TPMC_N400000_S101,101,sample,3047,triangle_3047,body,0.21299999999998828,-0.014596272057885107,-0.0039993464104179305,1.0,2.0492613542682666e-14,-2.9275460568760266e-12,1.1833858034665556e-05,-8.080992028387935e-14,7484.538922892781,-1319.726150268671,0.0,0.0,0.0,0.0,0.0,0.0,0.0,0.0,0.0,0,True,250.0
b712773f15e0f684,20270301_h250_r0_p90_y80_TPMC_N400000_S101,101,sample,3048,triangle_3048,body,0.21299999999998945,0.014622937411944552,-0.0035889097875115273,1.0,-1.885877699224558e-14,-2.9406190451464167e-12,1.1944150095559331e-05,-8.080992028387935e-14,7484.538922892781,-1319.726150268671,0.0,0.0,0.0,0.0,0.0,0.0,0.0,0.0,0.0,0,True,250.0
b712773f15e0f684,20270301_h250_r0_p90_y80_TPMC_N400000_S101,101,sample,3049,triangle_3049,body,0.21300000000000596,0.007465657941032919,0.002025817257643579,0.9999999999999999,-1.3222374466004006e-14,-2.9383550616947534e-12,1.1943954312050067e-05,-8.080992028387935e-14,7484.538922892781,-1319.726150268671,0.0,0.0,0.0,0.0,0.0,0.0,0.0,0.0,0.0,0,True,250.0
b712773f15e0f684,20270301_h250_r0_p90_y80_TPMC_N400000_S101,101,sample,3050,triangle_3050,body,0.21299999999999283,0.017492653951455973,-0.0024611277880400803,1.0,-7.547441624842666e-16,-2.933346062954154e-12,1.2346120763215364e-05,-8.080992028387935e-14,7484.538922892781,-1319.726150268671,0.0,0.0,0.0,0.0,0.0,0.0,0.0,0.0,0.0,0,True,250.0
b712773f15e0f684,20270301_h250_r0_p90_y80_TPMC_N400000_S101,101,sample,3051,triangle_3051,body,0.21299999999996574,0.01643699573566628,-0.01168550695162652,0.9999999999999999,4.5171318213595566e-15,-2.9429185503541013e-12,1.4501850352572271e-05,-8.080992028387935e-14,7484.538922892781,-1319.726150268671,0.0,0.0,0.0,0.0,0.0,0.0,0.0,0.0,0.0,0,True,250.0
b712773f15e0f684,20270301_h250_r0_p90_y80_TPMC_N400000_S101,101,sample,3052,triangle_3052,body,0.21299999999998065,0.014195013154519917,-0.006590811202243185,1.0,-1.5414367715714867e-14,-2.916458224747539e-12,1.1944121810590223e-05,-8.080992028387935e-14,7484.538922892781,-1319.726150268671,0.0,0.0,0.0,0.0,0.0,0.0,0.0,0.0,0.0,0,True,250.0
b712773f15e0f684,20270301_h250_r0_p90_y80_TPMC_N400000_S101,101,sample,3053,triangle_3053,body,0.21299999999998734,0.0198838750336778,-0.004321565867781704,1.0,5.6292396460829774e-15,-2.9386235041781558e-12,1.1963325824334856e-05,-8.080992028387935e-14,7484.538922892781,-1319.726150268671,-1.4557379051102688e-09,1.6377135260930655e-08,-2.6338477984256847e-09,1.7278075861457456e-11,5.668820992394447e-10,3.515295178339458e-09,1.7278075861457456e-11,5.668820992394447e-10,3.515295178339458e-09,1,False,250.0
b712773f15e0f684,20270301_h250_r0_p90_y80_TPMC_N400000_S101,101,sample,3054,triangle_3054,body,0.21299999999997535,0.01662866943560608,-0.008404338200195509,0.9999999999999999,5.577735948053154e-15,-2.932925907566041e-12,1.1958620581971443e-05,-8.080992028387935e-14,7484.538922892781,-1319.726150268671,0.0,0.0,0.0,0.0,0.0,0.0,0.0,0.0,0.0,0,True,250.0
b712773f15e0f684,20270301_h250_r0_p90_y80_TPMC_N400000_S101,101,sample,3055,triangle_3055,body,0.21300000000000155,0.017902678433586002,0.0005335955209639356,1.0,1.3915513141115252e-15,-2.9179628667655946e-12,1.2225775466009154e-05,-8.080992028387935e-14,7484.538922892781,-1319.726150268671,0.0,0.0,0.0,0.0,0.0,0.0,0.0,0.0,0.0,0,True,250.0
b712773f15e0f684,20270301_h250_r0_p90_y80_TPMC_N400000_S101,101,sample,3056,triangle_3056,body,0.21300000000000707,0.015460898962470297,0.002407722004611937,1.0,1.3718571092254896e-14,-2.927522674610476e-12,1.1792144848674032e-05,-8.080992028387935e-14,7484.538922892781,-1319.726150268671,0.0,0.0,0.0,0.0,0.0,0.0,0.0,0.0,0.0,0,True,250.0
b712773f15e0f684,20270301_h250_r0_p90_y80_TPMC_N400000_S101,101,sample,3057,triangle_3057,body,0.2130000000000093,0.010279340778727754,0.003156140423851598,1.0,3.807611366321521e-15,-2.931513550479622e-12,1.1944162304254812e-05,-8.080992028387935e-14,7484.538922892781,-1319.726150268671,0.0,0.0,0.0,0.0,0.0,0.0,0.0,0.0,0.0,0,True,250.0
b712773f15e0f684,20270301_h250_r0_p90_y80_TPMC_N400000_S101,101,sample,3058,triangle_3058,body,0.21300000000000488,0.020716387036198745,0.0016639521308888844,1.0,-3.774485952324249e-15,-2.9202799182584603e-12,1.1979962816573014e-05,-8.080992028387935e-14,7484.538922892781,-1319.726150268671,-3.3927236861393e-09,3.973032588861127e-08,-2.44765517761643e-09,-1.216736081128913e-10,5.156926821379032e-10,8.539374109178136e-09,-1.216736081128913e-10,5.156926821379032e-10,8.539374109178136e-09,1,False,250.0
b712773f15e0f684,20270301_h250_r0_p90_y80_TPMC_N400000_S101,101,sample,3059,triangle_3059,body,0.2130000000000324,0.008745369388167485,0.01102989965586564,1.0,6.435889956687942e-15,-2.9340565366305986e-12,1.1926965732447015e-05,-8.080992028387935e-14,7484.538922892781,-1319.726150268671,0.0,0.0,0.0,0.0,0.0,0.0,0.0,0.0,0.0,0,True,250.0
b712773f15e0f684,20270301_h250_r0_p90_y80_TPMC_N400000_S101,101,sample,3060,triangle_3060,body,0.21300000000000244,-0.01648849122958368,0.0008503905247152381,1.0,-5.775220672092003e-15,-2.941188025824557e-12,1.1436394548653657e-05,-8.080992028387935e-14,7484.538922892781,-1319.726150268671,-2.972646267686383e-09,1.567783874225522e-08,-2.9062203135833566e-09,3.8654308035687146e-11,6.181714249106294e-10,3.2952375584006163e-09,3.8654308035687146e-11,6.181714249106294e-10,3.2952375584006163e-09,1,False,250.0
b712773f15e0f684,20270301_h250_r0_p90_y80_TPMC_N400000_S101,101,sample,3061,triangle_3061,body,0.21300000000004413,-0.009185761821766935,0.015039130735569603,1.0,2.3730504094923113e-15,-2.927386668864285e-12,1.1220239028233975e-05,-8.080992028387935e-14,7484.538922892781,-1319.726150268671,0.0,0.0,0.0,0.0,0.0,0.0,0.0,0.0,0.0,0,True,250.0
b712773f15e0f684,20270301_h250_r0_p90_y80_TPMC_N400000_S101,101,sample,3062,triangle_3062,body,0.21300000000001584,0.01586793829937135,0.005401248581884538,1.0,1.3380820949048406e-14,-2.9298010821226536e-12,1.1779451385280875e-05,-8.080992028387935e-14,7484.538922892781,-1319.726150268671,0.0,0.0,0.0,0.0,0.0,0.0,0.0,0.0,0.0,0,True,250.0
b712773f15e0f684,20270301_h250_r0_p90_y80_TPMC_N400000_S101,101,sample,3063,triangle_3063,body,0.21300000000003205,-0.012402955632948603,0.010932477486104542,1.0,-1.0891722106959024e-14,-2.946843676269465e-12,1.1187480319482365e-05,-8.080992028387935e-14,7484.538922892781,-1319.726150268671,0.0,0.0,0.0,0.0,0.0,0.0,0.0,0.0,0.0,0,True,250.0
b712773f15e0f684,20270301_h250_r0_p90_y80_TPMC_N400000_S101,101,sample,3064,triangle_3064,body,0.2130000000000285,-0.015114405012158647,0.009721178229904546,1.0,6.8385013122844086e-15,-2.9402719081942307e-12,1.1034419374610374e-05,-8.080992028387935e-14,7484.538922892781,-1319.726150268671,0.0,0.0,0.0,0.0,0.0,0.0,0.0,0.0,0.0,0,True,250.0
b712773f15e0f684,20270301_h250_r0_p90_y80_TPMC_N400000_S101,101,sample,3065,triangle_3065,body,0.21300000000002361,0.008318016630878283,0.00802821767358599,1.0,6.1154083821596755e-15,-2.936287535787989e-12,1.1914606164004317e-05,-8.080992028387935e-14,7484.538922892781,-1319.726150268671,0.0,0.0,0.0,0.0,0.0,0.0,0.0,0.0,0.0,0,True,250.0
b712773f15e0f684,20270301_h250_r0_p90_y80_TPMC_N400000_S101,101,sample,3066,triangle_3066,body,0.21300000000000577,-0.013733403851697612,0.001976026126091726,1.0,8.898736332179969e-15,-2.9354906578128574e-12,1.1716250229931276e-05,-8.080992028387935e-14,7484.538922892781,-1319.726150268671,0.0,0.0,0.0,0.0,0.0,0.0,0.0,0.0,0.0,0,True,250.0
b712773f15e0f684,20270301_h250_r0_p90_y80_TPMC_N400000_S101,101,sample,3067,triangle_3067,body,0.2130000000000897,-9.50480817995484e-06,0.03056191092467289,1.0,1.9393305551328775e-26,-2.924288232223432e-12,8.89808715488798e-06,-8.080992028387935e-14,7484.538922892781,-1319.726150268671,0.0,0.0,0.0,0.0,0.0,0.0,0.0,0.0,0.0,0,True,250.0
b712773f15e0f684,20270301_h250_r0_p90_y80_TPMC_N400000_S101,101,sample,3068,triangle_3068,body,0.21300000000001984,-0.015588987350758999,0.006768541382586406,0.9999999999999999,8.101677686952917e-15,-2.927870780883374e-12,1.0989915525663574e-05,-8.080992028387935e-14,7484.538922892781,-1319.726150268671,0.0,0.0,0.0,0.0,0.0,0.0,0.0,0.0,0.0,0,True,250.0
b712773f15e0f684,20270301_h250_r0_p90_y80_TPMC_N400000_S101,101,sample,3069,triangle_3069,body,0.21300000000001454,-0.013305469049172713,0.004977935946843588,1.0,9.771448201435626e-15,-2.9291364901102995e-12,1.1785455135810564e-05,-8.080992028387935e-14,7484.538922892781,-1319.726150268671,0.0,0.0,0.0,0.0,0.0,0.0,0.0,0.0,0.0,0,True,250.0
b712773f15e0f684,20270301_h250_r0_p90_y80_TPMC_N400000_S101,101,sample,3070,triangle_3070,body,0.2130000000000407,-0.011923057551668332,0.013867514793739233,1.0,-9.220441980045113e-15,-2.9318573749866654e-12,1.1132990040988672e-05,-8.080992028387935e-14,7484.538922892781,-1319.726150268671,-1.8869345733197505e-09,1.799255735891236e-08,-3.007972000570241e-10,-2.3152563508863646e-10,3.944755155022368e-11,3.8119904679207025e-09,-2.3152563508863646e-10,3.944755155022368e-11,3.8119904679207025e-09,1,False,250.0
b712773f15e0f684,20270301_h250_r0_p90_y80_TPMC_N400000_S101,101,sample,3071,triangle_3071,body,0.21300000000002137,0.013496596666603725,0.007278611147668499,1.0,1.3685167698632434e-14,-2.9300366511959674e-12,1.1781562324975205e-05,-8.080992028387935e-14,7484.538922892781,-1319.726150268671,0.0,0.0,0.0,0.0,0.0,0.0,0.0,0.0,0.0,0,True,250.0
b712773f15e0f684,20270301_h250_r0_p90_y80_TPMC_N400000_S101,101,sample,3072,triangle_3072,body,0.21300000000001806,0.010703790094992761,0.0061566553412044115,1.0,3.427028947793304e-15,-2.9341832447266e-12,1.1929391071123873e-05,-8.080992028387935e-14,7484.538922892781,-1319.726150268671,0.0,0.0,0.0,0.0,0.0,0.0,0.0,0.0,0.0,0,True,250.0
b712773f15e0f684,20270301_h250_r0_p90_y80_TPMC_N400000_S101,101,sample,3073,triangle_3073,body,0.21300000000001362,-0.00011962682732310824,0.00463854640181282,0.9999999999999999,-1.8845076805295282e-14,-2.9405971890615427e-12,1.194421637384734e-05,-8.080992028387935e-14,7484.538922892781,-1319.726150268671,0.0,0.0,0.0,0.0,0.0,0.0,0.0,0.0,0.0,0,True,250.0
b712773f15e0f684,20270301_h250_r0_p90_y80_TPMC_N400000_S101,101,sample,3074,triangle_3074,body,0.21300000000004457,0.011915099062529437,0.01518282053740607,1.0,1.1239878797513207e-14,-2.946968578800859e-12,1.1997473358648847e-05,-8.080992028387935e-14,7484.538922892781,-1319.726150268671,0.0,0.0,0.0,0.0,0.0,0.0,0.0,0.0,0.0,0,True,250.0
b712773f15e0f684,20270301_h250_r0_p90_y80_TPMC_N400000_S101,101,sample,3075,triangle_3075,body,0.21300000000003375,0.016631445786931286,0.01151345373233454,1.0,-3.4296969824769833e-15,-2.938368818643298e-12,1.2595107570646967e-05,-8.080992028387935e-14,7484.538922892781,-1319.726150268671,0.0,0.0,0.0,0.0,0.0,0.0,0.0,0.0,0.0,0,True,250.0
b712773f15e0f684,20270301_h250_r0_p90_y80_TPMC_N400000_S101,101,sample,3076,triangle_3076,body,0.21300000000000777,-0.01901576685844897,0.0026557328385380177,1.0,-2.8205136385956863e-15,-2.94346649873798e-12,1.2550442774763563e-05,-8.080992028387935e-14,7484.538922892781,-1319.726150268671,0.0,0.0,0.0,0.0,0.0,0.0,0.0,0.0,0.0,0,True,250.0
b712773f15e0f684,20270301_h250_r0_p90_y80_TPMC_N400000_S101,101,sample,3077,triangle_3077,body,0.2130000000000356,0.0114780525655303,0.01212770587493118,1.0,1.3928853668091544e-14,-2.9310619076184697e-12,1.1273539530675564e-05,-8.080992028387935e-14,7484.538922892781,-1319.726150268671,0.0,0.0,0.0,0.0,0.0,0.0,0.0,0.0,0.0,0,True,250.0
b712773f15e0f684,20270301_h250_r0_p90_y80_TPMC_N400000_S101,101,sample,3078,triangle_3078,body,0.21300000000001632,-0.01854419778214919,0.0055719738756573245,1.0,-1.5992126970812209e-15,-2.9314685638808248e-12,1.2813542867963841e-05,-8.080992028387935e-14,7484.538922892781,-1319.726150268671,0.0,0.0,0.0,0.0,0.0,0.0,0.0,0.0,0.0,0,True,250.0
b712773f15e0f684,20270301_h250_r0_p90_y80_TPMC_N400000_S101,101,sample,3079,triangle_3079,body,0.21300000000003005,0.013843506379852063,0.010247979699115619,1.0,1.357264607854675e-14,-2.9307965246848935e-12,1.15411100822761e-05,-8.080992028387935e-14,7484.538922892781,-1319.726150268671,0.0,0.0,0.0,0.0,0.0,0.0,0.0,0.0,0.0,0,True,250.0
b712773f15e0f684,20270301_h250_r0_p90_y80_TPMC_N400000_S101,101,sample,3080,triangle_3080,body,0.212999999999985,0.0037965981865504153,-0.005107721708547976,1.0,3.614504926993753e-15,-2.9319124578994133e-12,1.194182216768484e-05,-8.080992028387935e-14,7484.538922892781,-1319.726150268671,0.0,0.0,0.0,0.0,0.0,0.0,0.0,0.0,0.0,0,True,250.0
b712773f15e0f684,20270301_h250_r0_p90_y80_TPMC_N400000_S101,101,sample,3081,triangle_3081,body,0.21300000000001582,-0.005319081534434803,0.005379791963108686,1.0,8.614545179916604e-15,-2.935331957905863e-12,1.194397168206421e-05,-8.080992028387935e-14,7484.538922892781,-1319.726150268671,0.0,0.0,0.0,0.0,0.0,0.0,0.0,0.0,0.0,0,True,250.0
b712773f15e0f684,20270301_h250_r0_p90_y80_TPMC_N400000_S101,101,sample,3082,triangle_3082,body,0.21300000000002242,0.00030823041968700135,0.007639893537507887,1.0,-1.5558002884674602e-14,-2.917539464988265e-12,1.193959382699963e-05,-8.080992028387935e-14,7484.538922892781,-1319.726150268671,0.0,0.0,0.0,0.0,0.0,0.0,0.0,0.0,0.0,0,True,250.0
b712773f15e0f684,20270301_h250_r0_p90_y80_TPMC_N400000_S101,101,sample,3083,triangle_3083,body,0.21300000000002461,-0.004891165559204537,0.00838167965768935,1.0,8.622108457027882e-15,-2.935278901479153e-12,1.1944210249477341e-05,-8.080992028387935e-14,7484.538922892781,-1319.726150268671,0.0,0.0,0.0,0.0,0.0,0.0,0.0,0.0,0.0,0,True,250.0
b712773f15e0f684,20270301_h250_r0_p90_y80_TPMC_N400000_S101,101,sample,3084,triangle_3084,body,0.21300000000002575,0.0031219339821274513,0.008770243548237376,1.0,-1.452050755605415e-14,-2.917122471746412e-12,1.1941917795106644e-05,-8.080992028387935e-14,7484.538922892781,-1319.726150268671,0.0,0.0,0.0,0.0,0.0,0.0,0.0,0.0,0.0,0,True,250.0
b712773f15e0f684,20270301_h250_r0_p90_y80_TPMC_N400000_S101,101,sample,3085,triangle_3085,body,0.21300000000002792,-0.002077538394117126,0.009511459782125285,1.0,7.580674712826174e-15,-2.93569728127927e-12,1.1941879834166775e-05,-8.080992028387935e-14,7484.538922892781,-1319.726150268671,0.0,0.0,0.0,0.0,0.0,0.0,0.0,0.0,0.0,0,True,250.0
b712773f15e0f684,20270301_h250_r0_p90_y80_TPMC_N400000_S101,101,sample,3086,triangle_3086,body,0.2130000000000345,0.0035461693934248674,0.01174879968167515,1.0,-1.8178402096574676e-14,-2.942843079065267e-12,1.1760139825335784e-05,-8.080992028387935e-14,7484.538922892781,-1319.726150268671,-2.4968728446592686e-09,1.3617532482103148e-08,-3.086818797993217e-09,-1.6099323098567226e-10,6.291476051153847e-10,2.9057156128339566e-09,-1.6099323098567226e-10,6.291476051153847e-10,2.9057156128339566e-09,1,False,250.0
b712773f15e0f684,20270301_h250_r0_p90_y80_TPMC_N400000_S101,101,sample,3087,triangle_3087,body,0.21300000000003672,-0.0016500947436134032,0.012509922054017575,1.0,7.657320338180395e-15,-2.935160897328681e-12,1.1919018324616817e-05,-8.080992028387935e-14,7484.538922892781,-1319.726150268671,0.0,0.0,0.0,0.0,0.0,0.0,0.0,0.0,0.0,0,True,250.0
b712773f15e0f684,20270301_h250_r0_p90_y80_TPMC_N400000_S101,101,sample,3088,triangle_3088,body,0.21300000000003783,0.0063593781271477105,0.012879496982363315,1.0,5.344675111063217e-15,-2.93320082610312e-12,1.1848681659681277e-05,-8.080992028387935e-14,7484.538922892781,-1319.726150268671,0.0,0.0,0.0,0.0,0.0,0.0,0.0,0.0,0.0,0,True,250.0
b712773f15e0f684,20270301_h250_r0_p90_y80_TPMC_N400000_S101,101,sample,3089,triangle_3089,body,0.21300000000003996,0.0011599094814881397,0.01361691194283795,1.0,-1.590587598208101e-14,-2.9446497238559004e-12,1.1839349493738862e-05,-8.080992028387935e-14,7484.538922892781,-1319.726150268671,-4.881259338625771e-09,2.091224670013541e-08,-6.8776719478330805e-09,-3.285624955482707e-10,1.392435310900783e-09,4.467027464858046e-09,-3.285624955482707e-10,1.392435310900783e-09,4.467027464858046e-09,1,False,250.0
b712773f15e0f684,20270301_h250_r0_p90_y80_TPMC_N400000_S101,101,sample,3090,triangle_3090,body,0.2130000000000484,0.0015668620491028993,0.01648347846738362,1.0,-1.4830769478008535e-14,-2.9376834244335166e-12,1.0965106339299307e-05,-8.080992028387935e-14,7484.538922892781,-1319.726150268671,0.0,0.0,0.0,0.0,0.0,0.0,0.0,0.0,0.0,0,True,250.0
b712773f15e0f684,20270301_h250_r0_p90_y80_TPMC_N400000_S101,101,sample,3091,triangle_3091,body,0.21300000000005007,0.009603745808011039,0.01705257957233487,1.0,-5.488749031308439e-15,-2.9342504917384902e-12,1.2014286706402872e-05,-8.080992028387935e-14,7484.538922892781,-1319.726150268671,0.0,0.0,0.0,0.0,0.0,0.0,0.0,0.0,0.0,0,True,250.0
b712773f15e0f684,20270301_h250_r0_p90_y80_TPMC_N400000_S101,101,sample,3092,triangle_3092,body,0.21300000000005162,0.004374451883884049,0.017582931460215157,1.0,4.97327705067171e-15,-2.9289077635557343e-12,1.1451593901015868e-05,-8.080992028387935e-14,7484.538922892781,-1319.726150268671,0.0,0.0,0.0,0.0,0.0,0.0,0.0,0.0,0.0,0,True,250.0
b712773f15e0f684,20270301_h250_r0_p90_y80_TPMC_N400000_S101,101,sample,3093,triangle_3093,body,0.21300000000004657,0.006780708049992132,0.015847062236357654,1.0,5.812964127627481e-15,-2.929569985186553e-12,1.1762286433646031e-05,-8.080992028387935e-14,7484.538922892781,-1319.726150268671,0.0,0.0,0.0,0.0,0.0,0.0,0.0,0.0,0.0,0,True,250.0
b712773f15e0f684,20270301_h250_r0_p90_y80_TPMC_N400000_S101,101,sample,3094,triangle_3094,body,0.2129999999999751,-0.004633315227131166,-0.008489962381399867,1.0,-3.640799594893262e-15,-2.931250506191953e-12,1.1896059894376664e-05,-8.080992028387935e-14,7484.538922892781,-1319.726150268671,0.0,0.0,0.0,0.0,0.0,0.0,0.0,0.0,0.0,0,True,250.0
b712773f15e0f684,20270301_h250_r0_p90_y80_TPMC_N400000_S101,101,sample,3095,triangle_3095,body,0.21299999999999164,0.009423547449275474,-0.0028475748575755877,1.0,5.840597197953105e-15,-2.9534848845679578e-12,1.1943248221917478e-05,-8.080992028387935e-14,7484.538922892781,-1319.726150268671,0.0,0.0,0.0,0.0,0.0,0.0,0.0,0.0,0.0,0,True,250.0
b712773f15e0f684,20270301_h250_r0_p90_y80_TPMC_N400000_S101,101,sample,3096,triangle_3096,body,0.21299999999999383,0.0042242506241345935,-0.0021061501204826002,1.0,3.6407585221280666e-15,-2.9317283632954516e-12,1.1942674127985288e-05,-8.080992028387935e-14,7484.538922892781,-1319.726150268671,-2.0776820952463974e-09,1.895622346457937e-08,-4.809042986223061e-10,4.541202788040657e-11,1.076753885200667e-10,4.0481380074225425e-09,4.541202788040657e-11,1.076753885200667e-10,4.0481380074225425e-09,1,False,250.0
b712773f15e0f684,20270301_h250_r0_p90_y80_TPMC_N400000_S101,101,sample,3097,triangle_3097,body,0.21299999999999716,0.007037801679976353,-0.0009759895406641588,1.0,-1.3244864995663886e-14,-2.9385128105385797e-12,1.1943252118242357e-05,-8.080992028387935e-14,7484.538922892781,-1319.726150268671,0.0,0.0,0.0,0.0,0.0,0.0,0.0,0.0,0.0,0,True,250.0
b712773f15e0f684,20270301_h250_r0_p90_y80_TPMC_N400000_S101,101,sample,3098,triangle_3098,body,0.21299999999997732,0.011381477466944902,-0.00772072320882499,1.0,-1.615562380665176e-14,-2.916756016916276e-12,1.1941739205039222e-05,-8.080992028387935e-14,7484.538922892781,-1319.726150268671,0.0,0.0,0.0,0.0,0.0,0.0,0.0,0.0,0.0,0,True,250.0
b712773f15e0f684,20270301_h250_r0_p90_y80_TPMC_N400000_S101,101,sample,3099,triangle_3099,body,0.21299999999996508,0.008175150782184821,-0.011893293384360579,1.0,-1.1108795004527071e-14,-2.9233357572504504e-12,1.2358875684508475e-05,-8.080992028387935e-14,7484.538922892781,-1319.726150268671,0.0,0.0,0.0,0.0,0.0,0.0,0.0,0.0,0.0,0,True,250.0
b712773f15e0f684,20270301_h250_r0_p90_y80_TPMC_N400000_S101,101,sample,3100,triangle_3100,body,0.21299999999997069,0.005754914000748161,-0.009978973803740014,1.0,8.255051047769974e-15,-2.9385390992458116e-12,1.1929647195565515e-05,-8.080992028387935e-14,7484.538922892781,-1319.726150268671,0.0,0.0,0.0,0.0,0.0,0.0,0.0,0.0,0.0,0,True,250.0
b712773f15e0f684,20270301_h250_r0_p90_y80_TPMC_N400000_S101,101,sample,3101,triangle_3101,body,0.21299999999995653,0.00775709854213781,-0.01482118919958895,1.0,-1.149229181437993e-14,-2.9256605153860454e-12,1.1475783623792314e-05,-8.080992028387935e-14,7484.538922892781,-1319.726150268671,0.0,0.0,0.0,0.0,0.0,0.0,0.0,0.0,0.0,0,True,250.0
b712773f15e0f684,20270301_h250_r0_p90_y80_TPMC_N400000_S101,101,sample,3102,triangle_3102,body,0.2129999999999795,0.00618238002171976,-0.006979044092746502,1.0,8.637889822306307e-15,-2.9358530810719653e-12,1.1940738668090311e-05,-8.080992028387935e-14,7484.538922892781,-1319.726150268671,0.0,0.0,0.0,0.0,0.0,0.0,0.0,0.0,0.0,0,True,250.0
b712773f15e0f684,20270301_h250_r0_p90_y80_TPMC_N400000_S101,101,sample,3103,triangle_3103,body,0.2129999999999828,0.008995778228603061,-0.005849057821592555,0.9999999999999999,8.3380953727153e-15,-2.9359735585440997e-12,1.1940650614605747e-05,-8.080992028387935e-14,7484.538922892781,-1319.726150268671,0.0,0.0,0.0,0.0,0.0,0.0,0.0,0.0,0.0,0,True,250.0
b712773f15e0f684,20270301_h250_r0_p90_y80_TPMC_N400000_S101,101,sample,3104,triangle_3104,body,0.21299999999996214,0.013610178029133474,-0.012916285805448713,1.0,5.1538651065581505e-15,-2.942621260639022e-12,1.4638242269879926e-05,-8.080992028387935e-14,7484.538922892781,-1319.726150268671,0.0,0.0,0.0,0.0,0.0,0.0,0.0,0.0,0.0,0,True,250.0
b712773f15e0f684,20270301_h250_r0_p90_y80_TPMC_N400000_S101,101,sample,3105,triangle_3105,body,0.2129999999999861,-0.009400861161106161,-0.004739979076111435,0.9999999999999999,-8.103707281275703e-15,-2.945731917616845e-12,1.1882316800863231e-05,-8.080992028387935e-14,7484.538922892781,-1319.726150268671,0.0,0.0,0.0,0.0,0.0,0.0,0.0,0.0,0.0,0,True,250.0
b712773f15e0f684,20270301_h250_r0_p90_y80_TPMC_N400000_S101,101,sample,3106,triangle_3106,body,0.2129999999999839,-0.004208134618904537,-0.005491296644350139,1.0,-4.320454700717306e-15,-2.9359140217877556e-12,1.1870626393700198e-05,-8.080992028387935e-14,7484.538922892781,-1319.726150268671,0.0,0.0,0.0,0.0,0.0,0.0,0.0,0.0,0.0,0,True,250.0
b712773f15e0f684,20270301_h250_r0_p90_y80_TPMC_N400000_S101,101,sample,3107,triangle_3107,body,0.21299999999998942,-0.0065945433716354295,-0.003620493893714848,1.0,2.6352005615493924e-15,-2.9413497193817933e-12,1.1895909114674475e-05,-8.080992028387935e-14,7484.538922892781,-1319.726150268671,0.0,0.0,0.0,0.0,0.0,0.0,0.0,0.0,0.0,0,True,250.0
b712773f15e0f684,20270301_h250_r0_p90_y80_TPMC_N400000_S101,101,sample,3108,triangle_3108,body,0.2129999999999741,-0.012572359843853324,-0.008803023233839658,0.9999999999999999,-1.2377691324354587e-14,-2.9344605505538874e-12,1.16137744430194e-05,-8.080992028387935e-14,7484.538922892781,-1319.726150268671,0.0,0.0,0.0,0.0,0.0,0.0,0.0,0.0,0.0,0,True,250.0
b712773f15e0f684,20270301_h250_r0_p90_y80_TPMC_N400000_S101,101,sample,3109,triangle_3109,body,0.21299999999994643,-0.0007489052144310717,-0.018249662088767084,1.0,-1.9075417282087885e-14,-2.929304059431846e-12,1.2114653943524312e-05,-8.080992028387935e-14,7484.538922892781,-1319.726150268671,0.0,0.0,0.0,0.0,0.0,0.0,0.0,0.0,0.0,0,True,250.0
b712773f15e0f684,20270301_h250_r0_p90_y80_TPMC_N400000_S101,101,sample,3110,triangle_3110,body,0.21299999999995337,0.004910412624694625,-0.015898388576529424,1.0,5.923247989442187e-16,-2.92050543015223e-12,1.1616726466584692e-05,-8.080992028387935e-14,7484.538922892781,-1319.726150268671,0.0,0.0,0.0,0.0,0.0,0.0,0.0,0.0,0.0,0,True,250.0
b712773f15e0f684,20270301_h250_r0_p90_y80_TPMC_N400000_S101,101,sample,3111,triangle_3111,body,0.2129999999999553,-0.0002916697924871394,-0.015230028091087602,1.0,-2.074055541304266e-14,-2.941360614030346e-12,1.1857163371246427e-05,-8.080992028387935e-14,7484.538922892781,-1319.726150268671,-2.7890170537280177e-09,1.6459767774447758e-08,-4.0892472961209e-09,2.582775922127286e-10,9.141661293500214e-10,3.5034862285488057e-09,2.582775922127286e-10,9.141661293500214e-10,3.5034862285488057e-09,1,False,250.0
b712773f15e0f684,20270301_h250_r0_p90_y80_TPMC_N400000_S101,101,sample,3112,triangle_3112,body,0.2129999999999653,0.021949554823939666,-0.011845007608674863,1.0,1.051934656262238e-15,-2.9299428213155727e-12,1.2375339760538918e-05,-8.080992028387935e-14,7484.538922892781,-1319.726150268671,0.0,0.0,0.0,0.0,0.0,0.0,0.0,0.0,0.0,0,True,250.0
b712773f15e0f684,20270301_h250_r0_p90_y80_TPMC_N400000_S101,101,sample,3113,triangle_3113,body,0.21299999999995864,0.002515642034902592,-0.014099934056001543,1.0,1.0839256272849646e-14,-2.9285854755975596e-12,1.1868428456978296e-05,-8.080992028387935e-14,7484.538922892781,-1319.726150268671,0.0,0.0,0.0,0.0,0.0,0.0,0.0,0.0,0.0,0,True,250.0
b712773f15e0f684,20270301_h250_r0_p90_y80_TPMC_N400000_S101,101,sample,3114,triangle_3114,body,0.2129999999999601,-0.010642344111747184,-0.013582935147917155,1.0,2.2107742103160692e-15,-2.9320234410486047e-12,1.134511878450799e-05,-8.080992028387935e-14,7484.538922892781,-1319.726150268671,0.0,0.0,0.0,0.0,0.0,0.0,0.0,0.0,0.0,0,True,250.0
b712773f15e0f684,20270301_h250_r0_p90_y80_TPMC_N400000_S101,101,sample,3115,triangle_3115,body,0.21299999999995337,0.013153792826967464,-0.01589581156006403,1.0,4.180004872878131e-15,-2.9465144201329273e-12,1.2295135565684096e-05,-8.080992028387935e-14,7484.538922892781,-1319.726150268671,0.0,0.0,0.0,0.0,0.0,0.0,0.0,0.0,0.0,0,True,250.0
b712773f15e0f684,20270301_h250_r0_p90_y80_TPMC_N400000_S101,101,sample,3116,triangle_3116,body,0.21299999999997735,-0.009798417303930152,-0.007720347627915214,1.0,-6.07495546302622e-15,-2.9318226451000363e-12,1.1823711370294461e-05,-8.080992028387935e-14,7484.538922892781,-1319.726150268671,0.0,0.0,0.0,0.0,0.0,0.0,0.0,0.0,0.0,0,True,250.0
b712773f15e0f684,20270301_h250_r0_p90_y80_TPMC_N400000_S101,101,sample,3117,triangle_3117,body,0.21299999999996308,-0.00786193530496259,-0.012585178665296027,1.0,-6.2233581774485546e-15,-2.9352094297611705e-12,1.1736960889760125e-05,-8.080992028387935e-14,7484.538922892781,-1319.726150268671,0.0,0.0,0.0,0.0,0.0,0.0,0.0,0.0,0.0,0,True,250.0
b712773f15e0f684,20270301_h250_r0_p90_y80_TPMC_N400000_S101,101,sample,3118,triangle_3118,body,0.2129999999999657,-0.012971631469393813,-0.011679960271113931,1.0,-1.026022543652629e-14,-2.9214110499429487e-12,1.1096894573527983e-05,-8.080992028387935e-14,7484.538922892781,-1319.726150268671,0.0,0.0,0.0,0.0,0.0,0.0,0.0,0.0,0.0,0,True,250.0
b712773f15e0f684,20270301_h250_r0_p90_y80_TPMC_N400000_S101,101,sample,3119,triangle_3119,body,0.21299999999999053,-0.019656243805182497,-0.003227766721037002,1.0,-1.0613280838863784e-14,-2.9141927909052523e-12,1.1352129606329218e-05,-8.080992028387935e-14,7484.538922892781,-1319.726150268671,0.0,0.0,0.0,0.0,0.0,0.0,0.0,0.0,0.0,0,True,250.0
b712773f15e0f684,20270301_h250_r0_p90_y80_TPMC_N400000_S101,101,sample,3120,triangle_3120,body,0.2129999999999511,0.010113878599285241,-0.016672450630443193,0.9999999999999999,9.848855292308914e-15,-2.9443722183842054e-12,1.1100980912109555e-05,-8.080992028387935e-14,7484.538922892781,-1319.726150268671,0.0,0.0,0.0,0.0,0.0,0.0,0.0,0.0,0.0,0,True,250.0
b712773f15e0f684,20270301_h250_r0_p90_y80_TPMC_N400000_S101,101,sample,3121,triangle_3121,body,0.21299999999994398,0.004601426031865566,-0.019092397487524754,1.0,-1.5174961673986174e-15,-2.9405402476753887e-12,1.3667735477306266e-05,-8.080992028387935e-14,7484.538922892781,-1319.726150268671,0.0,0.0,0.0,0.0,0.0,0.0,0.0,0.0,0.0,0,True,250.0
b712773f15e0f684,20270301_h250_r0_p90_y80_TPMC_N400000_S101,101,sample,3122,triangle_3122,body,0.21299999999997574,-0.017911028292662116,-0.008271228674744118,0.9999999999999999,1.926708124241431e-14,-2.9556290430876804e-12,1.3400232613878724e-05,-8.080992028387935e-14,7484.538922892781,-1319.726150268671,0.0,0.0,0.0,0.0,0.0,0.0,0.0,0.0,0.0,0,True,250.0
b712773f15e0f684,20270301_h250_r0_p90_y80_TPMC_N400000_S101,101,sample,3123,triangle_3123,body,0.21299999999997185,-0.00741728012268605,-0.009599528182568354,0.9999999999999999,-5.737504295963102e-15,-2.9320850442008397e-12,1.170985453837455e-05,-8.080992028387935e-14,7484.538922892781,-1319.726150268671,0.0,0.0,0.0,0.0,0.0,0.0,0.0,0.0,0.0,0,True,250.0
b712773f15e0f684,20270301_h250_r0_p90_y80_TPMC_N400000_S101,101,sample,3124,triangle_3124,body,0.21299999999994038,0.001749420020129601,-0.020313576964676353,1.0,-3.7000429089599235e-15,-2.941461353059894e-12,1.3990821127517682e-05,-8.080992028387935e-14,7484.538922892781,-1319.726150268671,0.0,0.0,0.0,0.0,0.0,0.0,0.0,0.0,0.0,0,True,250.0
b712773f15e0f684,20270301_h250_r0_p90_y80_TPMC_N400000_S101,101,sample,3125,triangle_3125,body,0.21300000000004557,0.02108678035926051,0.015523153564011627,1.0,-1.7420291893828894e-14,-2.9328277912348086e-12,9.538961648342955e-06,-8.080992028387935e-14,7484.538922892781,-1319.726150268671,0.0,0.0,0.0,0.0,0.0,0.0,0.0,0.0,0.0,0,True,250.0
b712773f15e0f684,20270301_h250_r0_p90_y80_TPMC_N400000_S101,101,sample,3126,triangle_3126,body,0.21299999999997957,-0.014976240972477628,-0.006948353679113624,1.0,1.6407414026366267e-14,-2.9568777108352014e-12,1.1514412915596482e-05,-8.080992028387935e-14,7484.538922892781,-1319.726150268671,0.0,0.0,0.0,0.0,0.0,0.0,0.0,0.0,0.0,0,True,250.0
b712773f15e0f684,20270301_h250_r0_p90_y80_TPMC_N400000_S101,101,sample,3127,triangle_3127,body,0.21300000000001354,0.0210240999463998,0.004631942235819332,1.0,-6.369631215138627e-15,-2.9392244039961784e-12,1.1739434831209743e-05,-8.080992028387935e-14,7484.538922892781,-1319.726150268671,0.0,0.0,0.0,0.0,0.0,0.0,0.0,0.0,0.0,0,True,250.0
b712773f15e0f684,20270301_h250_r0_p90_y80_TPMC_N400000_S101,101,sample,3128,triangle_3128,body,0.21300000000002828,0.019034028454999713,0.009637948802169867,1.0,-7.188242872906933e-15,-2.9357167711706547e-12,1.2882669897776546e-05,-8.080992028387935e-14,7484.538922892781,-1319.726150268671,0.0,0.0,0.0,0.0,0.0,0.0,0.0,0.0,0.0,0,True,250.0
b712773f15e0f684,20270301_h250_r0_p90_y80_TPMC_N400000_S101,101,sample,3129,triangle_3129,body,0.21300000000005584,-0.005993540411959791,0.019034919762755634,0.9999999999999999,1.1500586748224078e-14,-2.9434766707724257e-12,1.1099902384589152e-05,-8.080992028387935e-14,7484.538922892781,-1319.726150268671,0.0,0.0,0.0,0.0,0.0,0.0,0.0,0.0,0.0,0,True,250.0
b712773f15e0f684,20270301_h250_r0_p90_y80_TPMC_N400000_S101,101,sample,3130,triangle_3130,body,0.2129999999999812,-0.02025635780308267,-0.006415874987250415,1.0,-1.3353014010499835e-14,-2.9304609674064187e-12,1.3174274765037025e-05,-8.080992028387935e-14,7484.538922892781,-1319.726150268671,0.0,0.0,0.0,0.0,0.0,0.0,0.0,0.0,0.0,0,True,250.0
b712773f15e0f684,20270301_h250_r0_p90_y80_TPMC_N400000_S101,101,sample,3131,triangle_3131,body,0.21299999999993072,-0.006432169004941087,-0.023604688335017287,1.0,1.1501259881846787e-14,-2.965142008301484e-12,1.0242936414063e-05,-8.080992028387935e-14,7484.538922892781,-1319.726150268671,0.0,0.0,0.0,0.0,0.0,0.0,0.0,0.0,0.0,0,True,250.0
b712773f15e0f684,20270301_h250_r0_p90_y80_TPMC_N400000_S101,101,sample,3132,triangle_3132,body,0.21300000000003264,-0.022351460724976558,0.011140627889594896,1.0,-2.484531277149526e-15,-2.950671269432133e-12,9.88656827574926e-06,-8.080992028387935e-14,7484.538922892781,-1319.726150268671,0.0,0.0,0.0,0.0,0.0,0.0,0.0,0.0,0.0,0,True,250.0
b712773f15e0f684,20270301_h250_r0_p90_y80_TPMC_N400000_S101,101,sample,3133,triangle_3133,body,0.21299999999995387,-0.020371504505523174,-0.015716354514640374,1.0,-9.32472850675666e-15,-2.9265206764901904e-12,9.906967107415658e-06,-8.080992028387935e-14,7484.538922892781,-1319.726150268671,0.0,0.0,0.0,0.0,0.0,0.0,0.0,0.0,0.0,0,True,250.0
b712773f15e0f684,20270301_h250_r0_p90_y80_TPMC_N400000_S101,101,sample,3134,triangle_3134,body,0.2130000000000575,-0.010860412530315042,0.019596359066470104,1.0,-1.0979133400653892e-14,-2.9397594614271743e-12,9.558132764745282e-06,-8.080992028387935e-14,7484.538922892781,-1319.726150268671,0.0,0.0,0.0,0.0,0.0,0.0,0.0,0.0,0.0,0,True,250.0
b712773f15e0f684,20270301_h250_r0_p90_y80_TPMC_N400000_S101,101,sample,3135,triangle_3135,body,0.21300000000003352,-0.01745230606264121,0.011440856294081465,1.0,5.618357398371448e-15,-2.939352905335325e-12,1.1795396479094843e-05,-8.080992028387935e-14,7484.538922892781,-1319.726150268671,0.0,0.0,0.0,0.0,0.0,0.0,0.0,0.0,0.0,0,True,250.0
b712773f15e0f684,20270301_h250_r0_p90_y80_TPMC_N400000_S101,101,sample,3136,triangle_3136,body,0.21300000000001904,0.01861743068068811,0.006495112203166985,0.9999999999999999,-7.605073420659072e-15,-2.9382766095024945e-12,1.1532231986295724e-05,-8.080992028387935e-14,7484.538922892781,-1319.726150268671,0.0,0.0,0.0,0.0,0.0,0.0,0.0,0.0,0.0,0,True,250.0
b712773f15e0f684,20270301_h250_r0_p90_y80_TPMC_N400000_S101,101,sample,3137,triangle_3137,body,0.21300000000005256,-0.008744298668338708,0.017908361502371184,1.0,-1.3918208631836054e-16,-2.9483720910981536e-12,1.084763088288174e-05,-8.080992028387935e-14,7484.538922892781,-1319.726150268671,0.0,0.0,0.0,0.0,0.0,0.0,0.0,0.0,0.0,0,True,250.0
b712773f15e0f684,20270301_h250_r0_p90_y80_TPMC_N400000_S101,101,sample,3138,triangle_3138,body,0.21299999999999553,-0.021722303750314267,-0.0015187304819871648,1.0,1.394460507306207e-14,-2.9333719604176528e-12,9.237908643917283e-06,-8.080992028387935e-14,7484.538922892781,-1319.726150268671,0.0,0.0,0.0,0.0,0.0,0.0,0.0,0.0,0.0,0,True,250.0
b712773f15e0f684,20270301_h250_r0_p90_y80_TPMC_N400000_S101,101,sample,3139,triangle_3139,body,0.2129999999999673,-0.018162014450618404,-0.01113803967384911,1.0,1.942564666436878e-14,-2.931956319285479e-12,1.1056704395492891e-05,-8.080992028387935e-14,7484.538922892781,-1319.726150268671,0.0,0.0,0.0,0.0,0.0,0.0,0.0,0.0,0.0,0,True,250.0
b712773f15e0f684,20270301_h250_r0_p90_y80_TPMC_N400000_S101,101,sample,3140,triangle_3140,body,0.21300000000004207,0.016655363381559724,0.014334095374648645,1.0,-4.1519212215535215e-15,-2.954323441567076e-12,1.0069560843051082e-05,-8.080992028387935e-14,7484.538922892781,-1319.726150268671,0.0,0.0,0.0,0.0,0.0,0.0,0.0,0.0,0.0,0,True,250.0
b712773f15e0f684,20270301_h250_r0_p90_y80_TPMC_N400000_S101,101,sample,3141,triangle_3141,body,0.2129999999999713,-0.024187991054993276,-0.009793103364559548,1.0,-6.452581024801291e-15,-2.9365192542366778e-12,1.0055391485299108e-05,-8.080992028387935e-14,7484.538922892781,-1319.726150268671,0.0,0.0,0.0,0.0,0.0,0.0,0.0,0.0,0.0,0,True,250.0
b712773f15e0f684,20270301_h250_r0_p90_y80_TPMC_N400000_S101,101,sample,3142,triangle_3142,body,0.21300000000003946,-0.022898378505766273,0.013437966542935546,1.0,-3.749738626844736e-15,-2.9464771657784594e-12,9.178607520975535e-06,-8.080992028387935e-14,7484.538922892781,-1319.726150268671,0.0,0.0,0.0,0.0,0.0,0.0,0.0,0.0,0.0,0,True,250.0
b712773f15e0f684,20270301_h250_r0_p90_y80_TPMC_N400000_S101,101,sample,3143,triangle_3143,body,0.21300000000003852,0.022594712156200347,0.013120199585806907,1.0,-1.3799661933110027e-14,-2.9388709549554195e-12,1.0009225722679025e-05,-8.080992028387935e-14,7484.538922892781,-1319.726150268671,0.0,0.0,0.0,0.0,0.0,0.0,0.0,0.0,0.0,0,True,250.0
b712773f15e0f684,20270301_h250_r0_p90_y80_TPMC_N400000_S101,101,sample,3144,triangle_3144,body,0.21300000000005395,-0.0134040409852233,0.01838913381164627,1.0,-8.394857592454136e-16,-2.93677388581908e-12,9.842296963443904e-06,-8.080992028387935e-14,7484.538922892781,-1319.726150268671,-9.305565983185313e-10,1.917678674927595e-08,-1.8700098246947557e-09,-3.040559287780054e-10,3.824748237943578e-10,4.073550461103574e-09,-3.040559287780054e-10,3.824748237943578e-10,4.073550461103574e-09,1,False,250.0
b712773f15e0f684,20270301_h250_r0_p90_y80_TPMC_N400000_S101,101,sample,3145,triangle_3145,body,0.21299999999997868,-0.023132880258139546,-0.007260612810235409,1.0,-2.7263242486806768e-15,-2.92786205877186e-12,1.2390860689426178e-05,-8.080992028387935e-14,7484.538922892781,-1319.726150268671,0.0,0.0,0.0,0.0,0.0,0.0,0.0,0.0,0.0,0,True,250.0
b712773f15e0f684,20270301_h250_r0_p90_y80_TPMC_N400000_S101,101,sample,3146,triangle_3146,body,0.21299999999993954,0.006976702779582881,-0.020606975867258983,1.0,1.1551327557400976e-14,-2.9482699127829356e-12,1.0500469864976797e-05,-8.080992028387935e-14,7484.538922892781,-1319.726150268671,0.0,0.0,0.0,0.0,0.0,0.0,0.0,0.0,0.0,0,True,250.0
b712773f15e0f684,20270301_h250_r0_p90_y80_TPMC_N400000_S101,101,sample,3147,triangle_3147,body,0.2129999999999936,-0.024335140948702105,-0.0021799431844132214,1.0,-8.370559369455905e-15,-2.9397547525424577e-12,8.79237507307196e-06,-8.080992028387935e-14,7484.538922892781,-1319.726150268671,0.0,0.0,0.0,0.0,0.0,0.0,0.0,0.0,0.0,0,True,250.0
b712773f15e0f684,20270301_h250_r0_p90_y80_TPMC_N400000_S101,101,sample,3148,triangle_3148,body,0.21300000000005914,-0.015244976261394094,0.020142836149769184,1.0,1.3529176206856293e-14,-2.9478270499353816e-12,1.0006212815596379e-05,-8.080992028387935e-14,7484.538922892781,-1319.726150268671,0.0,0.0,0.0,0.0,0.0,0.0,0.0,0.0,0.0,0,True,250.0
b712773f15e0f684,20270301_h250_r0_p90_y80_TPMC_N400000_S101,101,sample,3149,triangle_3149,body,0.21299999999993555,-0.014093794073544214,-0.02197620176120514,1.0,1.2481398527230132e-15,-2.932020950137716e-12,1.042725818254582e-05,-8.080992028387935e-14,7484.538922892781,-1319.726150268671,0.0,0.0,0.0,0.0,0.0,0.0,0.0,0.0,0.0,0,True,250.0
b712773f15e0f684,20270301_h250_r0_p90_y80_TPMC_N400000_S101,101,sample,3150,triangle_3150,body,0.21299999999997368,0.022013189629424834,-0.008967588580026704,0.9999999999999999,1.1658871394624079e-15,-2.9284059074570656e-12,1.1811408184484591e-05,-8.080992028387935e-14,7484.538922892781,-1319.726150268671,0.0,0.0,0.0,0.0,0.0,0.0,0.0,0.0,0.0,0,True,250.0
b712773f15e0f684,20270301_h250_r0_p90_y80_TPMC_N400000_S101,101,sample,3151,triangle_3151,body,0.21299999999995115,-0.018166380632243507,-0.0166456552241802,1.0,-7.324778070446368e-15,-2.927388297848414e-12,9.027983831240973e-06,-8.080992028387935e-14,7484.538922892781,-1319.726150268671,0.0,0.0,0.0,0.0,0.0,0.0,0.0,0.0,0.0,0,True,250.0
b712773f15e0f684,20270301_h250_r0_p90_y80_TPMC_N400000_S101,101,sample,3152,triangle_3152,body,0.21299999999993494,-0.003917318412947968,-0.022165879280629533,1.0,1.743661920813173e-14,-2.9621237039469804e-12,9.45619798805711e-06,-8.080992028387935e-14,7484.538922892781,-1319.726150268671,0.0,0.0,0.0,0.0,0.0,0.0,0.0,0.0,0.0,0,True,250.0
b712773f15e0f684,20270301_h250_r0_p90_y80_TPMC_N400000_S101,101,sample,3153,triangle_3153,body,0.212999999999986,0.02822601814350216,-0.0047399557593165295,0.9999999999999999,-5.9027525185739906e-15,-2.9395290679410515e-12,1.102392705637461e-05,-8.080992028387935e-14,7484.538922892781,-1319.726150268671,0.0,0.0,0.0,0.0,0.0,0.0,0.0,0.0,0.0,0,True,250.0
b712773f15e0f684,20270301_h250_r0_p90_y80_TPMC_N400000_S101,101,sample,3154,triangle_3154,body,0.212999999999978,0.029419884575291284,-0.007472673268034295,1.0,-1.3361181375416503e-14,-2.9186376536335544e-12,1.0535421728178782e-05,-8.080992028387935e-14,7484.538922892781,-1319.726150268671,0.0,0.0,0.0,0.0,0.0,0.0,0.0,0.0,0.0,0,True,250.0
b712773f15e0f684,20270301_h250_r0_p90_y80_TPMC_N400000_S101,101,sample,3155,triangle_3155,body,0.21300000000004202,-0.016843021984911197,0.014314161062259209,1.0,5.90051982601431e-15,-2.936195375786606e-12,1.1375929743569618e-05,-8.080992028387935e-14,7484.538922892781,-1319.726150268671,0.0,0.0,0.0,0.0,0.0,0.0,0.0,0.0,0.0,0,True,250.0
b712773f15e0f684,20270301_h250_r0_p90_y80_TPMC_N400000_S101,101,sample,3156,triangle_3156,body,0.21300000000004762,-0.01877109761551453,0.0162295735567176,1.0,5.370030563825893e-15,-2.935666279522347e-12,1.142019417188533e-05,-8.080992028387935e-14,7484.538922892781,-1319.726150268671,0.0,0.0,0.0,0.0,0.0,0.0,0.0,0.0,0.0,0,True,250.0
b712773f15e0f684,20270301_h250_r0_p90_y80_TPMC_N400000_S101,101,sample,3157,triangle_3157,body,0.2130000000000115,0.026038453743545627,0.003920426081226802,1.0,-4.177528824185847e-15,-2.94082218042446e-12,9.3356105167907e-06,-8.080992028387935e-14,7484.538922892781,-1319.726150268671,0.0,0.0,0.0,0.0,0.0,0.0,0.0,0.0,0.0,0,True,250.0
b712773f15e0f684,20270301_h250_r0_p90_y80_TPMC_N400000_S101,101,sample,3158,triangle_3158,body,0.2130000000000296,-0.019923847551598844,0.010106118872165443,1.0,-1.0664607116892176e-14,-2.946763047116668e-12,9.72961135135359e-06,-8.080992028387935e-14,7484.538922892781,-1319.726150268671,0.0,0.0,0.0,0.0,0.0,0.0,0.0,0.0,0.0,0,True,250.0
b712773f15e0f684,20270301_h250_r0_p90_y80_TPMC_N400000_S101,101,sample,3159,triangle_3159,body,0.21299999999994937,-0.01380302016624928,-0.017250648873353373,1.0,5.349202824159778e-15,-2.9305124457821907e-12,9.335378896754706e-06,-8.080992028387935e-14,7484.538922892781,-1319.726150268671,0.0,0.0,0.0,0.0,0.0,0.0,0.0,0.0,0.0,0,True,250.0
b712773f15e0f684,20270301_h250_r0_p90_y80_TPMC_N400000_S101,101,sample,3160,triangle_3160,body,0.2129999999999627,-0.015626498755974407,-0.01269210171549289,1.0,-5.881690321307734e-16,-2.917389825777504e-12,1.0236488711833719e-05,-8.080992028387935e-14,7484.538922892781,-1319.726150268671,0.0,0.0,0.0,0.0,0.0,0.0,0.0,0.0,0.0,0,True,250.0
b712773f15e0f684,20270301_h250_r0_p90_y80_TPMC_N400000_S101,101,sample,3161,triangle_3161,body,0.21299999999991184,0.005042674565203899,-0.03003654579946652,0.9999999999999999,6.3355501688185e-15,-2.927641076565148e-12,9.725502267900583e-06,-8.080992028387935e-14,7484.538922892781,-1319.726150268671,0.0,0.0,0.0,0.0,0.0,0.0,0.0,0.0,0.0,0,True,250.0
b712773f15e0f684,20270301_h250_r0_p90_y80_TPMC_N400000_S101,101,sample,3162,triangle_3162,body,0.2129999999999215,-0.01456866959890124,-0.026763715991925285,1.0,-6.3706464572771095e-15,-2.932011122998651e-12,9.607156709297736e-06,-8.080992028387935e-14,7484.538922892781,-1319.726150268671,0.0,0.0,0.0,0.0,0.0,0.0,0.0,0.0,0.0,0,True,250.0
b712773f15e0f684,20270301_h250_r0_p90_y80_TPMC_N400000_S101,101,sample,3163,triangle_3163,body,0.21299999999992217,0.014352150677947024,-0.02652701057477028,1.0,-8.359204463124951e-16,-2.9520052657263115e-12,1.2059031580030995e-05,-8.080992028387935e-14,7484.538922892781,-1319.726150268671,0.0,0.0,0.0,0.0,0.0,0.0,0.0,0.0,0.0,0,True,250.0
b712773f15e0f684,20270301_h250_r0_p90_y80_TPMC_N400000_S101,101,sample,3164,triangle_3164,body,0.2129999999999287,-0.015926217677264334,-0.02430552695516336,1.0,-3.4066600628571935e-15,-2.9375180381720134e-12,8.82672468234567e-06,-8.080992028387935e-14,7484.538922892781,-1319.726150268671,0.0,0.0,0.0,0.0,0.0,0.0,0.0,0.0,0.0,0,True,250.0
b712773f15e0f684,20270301_h250_r0_p90_y80_TPMC_N400000_S101,101,sample,3165,triangle_3165,body,0.2129999999999297,0.015651367588062987,-0.023959688389980468,0.9999999999999999,1.8203664656199256e-14,-2.9212109468353503e-12,1.0709552826187367e-05,-8.080992028387935e-14,7484.538922892781,-1319.726150268671,0.0,0.0,0.0,0.0,0.0,0.0,0.0,0.0,0.0,0,True,250.0
b712773f15e0f684,20270301_h250_r0_p90_y80_TPMC_N400000_S101,101,sample,3166,triangle_3166,body,0.21300000000008237,0.006993414505638094,0.028076357795743825,1.0,-1.7662564865476127e-14,-2.9413046804740053e-12,1.0500596321427633e-05,-8.080992028387935e-14,7484.538922892781,-1319.726150268671,0.0,0.0,0.0,0.0,0.0,0.0,0.0,0.0,0.0,0,True,250.0
b712773f15e0f684,20270301_h250_r0_p90_y80_TPMC_N400000_S101,101,sample,3167,triangle_3167,body,0.21300000000008187,-0.007177053829805758,0.027875801710122747,1.0,1.5466033683910762e-14,-2.93422020709241e-12,1.2320128104363225e-05,-8.080992028387935e-14,7484.538922892781,-1319.726150268671,0.0,0.0,0.0,0.0,0.0,0.0,0.0,0.0,0.0,0,True,250.0
b712773f15e0f684,20270301_h250_r0_p90_y80_TPMC_N400000_S101,101,sample,3168,triangle_3168,body,0.21299999999991756,0.007065934763067538,-0.028083278019265547,1.0,-4.865123151274277e-15,-2.93840994990851e-12,9.208757748831049e-06,-8.080992028387935e-14,7484.538922892781,-1319.726150268671,0.0,0.0,0.0,0.0,0.0,0.0,0.0,0.0,0.0,0,True,250.0
b712773f15e0f684,20270301_h250_r0_p90_y80_TPMC_N400000_S101,101,sample,3169,triangle_3169,body,0.21299999999991556,0.00242350296962156,-0.028776628508161855,1.0,-1.842373858702987e-15,-2.9235131993018945e-12,1.0293840605636981e-05,-8.080992028387935e-14,7484.538922892781,-1319.726150268671,0.0,0.0,0.0,0.0,0.0,0.0,0.0,0.0,0.0,0,True,250.0
b712773f15e0f684,20270301_h250_r0_p90_y80_TPMC_N400000_S101,101,sample,3170,triangle_3170,body,0.21300000000007846,0.01447134941180849,0.026714388212641393,1.0,-1.4108299251069433e-14,-2.9463090544487814e-12,1.0313833660025506e-05,-8.080992028387935e-14,7484.538922892781,-1319.726150268671,0.0,0.0,0.0,0.0,0.0,0.0,0.0,0.0,0.0,0,True,250.0
b712773f15e0f684,20270301_h250_r0_p90_y80_TPMC_N400000_S101,101,sample,3171,triangle_3171,body,0.21299999999992247,-0.011699894429283203,-0.026427709152284384,1.0,1.4621235220600292e-14,-2.9284991186489882e-12,1.0460899947138768e-05,-8.080992028387935e-14,7484.538922892781,-1319.726150268671,0.0,0.0,0.0,0.0,0.0,0.0,0.0,0.0,0.0,0,True,250.0
b712773f15e0f684,20270301_h250_r0_p90_y80_TPMC_N400000_S101,101,sample,3172,triangle_3172,body,0.21299999999992295,0.011453101312490825,-0.026263573642485005,1.0,-6.1414690685201925e-15,-2.9518891194346615e-12,1.0964751201703168e-05,-8.080992028387935e-14,7484.538922892781,-1319.726150268671,0.0,0.0,0.0,0.0,0.0,0.0,0.0,0.0,0.0,0,True,250.0
b712773f15e0f684,20270301_h250_r0_p90_y80_TPMC_N400000_S101,101,sample,3173,triangle_3173,body,0.21299999999993954,0.02238732006543448,-0.020608979794388638,1.0,-1.2562643493878212e-14,-2.940654272869663e-12,9.945417925265647e-06,-8.080992028387935e-14,7484.538922892781,-1319.726150268671,0.0,0.0,0.0,0.0,0.0,0.0,0.0,0.0,0.0,0,True,250.0
b712773f15e0f684,20270301_h250_r0_p90_y80_TPMC_N400000_S101,101,sample,3174,triangle_3174,body,0.21299999999993988,-0.02229255586244318,-0.020499823722694852,1.0,8.0734819744606225e-16,-2.9227437260084716e-12,1.107710030997135e-05,-8.080992028387935e-14,7484.538922892781,-1319.726150268671,0.0,0.0,0.0,0.0,0.0,0.0,0.0,0.0,0.0,0,True,250.0
b712773f15e0f684,20270301_h250_r0_p90_y80_TPMC_N400000_S101,101,sample,3175,triangle_3175,body,0.21299999999993768,-0.019543185367391958,-0.02123817758565444,0.9999999999999999,4.1227244279525116e-15,-2.9236316514087066e-12,1.0250595611285155e-05,-8.080992028387935e-14,7484.538922892781,-1319.726150268671,0.0,0.0,0.0,0.0,0.0,0.0,0.0,0.0,0.0,0,True,250.0
b712773f15e0f684,20270301_h250_r0_p90_y80_TPMC_N400000_S101,101,sample,3176,triangle_3176,body,0.21299999999993766,0.019579618402130527,-0.021238200509313233,1.0,-1.2239253899459916e-15,-2.9381132066928404e-12,9.945417437904695e-06,-8.080992028387935e-14,7484.538922892781,-1319.726150268671,0.0,0.0,0.0,0.0,0.0,0.0,0.0,0.0,0.0,0,True,250.0
b712773f15e0f684,20270301_h250_r0_p90_y80_TPMC_N400000_S101,101,sample,3177,triangle_3177,body,0.21299999999994793,0.022552679260236592,-0.017743832162959806,1.0,-1.3548727459754836e-14,-2.9477653983445776e-12,9.830393319294986e-06,-8.080992028387935e-14,7484.538922892781,-1319.726150268671,0.0,0.0,0.0,0.0,0.0,0.0,0.0,0.0,0.0,0,True,250.0
b712773f15e0f684,20270301_h250_r0_p90_y80_TPMC_N400000_S101,101,sample,3178,triangle_3178,body,0.2129999999999482,-0.02268776939316941,-0.017649751302836757,1.0,2.8907035323700663e-16,-2.9201270626484506e-12,1.0223246305007164e-05,-8.080992028387935e-14,7484.538922892781,-1319.726150268671,0.0,0.0,0.0,0.0,0.0,0.0,0.0,0.0,0.0,0,True,250.0
b712773f15e0f684,20270301_h250_r0_p90_y80_TPMC_N400000_S101,101,sample,3179,triangle_3179,body,0.21300000000007793,0.01166142904799017,0.02655044006552527,0.9999999999999999,2.7395777778179487e-15,-2.944620412131676e-12,9.70486138625425e-06,-8.080992028387935e-14,7484.538922892781,-1319.726150268671,0.0,0.0,0.0,0.0,0.0,0.0,0.0,0.0,0.0,0,True,250.0
b712773f15e0f684,20270301_h250_r0_p90_y80_TPMC_N400000_S101,101,sample,3180,triangle_3180,body,0.21300000000006167,0.01958143068193596,0.021006046188463395,1.0,8.625893171832307e-15,-2.9452341206979095e-12,1.0654983968692937e-05,-8.080992028387935e-14,7484.538922892781,-1319.726150268671,0.0,0.0,0.0,0.0,0.0,0.0,0.0,0.0,0.0,0,True,250.0
b712773f15e0f684,20270301_h250_r0_p90_y80_TPMC_N400000_S101,101,sample,3181,triangle_3181,body,0.213000000000052,0.022955478178821848,0.01771640988031481,1.0,-4.615279533139624e-15,-2.9196013961369557e-12,9.002386560394412e-06,-8.080992028387935e-14,7484.538922892781,-1319.726150268671,0.0,0.0,0.0,0.0,0.0,0.0,0.0,0.0,0.0,0,True,250.0
b712773f15e0f684,20270301_h250_r0_p90_y80_TPMC_N400000_S101,101,sample,3182,triangle_3182,body,0.2130000000000489,0.025497331890762604,0.016660247026450935,1.0,1.3308881385331184e-14,-2.926674527577781e-12,9.718259911314192e-06,-8.080992028387935e-14,7484.538922892781,-1319.726150268671,0.0,0.0,0.0,0.0,0.0,0.0,0.0,0.0,0.0,0,True,250.0
b712773f15e0f684,20270301_h250_r0_p90_y80_TPMC_N400000_S101,101,sample,3183,triangle_3183,body,0.21300000000006983,0.018598512800059253,0.023778805952695967,1.0,7.174793040649199e-15,-2.9419704687335876e-12,1.1841723028798265e-05,-8.080992028387935e-14,7484.538922892781,-1319.726150268671,0.0,0.0,0.0,0.0,0.0,0.0,0.0,0.0,0.0,0,True,250.0
b712773f15e0f684,20270301_h250_r0_p90_y80_TPMC_N400000_S101,101,sample,3184,triangle_3184,body,0.21300000000008779,-0.0048936818279475105,0.029904240219617902,1.0,8.56183484153963e-15,-2.940982473573324e-12,1.0946795735956797e-05,-8.080992028387935e-14,7484.538922892781,-1319.726150268671,0.0,0.0,0.0,0.0,0.0,0.0,0.0,0.0,0.0,0,True,250.0
b712773f15e0f684,20270301_h250_r0_p90_y80_TPMC_N400000_S101,101,sample,3185,triangle_3185,body,0.21300000000008787,0.004881025306145173,0.029930136790774383,0.9999999999999999,-9.922141040061828e-15,-2.9491343443911537e-12,1.076197483697373e-05,-8.080992028387935e-14,7484.538922892781,-1319.726150268671,0.0,0.0,0.0,0.0,0.0,0.0,0.0,0.0,0.0,0,True,250.0
b712773f15e0f684,20270301_h250_r0_p90_y80_TPMC_N400000_S101,101,sample,3186,triangle_3186,body,0.21300000000004068,0.02542094232152531,0.013847843482419497,1.0,1.3190315793198542e-14,-2.9296878811673603e-12,9.442869135951967e-06,-8.080992028387935e-14,7484.538922892781,-1319.726150268671,0.0,0.0,0.0,0.0,0.0,0.0,0.0,0.0,0.0,0,True,250.0
b712773f15e0f684,20270301_h250_r0_p90_y80_TPMC_N400000_S101,101,sample,3187,triangle_3187,body,0.2130000000000001,-0.028803225122689513,4.2653830066342924e-05,1.0,-1.237365540618253e-15,-2.9497447637662627e-12,1.037957064229882e-05,-8.080992028387935e-14,7484.538922892781,-1319.726150268671,0.0,0.0,0.0,0.0,0.0,0.0,0.0,0.0,0.0,0,True,250.0
b712773f15e0f684,20270301_h250_r0_p90_y80_TPMC_N400000_S101,101,sample,3188,triangle_3188,body,0.2130000000000075,-0.03024189680651203,0.0025345062912046456,1.0,-5.2081108860219724e-15,-2.9426382134483414e-12,1.0584057058805403e-05,-8.080992028387935e-14,7484.538922892781,-1319.726150268671,0.0,0.0,0.0,0.0,0.0,0.0,0.0,0.0,0.0,0,True,250.0
b712773f15e0f684,20270301_h250_r0_p90_y80_TPMC_N400000_S101,101,sample,3189,triangle_3189,body,0.21300000000002214,-0.029247091593936615,0.007538079494712688,0.9999999999999999,6.16061700212233e-15,-2.9290327762369865e-12,1.1728549670822405e-05,-8.080992028387935e-14,7484.538922892781,-1319.726150268671,0.0,0.0,0.0,0.0,0.0,0.0,0.0,0.0,0.0,0,True,250.0
b712773f15e0f684,20270301_h250_r0_p90_y80_TPMC_N400000_S101,101,sample,3190,triangle_3190,body,0.21300000000002173,0.02937067834759093,0.007400126900713907,1.0,-2.3762349706568784e-15,-2.92807444058675e-12,1.1051510970988724e-05,-8.080992028387935e-14,7484.538922892781,-1319.726150268671,0.0,0.0,0.0,0.0,0.0,0.0,0.0,0.0,0.0,0,True,250.0
b712773f15e0f684,20270301_h250_r0_p90_y80_TPMC_N400000_S101,101,sample,3191,triangle_3191,body,0.21300000000002836,-0.02715162680880419,0.009658189790549198,1.0,5.3334678816260536e-15,-2.9299884545473544e-12,1.0569896017620265e-05,-8.080992028387935e-14,7484.538922892781,-1319.726150268671,0.0,0.0,0.0,0.0,0.0,0.0,0.0,0.0,0.0,0,True,250.0
b712773f15e0f684,20270301_h250_r0_p90_y80_TPMC_N400000_S101,101,sample,3192,triangle_3192,body,0.21300000000002747,0.02720374846582534,0.009353675362879005,1.0,8.34423161166891e-15,-2.9379907689705e-12,1.091215229240452e-05,-8.080992028387935e-14,7484.538922892781,-1319.726150268671,0.0,0.0,0.0,0.0,0.0,0.0,0.0,0.0,0.0,0,True,250.0
b712773f15e0f684,20270301_h250_r0_p90_y80_TPMC_N400000_S101,101,sample,3193,triangle_3193,body,0.21300000000008534,0.002269375082910434,0.029088813395988882,1.0,1.8641728801817653e-14,-2.9388923932702738e-12,8.55023072215106e-06,-8.080992028387935e-14,7484.538922892781,-1319.726150268671,0.0,0.0,0.0,0.0,0.0,0.0,0.0,0.0,0.0,0,True,250.0
b712773f15e0f684,20270301_h250_r0_p90_y80_TPMC_N400000_S101,101,sample,3194,triangle_3194,body,0.21300000000008532,-0.00230104122107217,0.029062916824832443,1.0,-1.2067680370260566e-14,-2.9335390975987285e-12,8.589445522520179e-06,-8.080992028387935e-14,7484.538922892781,-1319.726150268671,0.0,0.0,0.0,0.0,0.0,0.0,0.0,0.0,0.0,0,True,250.0
b712773f15e0f684,20270301_h250_r0_p90_y80_TPMC_N400000_S101,101,sample,3195,triangle_3195,body,0.21300000000005948,0.004851695737818381,0.020253949822747714,0.9999999999999999,4.556582217870864e-15,-2.933912851516859e-12,9.86650231165636e-06,-8.080992028387935e-14,7484.538922892781,-1319.726150268671,0.0,0.0,0.0,0.0,0.0,0.0,0.0,0.0,0.0,0,True,250.0
b712773f15e0f684,20270301_h250_r0_p90_y80_TPMC_N400000_S101,101,sample,3196,triangle_3196,body,0.21300000000000016,0.028749998269132566,6.303144800478358e-05,1.0,-6.2828921571534e-15,-2.946089449781503e-12,1.023389438663766e-05,-8.080992028387935e-14,7484.538922892781,-1319.726150268671,0.0,0.0,0.0,0.0,0.0,0.0,0.0,0.0,0.0,0,True,250.0
b712773f15e0f684,20270301_h250_r0_p90_y80_TPMC_N400000_S101,101,sample,3197,triangle_3197,body,0.21300000000005237,-0.023072628368319133,0.01784205571418468,1.0,-3.807092893574027e-15,-2.9280826067830192e-12,8.480859313917164e-06,-8.080992028387935e-14,7484.538922892781,-1319.726150268671,0.0,0.0,0.0,0.0,0.0,0.0,0.0,0.0,0.0,0,True,250.0
b712773f15e0f684,20270301_h250_r0_p90_y80_TPMC_N400000_S101,101,sample,3198,triangle_3198,body,0.21300000000004138,-0.02558144814564832,0.014099150009390939,1.0,-6.999712472873651e-15,-2.9453462140207566e-12,8.184280090242613e-06,-8.080992028387935e-14,7484.538922892781,-1319.726150268671,0.0,0.0,0.0,0.0,0.0,0.0,0.0,0.0,0.0,0,True,250.0
b712773f15e0f684,20270301_h250_r0_p90_y80_TPMC_N400000_S101,101,sample,3199,triangle_3199,body,0.21300000000000405,-0.021524280954166492,0.0013802654130376044,1.0,1.3891247588429972e-14,-2.9342934464272248e-12,9.880913212252592e-06,-8.080992028387935e-14,7484.538922892781,-1319.726150268671,0.0,0.0,0.0,0.0,0.0,0.0,0.0,0.0,0.0,0,True,250.0
b712773f15e0f684,20270301_h250_r0_p90_y80_TPMC_N400000_S101,101,sample,3200,triangle_3200,body,0.21299999999994232,-0.01495001993763953,-0.019671549882432058,1.0,2.850309071587221e-15,-2.935774732810175e-12,9.401758784762247e-06,-8.080992028387935e-14,7484.538922892781,-1319.726150268671,0.0,0.0,0.0,0.0,0.0,0.0,0.0,0.0,0.0,0,True,250.0
b712773f15e0f684,20270301_h250_r0_p90_y80_TPMC_N400000_S101,101,sample,3201,triangle_3201,body,0.21300000000007058,-0.01863932322920565,0.024025558617978893,1.0,-9.687752085668912e-15,-2.9387418187825554e-12,1.0110211321263268e-05,-8.080992028387935e-14,7484.538922892781,-1319.726150268671,0.0,0.0,0.0,0.0,0.0,0.0,0.0,0.0,0.0,0,True,250.0
b712773f15e0f684,20270301_h250_r0_p90_y80_TPMC_N400000_S101,101,sample,3202,triangle_3202,body,0.2130000000000074,0.030373631724665104,0.0025168308017437763,1.0,-4.6984199717118135e-15,-2.943459091973283e-12,9.56128398164817e-06,-8.080992028387935e-14,7484.538922892781,-1319.726150268671,0.0,0.0,0.0,0.0,0.0,0.0,0.0,0.0,0.0,0,True,250.0
b712773f15e0f684,20270301_h250_r0_p90_y80_TPMC_N400000_S101,101,sample,3203,triangle_3203,body,0.21300000000007815,-0.01203812678294374,0.026611336074193064,1.0,-7.216312126203587e-15,-2.9358709746731334e-12,8.537383380706025e-06,-8.080992028387935e-14,7484.538922892781,-1319.726150268671,0.0,0.0,0.0,0.0,0.0,0.0,0.0,0.0,0.0,0,True,250.0
b712773f15e0f684,20270301_h250_r0_p90_y80_TPMC_N400000_S101,101,sample,3204,triangle_3204,body,0.21299999999991706,-0.007112162843375872,-0.02826444989663617,1.0,8.558479873142157e-16,-2.917524597684096e-12,9.196499203705721e-06,-8.080992028387935e-14,7484.538922892781,-1319.726150268671,0.0,0.0,0.0,0.0,0.0,0.0,0.0,0.0,0.0,0,True,250.0
b712773f15e0f684,20270301_h250_r0_p90_y80_TPMC_N400000_S101,101,sample,3205,triangle_3205,body,0.2129999999999148,-0.002473509215140751,-0.029030370292901213,1.0,1.0109534032646104e-14,-2.928056331541037e-12,9.215498853727746e-06,-8.080992028387935e-14,7484.538922892781,-1319.726150268671,-2.4891189581938186e-09,3.1764709767460723e-08,-1.3761684661845924e-09,8.775817134091805e-10,3.617785067064112e-10,6.76325916057943e-09,8.775817134091805e-10,3.617785067064112e-10,6.76325916057943e-09,1,False,250.0
b712773f15e0f684,20270301_h250_r0_p90_y80_TPMC_N400000_S101,101,sample,3206,triangle_3206,body,0.21299999999996347,-0.02785787985187313,-0.012450729746693956,1.0,4.169742607896618e-15,-2.9297217908580996e-12,9.284165998215214e-06,-8.080992028387935e-14,7484.538922892781,-1319.726150268671,0.0,0.0,0.0,0.0,0.0,0.0,0.0,0.0,0.0,0,True,250.0
b712773f15e0f684,20270301_h250_r0_p90_y80_TPMC_N400000_S101,101,sample,3207,triangle_3207,body,0.21300000000007224,-0.016081581768100112,0.024595666531500165,1.0,1.2933989870763478e-14,-2.936731622726067e-12,7.743518245034455e-06,-8.080992028387935e-14,7484.538922892781,-1319.726150268671,0.0,0.0,0.0,0.0,0.0,0.0,0.0,0.0,0.0,0,True,250.0
b712773f15e0f684,20270301_h250_r0_p90_y80_TPMC_N400000_S101,101,sample,3208,triangle_3208,body,0.21300000000002672,-0.024478107474208064,0.009108331799157704,1.0,1.4981726003178858e-14,-2.932577266344164e-12,8.640445783807056e-06,-8.080992028387935e-14,7484.538922892781,-1319.726150268671,0.0,0.0,0.0,0.0,0.0,0.0,0.0,0.0,0.0,0,True,250.0
b712773f15e0f684,20270301_h250_r0_p90_y80_TPMC_N400000_S101,101,sample,3209,triangle_3209,body,0.21300000000006225,0.0073490420119349835,0.021198652230211137,0.9999999999999999,-2.462199448124127e-16,-2.936123211059375e-12,7.346873775223824e-06,-8.080992028387935e-14,7484.538922892781,-1319.726150268671,0.0,0.0,0.0,0.0,0.0,0.0,0.0,0.0,0.0,0,True,250.0
b712773f15e0f684,20270301_h250_r0_p90_y80_TPMC_N400000_S101,101,sample,3210,triangle_3210,body,0.2130000000000646,0.0023882044685367867,0.02201260958890997,0.9999999999999999,9.057904619310427e-16,-2.930299442884453e-12,1.2061845602551432e-05,-8.080992028387935e-14,7484.538922892781,-1319.726150268671,0.0,0.0,0.0,0.0,0.0,0.0,0.0,0.0,0.0,0,True,250.0
b712773f15e0f684,20270301_h250_r0_p90_y80_TPMC_N400000_S101,101,sample,3211,triangle_3211,body,0.21300000000004915,-0.025586372618252525,0.01674499171975104,1.0,-8.578833268359087e-15,-2.9297648221250164e-12,8.765857496660407e-06,-8.080992028387935e-14,7484.538922892781,-1319.726150268671,0.0,0.0,0.0,0.0,0.0,0.0,0.0,0.0,0.0,0,True,250.0
b712773f15e0f684,20270301_h250_r0_p90_y80_TPMC_N400000_S101,101,sample,3212,triangle_3212,body,0.21300000000006938,0.007936867930027673,0.023640712227449946,1.0,-2.2904888117510357e-16,-2.9360150728460534e-12,8.057143318645017e-06,-8.080992028387935e-14,7484.538922892781,-1319.726150268671,0.0,0.0,0.0,0.0,0.0,0.0,0.0,0.0,0.0,0,True,250.0
b712773f15e0f684,20270301_h250_r0_p90_y80_TPMC_N400000_S101,101,sample,3213,triangle_3213,body,0.21300000000005528,0.017850160531533904,0.018825872136154363,1.0,1.558881463413704e-14,-2.9372047059051466e-12,8.544014552613354e-06,-8.080992028387935e-14,7484.538922892781,-1319.726150268671,0.0,0.0,0.0,0.0,0.0,0.0,0.0,0.0,0.0,0,True,250.0
b712773f15e0f684,20270301_h250_r0_p90_y80_TPMC_N400000_S101,101,sample,3214,triangle_3214,body,0.21300000000004557,-0.014025222853148367,0.01552952030571698,1.0,-9.417799801153998e-16,-2.938245245829923e-12,9.771390981876193e-06,-8.080992028387935e-14,7484.538922892781,-1319.726150268671,0.0,0.0,0.0,0.0,0.0,0.0,0.0,0.0,0.0,0,True,250.0
b712773f15e0f684,20270301_h250_r0_p90_y80_TPMC_N400000_S101,101,sample,3215,triangle_3215,body,0.21300000000004612,-0.02134709107420069,0.015715259828038664,1.0,3.017711789380091e-15,-2.9358928160609325e-12,9.353247316112624e-06,-8.080992028387935e-14,7484.538922892781,-1319.726150268671,0.0,0.0,0.0,0.0,0.0,0.0,0.0,0.0,0.0,0,True,250.0
b712773f15e0f684,20270301_h250_r0_p90_y80_TPMC_N400000_S101,101,sample,3216,triangle_3216,body,0.21300000000005795,0.00969483591601956,0.019733151203655794,1.0,-5.338537972539192e-15,-2.9326212270027416e-12,9.10562540088328e-06,-8.080992028387935e-14,7484.538922892781,-1319.726150268671,0.0,0.0,0.0,0.0,0.0,0.0,0.0,0.0,0.0,0,True,250.0
b712773f15e0f684,20270301_h250_r0_p90_y80_TPMC_N400000_S101,101,sample,3217,triangle_3217,body,0.21300000000006256,-0.019650350573089677,0.02129369999431599,1.0,-1.0037788722938529e-14,-2.939932834910226e-12,1.0563096367351594e-05,-8.080992028387935e-14,7484.538922892781,-1319.726150268671,0.0,0.0,0.0,0.0,0.0,0.0,0.0,0.0,0.0,0,True,250.0
b712773f15e0f684,20270301_h250_r0_p90_y80_TPMC_N400000_S101,101,sample,3218,triangle_3218,body,0.21299999999997077,-0.027209618915565975,-0.009960872202073041,1.0,2.175431271753968e-15,-2.9355125381431258e-12,9.223095978318339e-06,-8.080992028387935e-14,7484.538922892781,-1319.726150268671,0.0,0.0,0.0,0.0,0.0,0.0,0.0,0.0,0.0,0,True,250.0
b712773f15e0f684,20270301_h250_r0_p90_y80_TPMC_N400000_S101,101,sample,3219,triangle_3219,body,0.213000000000067,-0.014543351613455742,0.022808008919308165,1.0,1.519688666772817e-14,-2.9390506187626462e-12,7.662954521924633e-06,-8.080992028387935e-14,7484.538922892781,-1319.726150268671,0.0,0.0,0.0,0.0,0.0,0.0,0.0,0.0,0.0,0,True,250.0
b712773f15e0f684,20270301_h250_r0_p90_y80_TPMC_N400000_S101,101,sample,3220,triangle_3220,body,0.21300000000006644,-0.0029106838241031545,0.022628776291821754,1.0,1.0504099252879435e-14,-2.9525911295868234e-12,9.344934765101978e-06,-8.080992028387935e-14,7484.538922892781,-1319.726150268671,0.0,0.0,0.0,0.0,0.0,0.0,0.0,0.0,0.0,0,True,250.0
b712773f15e0f684,20270301_h250_r0_p90_y80_TPMC_N400000_S101,101,sample,3221,triangle_3221,body,0.21300000000006317,-0.005626535871246195,0.021512993766820445,1.0,1.0514093333266457e-14,-2.952585001612686e-12,8.259388021114134e-06,-8.080992028387935e-14,7484.538922892781,-1319.726150268671,0.0,0.0,0.0,0.0,0.0,0.0,0.0,0.0,0.0,0,True,250.0
b712773f15e0f684,20270301_h250_r0_p90_y80_TPMC_N400000_S101,101,sample,3222,triangle_3222,body,0.21299999999994346,0.009642469429559373,-0.019264228387117898,1.0,8.941525425745062e-15,-2.949512590710604e-12,9.298464302593214e-06,-8.080992028387935e-14,7484.538922892781,-1319.726150268671,0.0,0.0,0.0,0.0,0.0,0.0,0.0,0.0,0.0,0,True,250.0
b712773f15e0f684,20270301_h250_r0_p90_y80_TPMC_N400000_S101,101,sample,3223,triangle_3223,body,0.21300000000005637,-0.017794233759922493,0.019198635138298285,1.0,1.0208192159745326e-15,-2.950401210917431e-12,1.035629327436036e-05,-8.080992028387935e-14,7484.538922892781,-1319.726150268671,0.0,0.0,0.0,0.0,0.0,0.0,0.0,0.0,0.0,0,True,250.0
b712773f15e0f684,20270301_h250_r0_p90_y80_TPMC_N400000_S101,101,sample,3224,triangle_3224,body,0.21299999999993027,0.010266970233643391,-0.023765539147764445,1.0,-2.025952286784481e-14,-2.92219657239769e-12,8.297368097807693e-06,-8.080992028387935e-14,7484.538922892781,-1319.726150268671,0.0,0.0,0.0,0.0,0.0,0.0,0.0,0.0,0.0,0,True,250.0
b712773f15e0f684,20270301_h250_r0_p90_y80_TPMC_N400000_S101,101,sample,3225,triangle_3225,body,0.2130000000000621,-0.0004820952404866977,0.0211658458670979,1.0,-1.1294053678623372e-14,-2.9357133731763436e-12,1.150212624444777e-05,-8.080992028387935e-14,7484.538922892781,-1319.726150268671,0.0,0.0,0.0,0.0,0.0,0.0,0.0,0.0,0.0,0,True,250.0
b712773f15e0f684,20270301_h250_r0_p90_y80_TPMC_N400000_S101,101,sample,3226,triangle_3226,body,0.21299999999997687,0.024581914841890328,-0.007867138581050629,1.0,2.0920266735225173e-14,-2.917286222207208e-12,9.26063803132972e-06,-8.080992028387935e-14,7484.538922892781,-1319.726150268671,0.0,0.0,0.0,0.0,0.0,0.0,0.0,0.0,0.0,0,True,250.0
b712773f15e0f684,20270301_h250_r0_p90_y80_TPMC_N400000_S101,101,sample,3227,triangle_3227,body,0.2130000000000708,0.015835056406365944,0.024113358343084656,1.0,-1.776456733526115e-14,-2.939487922968222e-12,1.040673755195295e-05,-8.080992028387935e-14,7484.538922892781,-1319.726150268671,0.0,0.0,0.0,0.0,0.0,0.0,0.0,0.0,0.0,0,True,250.0
b712773f15e0f684,20270301_h250_r0_p90_y80_TPMC_N400000_S101,101,sample,3228,triangle_3228,body,0.21300000000001437,-0.02840789577413,0.0048860689240554965,1.0,5.795308069522673e-15,-2.9280157967802636e-12,1.0724933344611792e-05,-8.080992028387935e-14,7484.538922892781,-1319.726150268671,0.0,0.0,0.0,0.0,0.0,0.0,0.0,0.0,0.0,0,True,250.0
b712773f15e0f684,20270301_h250_r0_p90_y80_TPMC_N400000_S101,101,sample,3229,triangle_3229,body,0.21300000000004735,0.014304470471479638,0.016123736003904612,1.0,-6.566380191949171e-15,-2.9528659098456168e-12,8.772616809221546e-06,-8.080992028387935e-14,7484.538922892781,-1319.726150268671,0.0,0.0,0.0,0.0,0.0,0.0,0.0,0.0,0.0,0,True,250.0
b712773f15e0f684,20270301_h250_r0_p90_y80_TPMC_N400000_S101,101,sample,3230,triangle_3230,body,0.21300000000007446,0.006190773969361916,0.025373254736166997,0.9999999999999999,-1.3148431412308934e-14,-2.922519294487347e-12,1.0144418778407742e-05,-8.080992028387935e-14,7484.538922892781,-1319.726150268671,0.0,0.0,0.0,0.0,0.0,0.0,0.0,0.0,0.0,0,True,250.0
b712773f15e0f684,20270301_h250_r0_p90_y80_TPMC_N400000_S101,101,sample,3231,triangle_3231,body,0.21300000000001393,0.02866321744593749,0.004730440840595186,1.0,-6.390741467129474e-15,-2.941480266235005e-12,9.252695368953312e-06,-8.080992028387935e-14,7484.538922892781,-1319.726150268671,0.0,0.0,0.0,0.0,0.0,0.0,0.0,0.0,0.0,0,True,250.0
b712773f15e0f684,20270301_h250_r0_p90_y80_TPMC_N400000_S101,101,sample,3232,triangle_3232,body,0.2129999999999231,-0.005918816398781721,-0.026196367163445446,1.0,1.0795464730117179e-15,-2.917194343804925e-12,8.248281902229488e-06,-8.080992028387935e-14,7484.538922892781,-1319.726150268671,0.0,0.0,0.0,0.0,0.0,0.0,0.0,0.0,0.0,0,True,250.0
b712773f15e0f684,20270301_h250_r0_p90_y80_TPMC_N400000_S101,101,sample,3233,triangle_3233,body,0.2129999999999217,-0.003006967484464405,-0.02667413491247266,1.0,7.328813372794164e-15,-2.9180606106038344e-12,8.413457646436312e-06,-8.080992028387935e-14,7484.538922892781,-1319.726150268671,0.0,0.0,0.0,0.0,0.0,0.0,0.0,0.0,0.0,0,True,250.0
b712773f15e0f684,20270301_h250_r0_p90_y80_TPMC_N400000_S101,101,sample,3234,triangle_3234,body,0.21300000000002106,-0.020541156932506476,0.007189873301059443,1.0,-9.660285159942032e-15,-2.9236345363290628e-12,9.073726678589799e-06,-8.080992028387935e-14,7484.538922892781,-1319.726150268671,0.0,0.0,0.0,0.0,0.0,0.0,0.0,0.0,0.0,0,True,250.0
b712773f15e0f684,20270301_h250_r0_p90_y80_TPMC_N400000_S101,101,sample,3235,triangle_3235,body,0.21299999999995903,-0.0254066151832803,-0.013957516573495948,1.0,1.3841123827810004e-14,-2.936990981018947e-12,8.151922183487646e-06,-8.080992028387935e-14,7484.538922892781,-1319.726150268671,0.0,0.0,0.0,0.0,0.0,0.0,0.0,0.0,0.0,0,True,250.0
b712773f15e0f684,20270301_h250_r0_p90_y80_TPMC_N400000_S101,101,sample,3236,triangle_3236,body,0.21299999999991115,-0.005058628449677026,-0.030290287584201343,1.0,9.616336072429505e-15,-2.928369104752867e-12,7.73308377970808e-06,-8.080992028387935e-14,7484.538922892781,-1319.726150268671,0.0,0.0,0.0,0.0,0.0,0.0,0.0,0.0,0.0,0,True,250.0
b712773f15e0f684,20270301_h250_r0_p90_y80_TPMC_N400000_S101,101,sample,3237,triangle_3237,body,0.21300000000007913,-0.014677064344396702,0.026949943735773696,1.0,1.1160212966908468e-14,-2.9408614676053055e-12,7.910435959386047e-06,-8.080992028387935e-14,7484.538922892781,-1319.726150268671,0.0,0.0,0.0,0.0,0.0,0.0,0.0,0.0,0.0,0,True,250.0
b712773f15e0f684,20270301_h250_r0_p90_y80_TPMC_N400000_S101,101,sample,3238,triangle_3238,body,0.2130000000000001,-0.02606692353473916,4.124324696646997e-05,1.0,-1.8647353192568122e-15,-2.9498140372962262e-12,8.544410043559054e-06,-8.080992028387935e-14,7484.538922892781,-1319.726150268671,0.0,0.0,0.0,0.0,0.0,0.0,0.0,0.0,0.0,0,True,250.0
b712773f15e0f684,20270301_h250_r0_p90_y80_TPMC_N400000_S101,101,sample,3239,triangle_3239,body,0.2130000000000685,-0.0077144537439996054,0.02332257468594952,1.0,-2.340857380642143e-15,-2.9392296203849945e-12,8.981224599293818e-06,-8.080992028387935e-14,7484.538922892781,-1319.726150268671,0.0,0.0,0.0,0.0,0.0,0.0,0.0,0.0,0.0,0,True,250.0
b712773f15e0f684,20270301_h250_r0_p90_y80_TPMC_N400000_S101,101,sample,3240,triangle_3240,body,0.21299999999994332,-0.01773327502483852,-0.019317405875336174,1.0,-5.775110989787211e-15,-2.934225645119265e-12,8.163297039944666e-06,-8.080992028387935e-14,7484.538922892781,-1319.726150268671,0.0,0.0,0.0,0.0,0.0,0.0,0.0,0.0,0.0,0,True,250.0
b712773f15e0f684,20270301_h250_r0_p90_y80_TPMC_N400000_S101,101,sample,3241,triangle_3241,body,0.21300000000007102,0.010553091259515604,0.024201398174736374,1.0,6.5430011309137934e-15,-2.935204030237645e-12,8.266819415981501e-06,-8.080992028387935e-14,7484.538922892781,-1319.726150268671,0.0,0.0,0.0,0.0,0.0,0.0,0.0,0.0,0.0,0,True,250.0
b712773f15e0f684,20270301_h250_r0_p90_y80_TPMC_N400000_S101,101,sample,3242,triangle_3242,body,0.21299999999995514,-0.015886418130376233,-0.015283267080699983,1.0,-1.709885913612183e-15,-2.9244555359903514e-12,8.48132884643816e-06,-8.080992028387935e-14,7484.538922892781,-1319.726150268671,0.0,0.0,0.0,0.0,0.0,0.0,0.0,0.0,0.0,0,True,250.0
b712773f15e0f684,20270301_h250_r0_p90_y80_TPMC_N400000_S101,101,sample,3243,triangle_3243,body,0.2130000000000748,-0.006351210121867416,0.0254765423372175,1.0,9.463794367610515e-15,-2.9144655287853954e-12,8.460820407127892e-06,-8.080992028387935e-14,7484.538922892781,-1319.726150268671,0.0,0.0,0.0,0.0,0.0,0.0,0.0,0.0,0.0,0,True,250.0
